13 0.8509697175910174 0.8726169844020798 0.11432460020415107 0.08977469670710572
13 0.8108200068050357 0.7961871750433276 0.08914596801633208 0.051993067590987874
1 0.7153793807417489 0.9279029462738302 0.145287512759442 0.14419410745233968
1 0.6750595440626063 0.7989601386481803 0.07825791085403198 0.07625649913344888
1 0.5962912555290915 0.8882149046793761 0.06975161619598502 0.09948006932409012
1 0.5122490643075877 0.9041594454072791 0.0874447090847227 0.055805892547660316
1 0.4596801633208574 0.8374350086655113 0.06600884654644437 0.1317157712305026
13 0.3445049336509017 0.7592720970537262 0.1323579448792106 0.1320623916811092
1 0.5258591357604627 0.7712305025996534 0.07655665192242259 0.12339688041594454
1 0.4588295338550527 0.6930675909878683 0.11330384484518544 0.06412478336221837
13 0.7667574004763524 0.6291161178509532 0.13916298060564816 0.09566724436741768
13 0.6476692752636951 0.6653379549393414 0.06158557332425995 0.10363951473136916
1 0.5821708063967336 0.6195840554592721 0.10343654304185097 0.03986135181975737
1 0.6558353181354202 0.5187175043327557 0.08063967335828513 0.06481802426343154
1 0.5559714188499489 0.48266897746967075 0.05784280367471929 0.06551126516464471
1 0.6017352841102416 0.4421143847487002 0.03980945899965975 0.09185441941074524
1 0.6806736985369173 0.4566724436741768 0.09152773052058523 0.05927209705372617
13 0.4225927186117727 0.2684575389948007 0.10615855733242599 0.11819757365684576
1 0.39145968016332083 0.38942807625649917 0.07859816264035387 0.13275563258232237
13 0.5207553589656345 0.2299826689774697 0.037767948281728476 0.06273830155979203
1 0.5479755018713848 0.12079722703639516 0.07995916978564137 0.028769497400346622
1 0.4504933650901667 0.14766031195840554 0.06464783940115686 0.04436741767764298
1 0.5108880571623001 0.0292894280762565 0.1309969377339231 0.058578856152513
1 0.6839060905069752 0.17227036395147313 0.06532834297380061 0.1074523396880416
1 0.7502551888397414 0.0292894280762565 0.1510717931269139 0.058578856152513
1 0.7739026879891119 0.08752166377816291 0.12215039128955427 0.05649913344887349
1 0.7921061585573324 0.21074523396880418 0.13337870023817625 0.16013864818024265
