1 0.9461963589076723 0.9101949504634068 0.05624187256176853 0.05496963886225631
1 0.9717165149544864 0.8835091083413231 0.05656697009102731 0.11409395973154363
1 0.9317295188556567 0.8622563119207415 0.053966189856957086 0.0530520933205497
1 0.8254226267880365 0.977788430808565 0.08257477243172952 0.044423138382869924
13 0.7638166449934981 0.9837008628954937 0.10370611183355007 0.032598274209012464
1 0.04665149544863459 0.33397251518056886 0.09330299089726918 0.15915627996164908
1 0.05705461638491548 0.23106423777564716 0.11410923276983095 0.1310322786832854
1 0.1381664499349805 0.33541067433684885 0.1378413524057217 0.13454777884308086
1 0.13491547464239273 0.22690955576861618 0.0741222366710013 0.0728667305848514
1 0.18107932379713915 0.19159475870885267 0.07932379713914174 0.07766059443911794
1 0.28023407022106633 0.1975071907957814 0.08972691807542263 0.08756791307126878
1 0.20172301690507152 0.11920741450942793 0.12711313394018206 0.12400127836369447
1 0.2535760728218466 0.09603707254713967 0.14499349804941483 0.14221796100990733
1 0.26820546163849157 0.2652604666027485 0.10013003901170352 0.09843400447427293
13 0.20172301690507152 0.4721955896452541 0.13426527958387516 0.13263023330137425
13 0.34704161248374515 0.37328219878555446 0.1394668400520156 0.13870246085011187
13 0.305591677503251 0.4867369766698626 0.10078023407022108 0.09971236816874401
1 0.47529258777633293 0.2007031000319591 0.11183355006501951 0.10930009587727708
1 0.5417750325097529 0.22371364653243847 0.05884265279583875 0.058165548098434
1 0.5505526657997399 0.170341962288271 0.07379713914174252 0.07222754873761585
1 0.567295188556567 0.3350910834132311 0.06371911573472042 0.06295941195270055
1 0.6215864759427828 0.25854905720677535 0.08387516254876463 0.08245445829338446
1 0.6064694408322497 0.3710450623202301 0.08485045513654096 0.08437200383509108
1 0.5398244473342003 0.518056887184404 0.05624187256176853 0.05496963886225631
1 0.5659947984395318 0.46292745286033876 0.1163849154746424 0.11409395973154363
1 0.5890767230169051 0.5311601150527325 0.053966189856957086 0.0530520933205497
1 0.4548114434330299 0.6380632790028763 0.08257477243172952 0.08085650367529562
13 0.43286736020806243 0.6989453499520614 0.10370611183355007 0.10226909555768617
