13 0.19923664122137405 0.4594427244582044 0.19389312977099238 0.19690402476780186
13 0.37251908396946565 0.43281733746130036 0.1270229007633588 0.18637770897832817
13 0.4468702290076336 0.323374613003096 0.1651908396946565 0.1476780185758514
13 0.2769465648854962 0.1910216718266254 0.15633587786259542 0.1343653250773994
13 0.20305343511450383 0.2992260061919505 0.20030534351145038 0.10495356037151704
13 0.5082442748091603 0.23482972136222913 0.09374045801526718 0.14520123839009288
13 0.3532824427480916 0.7304953560371518 0.07267175572519084 0.1
13 0.4389312977099237 0.7304953560371518 0.08702290076335878 0.08761609907120743
13 0.18366412213740457 0.8729102167182663 0.09923664122137404 0.09442724458204335
13 0.7048854961832062 0.321671826625387 0.13526717557251908 0.0953560371517028
