14 0.2093204894558709 0.8340909090909091 0.08591512626920074 0.33181818181818185
14 0.29054933611038797 0.7140151515151515 0.05415256443634471 0.2537878787878788
1 0.23366310856547776 0.5965909090909091 0.0658682634730539 0.13106060606060607
1 0.2744077063264775 0.44734848484848483 0.03540744597761 0.19924242424242425
1 0.24720124967456394 0.3840909090909091 0.05024733142410831 0.19242424242424241
1 0.2974485810986722 0.2696969696969697 0.03618849258005728 0.09393939393939393
1 0.4009372559229368 0.3723484848484849 0.05363186670137986 0.18863636363636363
1 0.46875813590210885 0.24696969696969698 0.11377245508982037 0.18636363636363637
1 0.37997917209060145 0.08598484848484848 0.056495704243686544 0.17196969696969697
1 0.4721426711793804 0.0821969696969697 0.10387919812548817 0.1431818181818182
1 0.7387399114813852 0.6200757575757576 0.06795105441291331 0.2946969696969697
1 0.5946368133298621 0.5818181818181818 0.07602186930486853 0.10151515151515152
14 0.6304347826086957 0.41515151515151516 0.09971361624576934 0.19090909090909092
14 0.6862796146836762 0.43977272727272726 0.03176256183285603 0.16742424242424242
1 0.7287164800833117 0.3787878787878788 0.05831814631606353 0.15757575757575756
14 0.680682114032804 0.26704545454545453 0.0481645404842489 0.08712121212121213
1 0.7921114293152826 0.459469696969697 0.03566779484509243 0.07196969696969698
1 0.6871908357198647 0.08977272727272727 0.06378547253319448 0.17196969696969697
14 0.8323353293413175 0.6253787878787879 0.037490236917469416 0.21136363636363636
1 0.8342879458474356 0.2859848484848485 0.04764384274928404 0.18863636363636363
1 0.8984639416818537 0.31363636363636366 0.07550117156990367 0.24393939393939393
1 0.8379328299921897 0.07537878787878788 0.054933611038791984 0.1159090909090909
1 0.8836240562353554 0.13977272727272727 0.06612861234053632 0.10378787878787879
1 0.7319708409268421 0.10265151515151515 0.024733142410830515 0.07954545454545454
