14 0.049403526970954355 0.24925417661097854 0.09880705394190871 0.12261336515513127
14 0.11073651452282157 0.28490453460620524 0.08713692946058091 0.09486873508353222
14 0.2095435684647303 0.20599642004773272 0.08713692946058091 0.08204057279236278
14 0.27463692946058094 0.29668854415274465 0.05446058091286307 0.08383054892601433
14 0.1434128630705394 0.3597852028639618 0.08402489626556017 0.07577565632458234
14 0.33934128630705396 0.2772971360381862 0.09984439834024897 0.11724343675417662
14 0.4862551867219917 0.17392601431980909 0.05394190871369295 0.10859188544152745
14 0.564445020746888 0.24090095465393796 0.1112551867219917 0.08442720763723151
14 0.5442168049792531 0.3909606205250597 0.08220954356846473 0.10411694510739858
14 0.38550311203319504 0.4157219570405728 0.10969917012448133 0.13394988066825778
14 0.26141078838174275 0.4985083532219571 0.09491701244813278 0.07816229116945107
14 0.13342842323651452 0.4832935560859189 0.08947095435684647 0.06801909307875895
14 0.11345954356846473 0.5629474940334129 0.12940871369294607 0.06563245823389022
14 0.2358661825726141 0.5875596658711217 0.09932572614107883 0.10769689737470167
