1 0.25735056542810986 0.16344229486324216 0.0927302100161551 0.11207471647765176
1 0.30436187399030695 0.05770513675783855 0.08012924071082392 0.1154102735156771
1 0.1605815831987076 0.1297531687791861 0.09563812600969306 0.16210807204803201
1 0.36138933764135706 0.15410273515677117 0.09337641357027464 0.09472981987991994
14 0.522940226171244 0.07404936624416276 0.13667205169628432 0.14809873248832553
1 0.5016155088852989 0.295530353569046 0.10048465266558966 0.1801200800533689
1 0.42084006462035545 0.33188792528352234 0.04168012924071083 0.14076050700466977
1 0.22891760904684977 0.45030020013342226 0.11793214862681746 0.10540360240160106
1 0.36607431340872376 0.5453635757171447 0.11179321486268175 0.15943962641761172
1 0.26510500807754445 0.671447631754503 0.09919224555735057 0.2795196797865243
1 0.7526655896607432 0.08472314876584389 0.09208400646203554 0.16944629753168777
1 0.7001615508885299 0.23115410273515674 0.108562197092084 0.15143428952635088
1 0.8392568659127626 0.32354903268845897 0.09466882067851373 0.12408272181454302
14 0.8688206785137319 0.1057371581054036 0.10920840064620356 0.2114743162108072
1 0.647172859450727 0.538692461641094 0.108562197092084 0.09673115410273515
1 0.8197092084006462 0.5300200133422281 0.08529886914378029 0.1954636424282855
1 0.7281098546042004 0.7211474316210806 0.0765751211631664 0.1801200800533689
1 0.821486268174475 0.6844563042028018 0.08045234248788369 0.11874583055370246
1 0.6245557350565428 0.833555703802535 0.07495961227786753 0.20346897931954636
14 0.5744749596122779 0.6787858572381588 0.09951534733441035 0.06871247498332221
