1 0.7717823295628248 0.3744172494172494 0.15805564047691836 0.1456876456876457
1 0.6095995108529502 0.3143939393939394 0.13879547538978904 0.21212121212121213
1 0.5027514521553041 0.38505244755244755 0.1317639865484561 0.16462703962703962
1 0.7008560073372057 0.5301573426573427 0.13543258942219505 0.131993006993007
1 0.5828492815652705 0.5779428904428905 0.1060837664322837 0.1453962703962704
1 0.5516661571384898 0.7266899766899767 0.17639865484561296 0.058857808857808856
1 0.3586059309079792 0.7508741258741258 0.15041271782329563 0.07634032634032634
1 0.3300214001834301 0.6274766899766899 0.18557016202996024 0.08537296037296037
1 0.33735860593090794 0.45396270396270394 0.06572913482115561 0.10955710955710955
1 0.25771935188015893 0.4538170163170163 0.08070926322225619 0.12325174825174826
14 0.3546316111280954 0.3361013986013986 0.10272088046468969 0.05040792540792541
14 0.20116172424335066 0.3497960372960373 0.1375726077652094 0.045745920745920744
14 0.27132375420360744 0.2784090909090909 0.07245490675634363 0.06963869463869464
14 0.15560990522775908 0.49664918414918413 0.15041271782329563 0.08653846153846154
1 0.09003362885967593 0.5664335664335665 0.17334148578416386 0.15093240093240093
1 0.06465912564964842 0.6972610722610723 0.12931825129929683 0.12762237762237763
1 0.18511158667074287 0.7550990675990676 0.10424946499541424 0.15122377622377622
