14 0.5582080455099553 0.9219613259668509 0.08472165786265745 0.15607734806629836
14 0.41741162129215764 0.7517955801104973 0.10260056887444129 0.08701657458563536
14 0.24553027224705404 0.6263812154696133 0.037180008126777735 0.12458563535911603
14 0.29093864282811865 0.6466850828729283 0.0337261275904104 0.10718232044198896
14 0.22104835432750913 0.8044198895027624 0.07232832182039821 0.08287292817679559
14 0.23862251117431937 0.463950276243094 0.03514831369362048 0.09475138121546962
14 0.302519301097115 0.4675414364640884 0.03900853311661926 0.09254143646408841
14 0.48425436814303124 0.5846685082872929 0.07171881349045103 0.08812154696132597
14 0.292868752539618 0.36353591160221 0.10219422998780983 0.06740331491712707
14 0.5220438845997561 0.356767955801105 0.08756603006907761 0.06878453038674033
