14 0.5930859498889945 0.5352362204724409 0.16555661274976213 0.10984251968503937
1 0.3718680621630193 0.7724409448818897 0.1614335553441167 0.11496062992125984
1 0.2982873453853473 0.8224409448818898 0.14367269267364416 0.10708661417322834
1 0.21170313986679354 0.746259842519685 0.12400888043133523 0.07204724409448819
1 0.4765302886140184 0.5791338582677166 0.07833809070726293 0.12125984251968504
14 0.5620044402156676 0.4086614173228346 0.16682524579765304 0.20708661417322835
1 0.3506184586108468 0.5874015748031496 0.07516650808753568 0.13307086614173227
1 0.3973993022518236 0.3893700787401575 0.179511576276562 0.18976377952755905
1 0.2729146844275293 0.3561023622047244 0.09990485252140818 0.11377952755905511
1 0.3047890897557881 0.570275590551181 0.07865524896923565 0.1279527559055118
1 0.1841103710751665 0.32125984251968503 0.07389787503964478 0.16299212598425197
1 0.1891849032667301 0.44291338582677164 0.089755788138281 0.06456692913385827
