1 0.19709870703248186 0.8449570815450643 0.08830022075055188 0.13626609442060086
1 0.12614317250078838 0.7285407725321889 0.12866603595080417 0.07939914163090128
1 0.28634500157678966 0.7374821173104434 0.12677388836329234 0.08082975679542204
1 0.2817723115736361 0.6323319027181689 0.09303058971933144 0.056509298998569386
1 0.3637653736991485 0.5876251788268956 0.033112582781456956 0.0844062947067239
1 0.173919899085462 0.6242846924177397 0.062125512456638284 0.04184549356223176
14 0.4381898454746137 0.5881616595135909 0.09744560075685904 0.08118741058655221
14 0.4142226426994639 0.5162732474964234 0.07789340901923683 0.05042918454935622
1 0.24503311258278146 0.5082260371959942 0.07253232418795333 0.10157367668097282
1 0.28666035950804164 0.3930615164520744 0.13434247871333965 0.11945636623748211
1 0.18748029012929676 0.40432761087267527 0.049511195206559444 0.10836909871244635
1 0.1357615894039735 0.5633047210300429 0.0684326710816777 0.09084406294706723
1 0.07757805108798486 0.5675965665236051 0.04856512141280353 0.13590844062947066
1 0.025070955534531692 0.5738555078683834 0.049511195206559444 0.15414878397711015
1 0.10674865972879218 0.4116595135908441 0.0684326710816777 0.11659513590844063
1 0.06117943866288237 0.4168454935622318 0.07190160832544938 0.11266094420600858
1 0.23557237464522232 0.2659155937052933 0.06811731315042574 0.07975679542203147
1 0.16997792494481237 0.33011444921316163 0.09397666351308735 0.06652360515021459
1 0.282560706401766 0.32689556509299 0.08766950488804794 0.06437768240343347
1 0.3468937243771681 0.1709585121602289 0.16903185115105646 0.14663805436337626
1 0.4864396089561652 0.194206008583691 0.0848312835067802 0.16380543633762518
1 0.41043834752444025 0.04560085836909871 0.11321349731945758 0.09120171673819742
1 0.5968148848943551 0.06580829756795423 0.07410911384421318 0.04792560801144492
1 0.6267738883632923 0.13716022889842633 0.07852412488174078 0.13125894134477825
1 0.7141280353200883 0.17221030042918456 0.08987701040681173 0.16201716738197425
1 0.7163355408388521 0.062410586552217456 0.10122989593188268 0.05543633762517883
1 0.793913591926837 0.1199928469241774 0.07221696625670136 0.08834048640915594
14 0.8204036581520026 0.27986409155937053 0.10501419110690634 0.15915593705293277
1 0.673289183222958 0.023605150214592273 0.04919583727530748 0.03862660944206009
1 0.9618416903185115 0.15182403433476394 0.07631661936297698 0.08977110157367668
1 0.8718070009460738 0.40432761087267527 0.0772626931567329 0.05114449213161659
1 0.8651844843897823 0.5085836909871244 0.07095553453169347 0.10515021459227468
1 0.9306212551245664 0.5101931330472103 0.04730368968779565 0.10479256080114449
1 0.9840744244717755 0.5758226037195995 0.03185115105644907 0.09155937052932761
