1 0.08770806658130602 0.25650697849867976 0.11395646606914211 0.14560543191248584
1 0.11651728553137003 0.3958883440211241 0.10307298335467349 0.12863070539419086
1 0.19478233034571063 0.22651829498302528 0.08162612035851473 0.18521312712184082
14 0.03217029449423815 0.37155790267823463 0.05473751600512164 0.12221803093172387
1 0.31978233034571063 0.14843455299886835 0.11139564660691421 0.0939268200678989
1 0.44478233034571063 0.06940777065258392 0.12387964148527528 0.13881554130516785
1 0.4974391805377721 0.22444360618634476 0.1933418693982074 0.11241041116559788
1 0.300416133162612 0.24387023764617125 0.09827144686299616 0.1052433044134289
1 0.395326504481434 0.3604300264051301 0.0678617157490397 0.10373443983402489
1 0.23447503201024328 0.46963410033949454 0.09955185659411012 0.08223311957751792
1 0.3402688860435339 0.4228592983779706 0.0966709346991037 0.06337231233496794
1 0.31241997439180536 0.5645039607695209 0.10371318822023047 0.1980384760467748
1 0.04001280409731114 0.7278385514900038 0.08002560819462227 0.08261033572236892
1 0.16181177976952624 0.7638626933232743 0.10659411011523687 0.11618257261410789
1 0.11091549295774647 0.8121463598642021 0.07458386683738796 0.1041116559788759
14 0.30553777208706784 0.7070916635231987 0.09635083226632522 0.14221048660882685
1 0.20166453265044815 0.6158053564692568 0.10115236875800256 0.08638249717087891
14 0.4419014084507042 0.5726141078838174 0.14756722151088347 0.1086382497170879
1 0.640685019206146 0.4004149377593361 0.07266325224071703 0.11957751791776688
1 0.6102752880921894 0.4922670690305545 0.09571062740076824 0.06186344775556394
1 0.7115877080665812 0.44568087514145605 0.06914212548015365 0.11052433044134288
1 0.5502560819462228 0.5835533760844964 0.09154929577464789 0.08826857789513391
1 0.5182458386683738 0.6646548472274614 0.11843790012804097 0.08223311957751792
1 0.6240396927016645 0.7061486231610713 0.05089628681177977 0.10637495284798189
1 0.8265044814340589 0.7533006412674462 0.13892445582586427 0.13956997359486986
1 0.7098271446862996 0.7257638626933233 0.06306017925736235 0.10562052055827989
1 0.779449423815621 0.6399471897397209 0.06658130601792574 0.06903055450773293
