13 0.2719560878243513 0.6878437047756873 0.15003326679973386 0.12532561505065123
13 0.16450432468396542 0.6363241678726483 0.09813705921490352 0.10506512301013024
13 0.2990685296074518 0.5872648335745296 0.1264138389886893 0.0984081041968162
1 0.187624750499002 0.5309696092619391 0.1437125748502994 0.10622286541244573
1 0.04174983366600133 0.4657018813314037 0.08349966733200266 0.094356005788712
1 0.0647039254823686 0.5178002894356005 0.07152361942781105 0.0955137481910275
1 0.10013306719893547 0.4215629522431259 0.0718562874251497 0.08654124457308249
1 0.15834996673320026 0.45672937771345873 0.0552228875582169 0.06020260492040521
1 0.2060878243512974 0.4109985528219971 0.06087824351297405 0.06541244573082489
13 0.2957418496340652 0.4875542691751085 0.13572854291417166 0.09753979739507959
1 0.25964737192282106 0.38147612156295224 0.09813705921490352 0.10072358900144718
13 0.36959414504324684 0.42908827785817655 0.16766467065868265 0.11837916063675832
13 0.7453426480372588 0.394356005788712 0.15868263473053892 0.11722141823444283
13 0.645542248835662 0.37800289435600576 0.0968063872255489 0.11287988422575976
13 0.7649700598802396 0.29942112879884225 0.15469061876247506 0.11374819102749638
1 0.6230871590153028 0.28437047756874095 0.07850964737192283 0.05643994211287988
1 0.6180971390552229 0.20723589001447176 0.06121091151031271 0.05441389290882778
1 0.6057884231536926 0.14500723589001446 0.07984031936127745 0.06946454413892908
1 0.6560212907518297 0.11432706222865412 0.10246174318030606 0.07004341534008683
1 0.5231204258150366 0.16512301013024602 0.17132401862940785 0.10680173661360347
13 0.6194278110445776 0.059334298118668596 0.1217564870259481 0.10477568740955137
