1 0.6879817299457608 0.9629996042738425 0.10333999429060806 0.074000791452315
1 0.6079075078504139 0.9641867827463395 0.042534970025692266 0.07162643450732094
1 0.6468741079075079 0.8690146418678275 0.037111047673422784 0.11238622872971904
1 0.5672280902083928 0.926394934705184 0.04339137881815587 0.051444400474871387
1 0.5491007707679133 0.8939453897902652 0.022552098201541537 0.05856747130985358
1 0.49543248644019416 0.8941432528690146 0.05966314587496432 0.0961614562722596
1 0.5265486725663717 0.7762168579343095 0.04538966600057094 0.10803324099722991
13 0.6936911218955182 0.722793826671943 0.06451612903225806 0.08508112386228729
13 0.648872395089923 0.6349426197071626 0.0650870682272338 0.1222793826671943
13 0.4276334570368256 0.25761772853185594 0.0942049671709963 0.06252473288484368
13 0.3612617756208964 0.3446774831816383 0.03625463888095918 0.09180846853977048
1 0.3163003140165573 0.28769291650178075 0.05138452754781616 0.08705975464978236
1 0.3676848415643734 0.1222793826671943 0.0844990008564088 0.07202216066481995
1 0.39223522694833 0.22398100514444005 0.057664858692549247 0.030866640284922833
1 0.27961747073936627 0.2663237039968342 0.025977733371395948 0.09418282548476455
1 0.2504995717956038 0.2627621685793431 0.026548672566371685 0.10130589631974674
