1 0.7300907258064516 0.7605736509479825 0.11995967741935483 0.09965969859017987
1 0.5938760080645161 0.7421001458434613 0.09702620967741936 0.11618862421001458
1 0.5112147177419355 0.6220223626640738 0.09501008064516128 0.171609139523578
1 0.6805695564516129 0.6285853184248906 0.058719758064516125 0.08750607681088964
1 0.6822076612903225 0.545940690325717 0.04536290322580645 0.08945065629557608
1 0.5829133064516129 0.5838599902771026 0.047379032258064516 0.10209042294603791
1 0.3873487903225806 0.5089936801166748 0.04435483870967742 0.13709285367039378
1 0.42880544354838707 0.652892561983471 0.09097782258064516 0.14098201263976665
1 0.4245211693548387 0.5296548371414681 0.034022177419354836 0.13466212931453572
1 0.532258064516129 0.4842002916869227 0.055443548387096774 0.07778317938745746
1 0.48979334677419356 0.42805055906660183 0.07484879032258064 0.09479824987846378
