14 0.09441786283891547 0.15331890331890333 0.15885167464114833 0.10173160173160173
1 0.22041467304625198 0.09884559884559885 0.11738437001594897 0.12121212121212122
1 0.31770334928229665 0.04491341991341991 0.11483253588516747 0.08982683982683982
1 0.366347687400319 0.11814574314574315 0.1419457735247209 0.08838383838383838
1 0.23987240829346093 0.20526695526695526 0.08740031897926634 0.04256854256854257
1 0.17846889952153108 0.292027417027417 0.1087719298245614 0.11507936507936507
1 0.37830940988835726 0.31186868686868685 0.10653907496012759 0.08116883116883117
14 0.5740031897926635 0.1747835497835498 0.1393939393939394 0.17857142857142858
1 0.4990430622009569 0.3338744588744589 0.08771929824561403 0.11940836940836941
1 0.32743221690590113 0.46266233766233766 0.12791068580542264 0.09415584415584416
1 0.14736842105263157 0.3977272727272727 0.16331738437001594 0.08982683982683982
1 0.20095693779904306 0.5386002886002886 0.13716108452950557 0.15367965367965367
1 0.7291866028708134 0.330988455988456 0.12440191387559808 0.09848484848484848
1 0.8189792663476874 0.1747835497835498 0.06858054226475278 0.23196248196248195
14 0.9312599681020733 0.2104978354978355 0.13748006379585326 0.21897546897546896
1 0.8961722488038277 0.3739177489177489 0.1164274322169059 0.07611832611832611
1 0.6574162679425837 0.5696248196248196 0.1620414673046252 0.07503607503607504
1 0.8870813397129186 0.4671717171717172 0.0784688995215311 0.10461760461760462
1 0.8079744816586921 0.5863997113997114 0.0682615629984051 0.09271284271284272
