13 0.8117934224049332 0.5714048488874128 0.09275436793422405 0.13583527067419462
1 0.711459403905447 0.5237462636997675 0.10328879753340185 0.160743938890734
1 0.6090698869475848 0.5682497509133179 0.09686536485097637 0.1328462304882099
1 0.7285457348406988 0.6511125871803388 0.12564234326824256 0.07140484888741282
13 0.7624614594039054 0.7451012952507473 0.07785200411099692 0.10993025572899369
1 0.6634121274409044 0.7132181999335769 0.04316546762589928 0.08136831617402857
1 0.6739465570400822 0.7915974759216208 0.09917780061664953 0.05679176353370973
1 0.7032374100719425 0.8864164729325806 0.13874614594039056 0.09099966788442379
1 0.5363566289825282 0.8827632015941548 0.13078108941418295 0.09432082364662903
1 0.5557553956834532 0.7837927598804384 0.08478931140801645 0.05978080371969446
1 0.47713257965056527 0.6864828960478246 0.09044193216855087 0.10029890401859848
1 0.441032887975334 0.6034540019926935 0.09635149023638233 0.08369312520757224
1 0.4613309352517986 0.4799070076386583 0.0644912641315519 0.11823314513450682
1 0.55948098663926 0.5117901029558286 0.09224049331963001 0.10428429093324477
