1 0.8028490028490028 0.03759535052669815 0.11908831908831909 0.0751907010533963
1 0.6586894586894586 0.03196512895023611 0.10997150997150996 0.06393025790047221
1 0.7591168091168091 0.13839447875045405 0.05612535612535612 0.04794769342535416
1 0.6609686609686609 0.12713403559752998 0.08547008547008546 0.06610969851071559
1 0.693019943019943 0.2573556120595714 0.06923076923076922 0.10279694878314566
1 0.6527065527065526 0.3770432255721032 0.12136752136752137 0.11260443152924084
1 0.7435897435897435 0.36796222302942244 0.04843304843304843 0.10897203051216856
1 0.7957264957264957 0.20613875771885218 0.062108262108262105 0.09262622593534327
1 0.7611111111111111 0.44024700326916094 0.08803418803418803 0.06102433708681439
1 0.7004273504273504 0.5021794406102434 0.05612535612535612 0.09117326552851435
1 0.6554131054131054 0.44188158372684344 0.08119658119658119 0.062114057391936074
1 0.8491452991452991 0.19524155466763532 0.0452991452991453 0.14856520159825645
1 0.8977207977207977 0.19306211405739193 0.04672364672364672 0.16600072648020342
1 0.8186609686609686 0.3541590991645478 0.06068376068376068 0.11551035234289866
1 0.8650997150997151 0.35397747911369415 0.06866096866096866 0.10788231020704686
1 0.5863247863247862 0.1705412277515438 0.029059829059829057 0.08390846349436978
14 0.5344729344729344 0.24318924809298947 0.0678062678062678 0.04540501271340356
14 0.5173789173789174 0.16781692698873957 0.08262108262108261 0.07700690156193243
1 0.5948717948717949 0.6122411914275336 0.1584045584045584 0.15219760261532875
1 0.46638176638176637 0.5895386850708318 0.07578347578347577 0.17580820922629858
1 0.5326210826210825 0.7624409734834726 0.10854700854700854 0.13149291681801673
1 0.3368945868945869 0.6393025790047222 0.06866096866096866 0.1300399564111878
1 0.2512820512820513 0.7143116600072649 0.09116809116809116 0.058481656374863786
1 0.25769230769230766 0.5998910279694879 0.07834757834757834 0.14057391936069744
14 0.16837606837606836 0.48928441699963676 0.10484330484330484 0.15110788231020705
1 0.18418803418803417 0.6472938612422812 0.07037037037037036 0.09081002542680712
1 0.36353276353276354 0.713766799854704 0.06837606837606837 0.049400653832183075
1 0.3605413105413105 0.8040319651289503 0.06068376068376068 0.09335270613875772
1 0.26396011396011393 0.8205593897566291 0.08404558404558404 0.11333091173265529
1 0.3907407407407407 0.8674173628768617 0.12165242165242164 0.0523065746458409
1 0.36495726495726494 0.9219033781329459 0.09914529914529914 0.045768252815110794
1 0.23903133903133902 0.884671267707955 0.09287749287749288 0.09262622593534327
1 0.03461538461538461 0.6077006901561933 0.06923076923076922 0.08354522339266256
1 0.1215099715099715 0.3467126770795496 0.06638176638176638 0.054122775154377044
14 0.12834757834757834 0.2382855067199419 0.0641025641025641 0.10533962949509626
1 0.07222222222222222 0.2332001452960407 0.04358974358974359 0.10388666908826735
1 0.01866096866096866 0.17108608790410462 0.03732193732193732 0.09734834725753724
