1 0.7395678092399404 0.9206238361266295 0.05340288127173373 0.15875232774674114
1 0.8400397416790859 0.9043296089385475 0.13462493790362642 0.18016759776536312
1 0.7698708395429706 0.7441806331471136 0.0568802781917536 0.1419925512104283
1 0.682066567312469 0.845437616387337 0.03378042722305018 0.10148975791433892
1 0.5702930948832589 0.8733705772811918 0.06060606060606061 0.09497206703910614
1 0.6475409836065574 0.9445996275605214 0.06358668653750621 0.05865921787709497
1 0.5763785394932935 0.959729981378026 0.06482861400894188 0.06750465549348231
13 0.6819423745653254 0.5349162011173184 0.05290611028315946 0.06797020484171322
13 0.6562344759066071 0.4343575418994413 0.05067064083457526 0.12849162011173185
1 0.6163686040735221 0.4997672253258845 0.05340288127173373 0.07774674115456238
13 0.4792598112270243 0.6405959031657356 0.07973174366616989 0.25605214152700184
1 0.5502980625931445 0.5093109869646183 0.10655737704918032 0.15363128491620112
1 0.42908594138102335 0.49557728119180633 0.09761549925484352 0.17458100558659218
1 0.44883258817685046 0.36522346368715086 0.07451564828614009 0.08147113594040968
1 0.5391207153502235 0.319366852886406 0.06532538499751614 0.11731843575418995
1 0.5851962245404868 0.2879422718808194 0.03079980129160457 0.09171322160148976
1 0.6558618976651763 0.31773743016759776 0.09413810233482364 0.1904096834264432
1 0.6151266766020864 0.14082867783985104 0.05141579731743666 0.11592178770949721
1 0.710134128166915 0.20251396648044692 0.12170889220069547 0.11638733705772812
1 0.5409836065573771 0.11243016759776536 0.09090909090909091 0.06471135940409684
1 0.5342771982116244 0.0335195530726257 0.10680576254346746 0.0670391061452514
1 0.4431197218082464 0.17527932960893855 0.06954793840039741 0.1270949720670391
1 0.40238450074515647 0.06587523277467411 0.10879284649776454 0.12057728119180633
13 0.42312468951813215 0.9038640595903166 0.18355688027819175 0.19227188081936686
1 0.28825136612021857 0.9006052141527002 0.07625434674615003 0.19878957169459963
1 0.37481371087928467 0.6890130353817505 0.1122702434177844 0.20391061452513967
1 0.32699950322901145 0.6655027932960894 0.05588673621460507 0.1336126629422719
1 0.21572280178837555 0.9087523277467412 0.06383507203179334 0.1824953445065177
1 0.2473919523099851 0.8058659217877094 0.04868355688027819 0.08007448789571694
1 0.19138102334823645 0.7818901303538175 0.06333830104321908 0.06936685288640596
1 0.2767014406358669 0.5900837988826816 0.051664182811723795 0.1121973929236499
1 0.14580228514654744 0.7036778398510242 0.07401887729756582 0.2239292364990689
1 0.1482861400894188 0.5395716945996275 0.06557377049180328 0.13687150837988826
1 0.20603576751117736 0.49231843575418993 0.05588673621460507 0.20251396648044692
1 0.25645802285146546 0.5444599627560521 0.07526080476900149 0.10567970204841713
