1 0.39940387481371087 0.6354224958030219 0.16393442622950818 0.20649132624510355
1 0.24307004470938898 0.7196418578623391 0.09865871833084948 0.1757134862898713
1 0.24307004470938898 0.5414101846670398 0.12429210134128167 0.12479015109121433
1 0.4040238450074516 0.4513150531617236 0.18032786885245902 0.1152770005595971
14 0.517585692995529 0.36261891438164523 0.2023845007451565 0.07218802462227197
14 0.5707898658718331 0.47789591494124234 0.11147540983606558 0.08673754896474539
1 0.39716840536512665 0.30512031337437046 0.07660208643815201 0.06575265808617796
1 0.3773472429210134 0.2017347509792949 0.18897168405365128 0.06099608282036934
1 0.1827123695976155 0.21082820369334082 0.14903129657228018 0.04280917739227756
1 0.30402384500745155 0.15808617795187466 0.11862891207153502 0.05987688864017908
1 0.19046199701937408 0.37003357582540575 0.13651266766020864 0.05735870173475099
