1 0.5958010599266205 0.8844121532364597 0.1251528740317978 0.2311756935270806
14 0.5008153281695883 0.7797225891677675 0.10232368528332654 0.13408190224570674
1 0.6424785976355483 0.6862615587846763 0.1663269465960049 0.19154557463672392
1 0.5495311863024868 0.5465653896961691 0.08642478597635549 0.14200792602377807
1 0.4763554830819405 0.678005284015852 0.09253974724826743 0.14200792602377807
1 0.317570322054627 0.6469616908850727 0.11169995923359152 0.18295904887714665
1 0.4101100693028944 0.6608322324966975 0.08724011414594374 0.1974900924702774
1 0.31267835303709746 0.5039630118890357 0.12148389726865064 0.21003963011889035
1 0.2333876885446392 0.5082562747688243 0.12596820220138605 0.16974900924702774
1 0.4490419894007338 0.3596433289299868 0.11536893599673868 0.23051519154557465
14 0.5695067264573991 0.3130779392338177 0.1663269465960049 0.22985468956406868
1 0.4861394211169996 0.21136063408190225 0.08520179372197309 0.1571994715984148
1 0.4194863432531594 0.1178996036988111 0.12148389726865064 0.2093791281373844
1 0.22115776600081533 0.1882430647291942 0.1373827965756217 0.17569352708058125
1 0.286180187525479 0.08619550858652576 0.10680799021606197 0.17239101717305153
1 0.3473298002445985 0.1499339498018494 0.13371381981247452 0.15852047556142668
1 0.7331838565022422 0.05680317040951123 0.07297187117814921 0.11360634081902246
1 0.6763147166734611 0.21862615587846765 0.10680799021606197 0.14795244385733158
1 0.6355483081940481 0.13177014531043593 0.12474520994700367 0.14200792602377807
1 0.9143905421932328 0.05680317040951123 0.17121891561353444 0.11360634081902246
1 0.7468406033428455 0.33850726552179655 0.10110069302894414 0.11030383091149273
1 0.7812882185079495 0.4240422721268164 0.09009376273950265 0.13870541611624834
1 0.8414186710150836 0.3560105680317041 0.07256420709335508 0.13210039630118892
1 0.8181818181818182 0.06638044914134743 0.05951895637994293 0.13276089828269486
1 0.8783122706889523 0.13771466314398945 0.06563391765185488 0.0904887714663144
