14 0.9404527559055118 0.49034334763948495 0.10793963254593175 0.22017167381974248
14 0.8380905511811023 0.5744635193133046 0.06791338582677166 0.14377682403433475
1 0.9096128608923885 0.6409871244635192 0.08300524934383202 0.07424892703862661
1 0.8584317585301837 0.7248927038626609 0.04429133858267716 0.11330472103004291
1 0.8927165354330708 0.7609442060085837 0.06299212598425197 0.10901287553648067
1 0.8293963254593175 0.8259656652360514 0.045275590551181105 0.052789699570815446
1 0.6991469816272966 0.7678111587982832 0.06758530183727034 0.10729613733905578
1 0.613517060367454 0.8388412017167381 0.1437007874015748 0.10515021459227467
1 0.7253937007874016 0.940557939914163 0.07152230971128609 0.11888412017167381
1 0.609251968503937 0.9321888412017166 0.13123359580052493 0.0815450643776824
1 0.27329396325459315 0.6272532188841201 0.08530183727034121 0.1669527896995708
1 0.45472440944881887 0.6493562231759656 0.09580052493438321 0.0575107296137339
14 0.40994094488188976 0.7437768240343348 0.12565616797900261 0.10815450643776824
14 0.3392388451443569 0.7296137339055794 0.04002624671916011 0.09527896995708154
1 0.2859251968503937 0.7641630901287553 0.07381889763779527 0.08969957081545064
14 0.3464566929133858 0.8274678111587982 0.0610236220472441 0.04892703862660944
1 0.20603674540682415 0.7186695278969957 0.04461942257217848 0.0407725321888412
1 0.3380905511811024 0.9276824034334763 0.08038057742782152 0.09742489270386266
14 0.1553477690288714 0.6244635193133047 0.04691601049868766 0.12017167381974249
1 0.15288713910761154 0.8165236051502145 0.06036745406824147 0.10772532188841201
1 0.07201443569553806 0.8012875536480686 0.09481627296587926 0.13819742489270387
1 0.14845800524934383 0.9360515021459227 0.0692257217847769 0.06609442060085836
1 0.09071522309711286 0.8995708154506438 0.08300524934383202 0.058369098712446346
1 0.2818241469816273 0.9203862660944205 0.031496062992125984 0.04506437768240343
