1 0.7774680223023942 0.2235213204951857 0.18989832732043294 0.21687299403943144
1 0.5897015414890128 0.1882164144887666 0.16661200393571662 0.16368638239339753
1 0.7079370285339456 0.09422283356258597 0.1597244998360118 0.18844566712517194
1 0.584289931124959 0.5577716643741403 0.1321744834371925 0.2150389729481889
1 0.8132174483437192 0.519486474094452 0.1131518530665792 0.20724438331040806
1 0.6903902918989833 0.6726272352132049 0.12069530993768449 0.15038972948188903
1 0.7605772384388324 0.8044475011462632 0.15086913742210561 0.23521320495185694
1 0.9042308953755329 0.5779458963778084 0.17710724827812396 0.30949105914718017
1 0.9025910134470317 0.792067858780376 0.1541489012791079 0.20678587803759743
1 0.40783863561823547 0.49679046309032554 0.09544112823876681 0.19486474094452086
1 0.42194162020334536 0.2567629527739569 0.1387340111511971 0.223750573131591
13 0.298622499180059 0.16276937184777623 0.12561495572318793 0.1228794131132508
13 0.34978681534929484 0.0687757909215956 0.1584125942932109 0.1375515818431912
1 0.17235159068547065 0.1203576341127923 0.084289931124959 0.11691884456671252
1 0.061823548704493275 0.14053186611646035 0.10659232535257461 0.23521320495185694
1 0.18137094129222694 0.4906006419073819 0.12594293210888816 0.1632278771205869
1 0.06920301738274844 0.5231545162769372 0.08002623811085602 0.09445208619899129
1 0.08527386028205969 0.6292984869325997 0.09117743522466382 0.12242090784044016
1 0.23745490324696622 0.6139385602934434 0.18235487044932763 0.18431911966987619
1 0.2087569694981961 0.7326914259513985 0.1675959330928173 0.16139385602934433
13 0.6216792390947852 0.7164144887666208 0.0921613643817645 0.08574048601558917
