14 0.7007575757575758 0.7161529457666796 0.05532598714416896 0.1759656652360515
14 0.6387741046831956 0.46332422941865004 0.05762167125803489 0.14475224346468982
14 0.7006427915518825 0.3804135778384706 0.10330578512396695 0.11080764728833399
14 0.5738062442607897 0.5027311744049942 0.03558310376492194 0.12992586812329301
14 0.5713957759412305 0.3127194693718299 0.050505050505050504 0.13382754584471324
14 0.6287878787878788 0.3160358954350371 0.03627180899908172 0.11314865392118612
14 0.4700413223140496 0.07003511509949278 0.048898071625344354 0.14007023019898557
14 0.46407254361799816 0.5833008193523215 0.05670339761248852 0.14124073351541164
14 0.3862488521579431 0.6831837690206789 0.047061524334251606 0.20210690596956693
14 0.4080578512396694 0.963129145532579 0.07782369146005509 0.07374170893484198
14 0.3675390266299357 0.8901677721420211 0.048209366391184574 0.092469761997659
14 0.3037190082644628 0.9613733905579399 0.045454545454545456 0.07725321888412018
14 0.32357667584940314 0.8486149044088959 0.04522497704315886 0.09285992976980102
14 0.16712580348943984 0.8849005072181038 0.07116620752984389 0.07803355442840422
