1 0.04737308146399055 0.294784095767422 0.0947461629279811 0.12612227447627192
1 0.05298110979929162 0.39717828131680205 0.08412042502951593 0.09149209063702436
1 0.048406139315230225 0.625694741342454 0.07497048406139314 0.11158614792646429
1 0.07733175914994096 0.7663531423685335 0.09504132231404958 0.12184694313809319
1 0.16307556080283353 0.6883283454467721 0.09887839433293978 0.11372381359555365
1 0.1599763872491145 0.7941427960666951 0.09799291617473435 0.16203505771697305
14 0.21812278630460447 0.3922616502778965 0.10566706021251475 0.14493373236425822
1 0.22255017709563163 0.5842240273621205 0.14698937426210154 0.21675929884566053
1 0.3246753246753247 0.5117571611799914 0.12455726092089728 0.22915775972637878
1 0.29087957497048406 0.7633604104318085 0.15850059031877212 0.2347156904660111
1 0.470926800472255 0.589568191534844 0.1000590318772137 0.1598973920478837
1 0.4601534828807556 0.8433091064557503 0.1192443919716647 0.10816588285592132
1 0.5714285714285714 0.7573749465583582 0.10920897284533648 0.12697734074390765
1 0.48730814639905545 0.9345874305258657 0.1369539551357733 0.13082513894826847
1 0.6354781582054309 0.8420265070542967 0.13400236127508855 0.11757161179991449
1 0.5997638724911452 0.9354424967935014 0.1257378984651712 0.129115006412997
1 0.6003541912632822 0.5748182984181274 0.08264462809917356 0.13039760581445062
14 0.48332349468713104 0.47798204360837965 0.11599763872491145 0.17528858486532706
1 0.6573199527744982 0.4606669516887559 0.15879574970484062 0.18512184694313807
14 0.4889315230224321 0.3783668234288157 0.13902007083825266 0.18554938007695596
14 0.5841204250295159 0.24176998717400597 0.15230224321133412 0.2663531423685335
1 0.7020365997638724 0.35378366823428814 0.06936245572609209 0.08764429243266353
14 0.6984946871310508 0.20051303976058144 0.0717237308146399 0.14621633176571183
1 0.7541322314049587 0.1152201795639162 0.0832349468713105 0.13723813595553655
1 0.8605371900826446 0.11500641299700726 0.11245572609208972 0.12997007268063274
1 0.8146399055489965 0.053655408294142795 0.10802833530106257 0.10731081658828559
1 0.9208972845336482 0.20607097050021375 0.08559622195985832 0.13253527148353997
1 0.8332349468713105 0.44271056006840526 0.04958677685950413 0.06883283454467722
1 0.8903482880755608 0.40551517742625054 0.06700118063754427 0.08165882855921333
1 0.8125737898465171 0.549593843522873 0.13046044864226683 0.13039760581445062
1 0.931375442739079 0.4876015391192817 0.10950413223140495 0.12612227447627192
1 0.8655548996458087 0.5887131252672082 0.10655253837072018 0.10688328345446771
