13 0.029539729791618962 0.11448366875618607 0.059079459583237924 0.15902342461233915
1 0.6538813831005267 0.6197624546354339 0.09411495305701854 0.11778290993071594
13 0.5412182276162125 0.6200923787528868 0.07762766201053355 0.09666776641372485
13 0.5928555072131898 0.4046519300560871 0.06915502633386765 0.08808973935994721
1 0.6013281428898557 0.4686572088419663 0.08106251431188459 0.0907291322995711
1 0.5311426608655828 0.43088089739359947 0.05243874513395924 0.06334543055097328
13 0.5103045569040531 0.7114813592873639 0.09594687428440576 0.13757835697789508
1 0.46450652621937255 0.6384031672715276 0.06709411495305702 0.1022764764104256
1 0.4393176093427983 0.8102936324645331 0.12846347607052896 0.16430221049158694
1 0.415273643233341 0.8957439788848565 0.1151820471719716 0.14318706697459585
1 0.3523013510419052 0.82596502804355 0.06938401648729105 0.11514351699109204
1 0.3037554385161438 0.6585285384361597 0.05518662697504007 0.07258330583965687
1 0.2876116326997939 0.7248432860442098 0.0654911838790932 0.10359617288023755
1 0.3766888023814976 0.5641702408446058 0.04762995191206778 0.07192345760475091
1 0.3241355621708267 0.5935334872979214 0.0574765285092741 0.08050148465852854
1 0.3814975956033891 0.4826789838337182 0.09480192351728876 0.1418673705047839
1 0.2928784062285322 0.5158363576377433 0.07052896725440806 0.09732761464863081
13 0.33318067323105105 0.40052787858792477 0.09754980535836959 0.15902342461233915
13 0.9356537668880238 0.05328274496865721 0.12869246622395236 0.10656548993731442
