1 0.9244186046511628 0.9478234943351221 0.14311270125223613 0.10435301132975551
13 0.3120527728085868 0.8294573643410852 0.11739713774597496 0.14967203339296362
1 0.32144454382826476 0.7058735837805605 0.13662790697674418 0.17084078711985687
1 0.38763416815742396 0.6167262969588551 0.11739713774597496 0.15354800238521168
1 0.3921064400715564 0.7738521168753727 0.09101073345259392 0.15891472868217055
13 0.436046511627907 0.8463029218843172 0.09615384615384616 0.12432915921288014
1 0.45449463327370304 0.7304710793082886 0.06551878354203935 0.07692307692307691
1 0.4978756708407871 0.7722122838401908 0.07222719141323793 0.12581991651759092
1 0.544051878354204 0.840190816935003 0.10778175313059034 0.1800834824090638
1 0.6055456171735242 0.6645796064400715 0.10688729874776387 0.1735241502683363
1 0.5382379248658319 0.6460942158616577 0.0684257602862254 0.11210494931425163
1 0.6464669051878354 0.7994931425163982 0.14311270125223613 0.16964818127608824
1 0.509391771019678 0.5254919499105545 0.09525939177101968 0.1338700059630292
1 0.4729427549194991 0.45542635658914726 0.0872093023255814 0.1332737030411449
1 0.3904293381037567 0.4279964221824687 0.09615384615384616 0.11419200954084674
1 0.3722048300536673 0.5427847346451997 0.09816636851520573 0.13685152057245079
