1 0.15506172839506174 0.10992547425474254 0.10469135802469136 0.06402439024390244
1 0.26160493827160497 0.07757452574525746 0.07234567901234568 0.07181571815718157
1 0.2025925925925926 0.19258130081300812 0.05160493827160494 0.041666666666666664
1 0.1808641975308642 0.34315718157181574 0.04666666666666667 0.07859078590785908
1 0.14814814814814814 0.23492547425474256 0.027160493827160494 0.08434959349593496
1 0.13555555555555557 0.33113143631436315 0.03160493827160494 0.08570460704607046
13 0.36703703703703705 0.206470189701897 0.032839506172839504 0.06944444444444445
13 0.4185185185185185 0.24627371273712736 0.06567901234567901 0.06368563685636856
1 0.3814814814814815 0.29759485094850946 0.03802469135802469 0.0701219512195122
13 0.2983950617283951 0.4778116531165312 0.13160493827160494 0.09722222222222222
1 0.37234567901234567 0.3871951219512195 0.07506172839506173 0.1388888888888889
1 0.3719753086419753 0.5528455284552846 0.0871604938271605 0.12601626016260162
1 0.44222222222222224 0.5318428184281843 0.03901234567901234 0.09823848238482384
1 0.47197530864197534 0.4110772357723577 0.05851851851851852 0.08434959349593496
1 0.4918518518518519 0.3497628726287263 0.04691358024691358 0.03827913279132791
1 0.4804938271604938 0.25220189701897017 0.09580246913580247 0.12025745257452575
1 0.5714814814814815 0.3155487804878049 0.05851851851851852 0.0647018970189702
1 0.5448148148148149 0.18377371273712736 0.0545679012345679 0.16158536585365854
1 0.5819753086419753 0.4180216802168022 0.028641975308641977 0.12195121951219512
1 0.6354320987654322 0.4317411924119241 0.05358024691358025 0.14126016260162602
1 0.5425925925925926 0.5482723577235772 0.06345679012345679 0.08976964769647697
1 0.5977777777777777 0.6084010840108401 0.05728395061728395 0.14363143631436315
1 0.6591358024691358 0.5282859078590786 0.0545679012345679 0.09722222222222222
13 0.1254320987654321 0.5396341463414634 0.15160493827160496 0.23780487804878048
1 0.13271604938271606 0.7244241192411924 0.13407407407407407 0.09315718157181571
1 0.2662962962962963 0.6175474254742548 0.10148148148148148 0.14498644986449866
1 0.2758024691358025 0.6837737127371274 0.06765432098765432 0.07079945799457994
1 0.12728395061728395 0.823340108401084 0.11925925925925926 0.0768970189701897
1 0.19654320987654322 0.7859078590785907 0.03950617283950617 0.06300813008130081
1 0.20555555555555555 0.8633130081300813 0.032839506172839504 0.0836720867208672
1 0.3125925925925926 0.7557588075880759 0.056790123456790124 0.06571815718157181
1 0.244320987654321 0.9288617886178862 0.11481481481481481 0.09146341463414634
1 0.33135802469135806 0.9330962059620597 0.06864197530864198 0.0836720867208672
1 0.35987654320987655 0.8565379403794038 0.10444444444444445 0.0674119241192412
1 0.3354320987654321 0.7853997289972899 0.05160493827160494 0.09857723577235772
