1 0.5201582036233733 0.28845254791958863 0.07935697882112784 0.2085086489013558
1 0.4741005358509824 0.4270687237026648 0.11737688185761673 0.16129032258064516
1 0.548226588415412 0.43899018232819076 0.0696606277111508 0.12155212716222534
1 0.6220974738453687 0.2847124824684432 0.048481755549885173 0.08882655446470314
13 0.7103853023730543 0.09420289855072464 0.08879816279663179 0.18840579710144928
1 0.6652207195713192 0.2646096306685367 0.05103342689461597 0.09817671809256663
1 0.4821383005868844 0.5420757363253857 0.11099770349578973 0.14352501168770454
1 0.40660882878285276 0.49625993454885464 0.06761929063536616 0.12669471715755026
13 0.45547333503444754 0.6694717157550257 0.19188568512375606 0.21879382889200563
13 0.3255932635876499 0.5060776063581113 0.08879816279663179 0.23983169705469848
13 0.33452411329420767 0.766713417484806 0.08012248022454707 0.21131369798971483
1 0.2665220719571319 0.5610098176718092 0.07017096198009697 0.10378681626928472
1 0.2344985965807604 0.39153810191678357 0.09543250829293186 0.2463768115942029
13 0.25427404950242405 0.2702197288452548 0.09211533554478182 0.11220196353436186
1 0.14302117887216126 0.4406264609630669 0.11559071191630517 0.18840579710144928
1 0.06761929063536616 0.4074333800841515 0.0898188313345241 0.2024310425432445
1 0.08509823934677213 0.5511921458625526 0.04975759122225057 0.10659186535764377
1 0.13472824700178615 0.5773726040205703 0.04490941566726205 0.06919121084618982
1 0.20285787190609847 0.6584852734922861 0.04337841286042358 0.0949041608228144
