13 0.9083194675540766 0.08253725640045854 0.1108153078202995 0.1138708444784104
1 0.9134775374376041 0.15055406954528086 0.12113144758735442 0.10087886893389376
1 0.7926788685524127 0.1322124570118456 0.06855241264559069 0.07413068398930073
1 0.6700499168053244 0.2046236148261368 0.05757071547420965 0.09591134887275506
1 0.7414309484193011 0.14291173098968285 0.06123128119800333 0.07183798242262132
1 0.786522462562396 0.2300343905235002 0.07221297836938437 0.07030951471150172
1 0.7650582362728785 0.35995414596866643 0.12445923460898503 0.11692777990064959
1 0.664891846921797 0.3068398930072602 0.09317803660565724 0.08941536110049675
13 0.5650582362728785 0.5097439816583874 0.11114808652246257 0.20252197172334735
13 0.6460898502495841 0.6494077187619411 0.13876871880199668 0.10508215513947268
13 0.4798668885191348 0.6100496752006114 0.1470881863560732 0.11119602598395109
13 0.550748752079867 0.38058846006878105 0.09517470881863561 0.13068398930072603
1 0.6485856905158071 0.8144822315628583 0.0978369384359401 0.1165456629728697
1 0.5700499168053245 0.8463889950324799 0.06455906821963395 0.05655330531142529
1 0.6948419301164726 0.7405426060374475 0.09251247920133111 0.08330149025601834
