13 0.8354908306364617 0.8622537158658832 0.16774541531823084 0.17317663325267887
13 0.7509439050701185 0.7789491876944349 0.07308522114347356 0.1164880746629796
13 0.7246494066882416 0.899930867611476 0.07173678532901834 0.09367438645005186
1 0.6819039913700107 0.7512962322848254 0.08549083063646169 0.144141030072589
1 0.6042340884573894 0.843933632907017 0.0703883495145631 0.05772554441755963
1 0.5331715210355986 0.7353957829243001 0.09870550161812297 0.21189077082613203
1 0.6534519956850053 0.9581749049429658 0.09762675296655879 0.08365019011406843
1 0.5662081984897518 0.9376080193570688 0.06769147788565263 0.0708606982371241
13 0.4723570658036677 0.8273418596612513 0.10436893203883495 0.09021776702385068
1 0.5438241639697949 0.8513653646733494 0.053128371089536136 0.06152782578638092
13 0.4425566343042071 0.3866228828206015 0.06903991370010787 0.0750086415485655
1 0.4293419633225458 0.3396128586242655 0.05771305285868392 0.04182509505703422
1 0.38538295577130527 0.3577601106118216 0.0296655879180151 0.03733148980297269
1 0.401294498381877 0.1379191151054269 0.0895361380798274 0.08848945731075009
1 0.3961704422869471 0.21102661596958175 0.06148867313915857 0.06533010715520221
1 0.3278047464940669 0.09021776702385068 0.06607335490830636 0.08226754234358798
1 0.35409924487594385 0.03128240580712063 0.08036677454153182 0.06256481161424127
1 0.299487594390507 0.03076391289319046 0.04449838187702265 0.06152782578638092
1 0.2594390507011866 0.05979951607328033 0.036677454153182305 0.058762530245419976
1 0.34708737864077666 0.17317663325267887 0.04314994606256742 0.07466297960594538
1 0.19565803667745413 0.16781887314206706 0.05258899676375404 0.06878672658140339
13 0.20415318230852209 0.24662979605945384 0.08414239482200647 0.10197027307293467
1 0.2609223300970874 0.17594192879363982 0.030474649406688238 0.04977531973729692
