1 0.7777993779160186 0.742914979757085 0.26166407465007774 0.14777327935222673
1 0.5548211508553654 0.812753036437247 0.1290824261275272 0.15114709851551955
1 0.4171850699844479 0.7645074224021592 0.1088646967340591 0.14304993252361672
1 0.6279160186625194 0.5910931174089069 0.20917573872472783 0.20242914979757085
1 0.46967340590979784 0.5824898785425101 0.09797822706065319 0.14946018893387314
1 0.22881026438569207 0.7275641025641025 0.05404354587869362 0.12989203778677463
14 0.12849922239502332 0.7157557354925775 0.12091757387247279 0.12381916329284749
14 0.31493001555209954 0.8582995951417004 0.07542768273716952 0.07489878542510121
14 0.21345256609642302 0.8107287449392713 0.14541213063763608 0.04520917678812415
1 0.20703732503888025 0.626855600539811 0.18312597200622083 0.04520917678812415
1 0.380248833592535 0.5239541160593792 0.16640746500777606 0.06545209176788123
1 0.1922628304821151 0.48346828609986503 0.15746500777604977 0.09784075573549257
1 0.34817262830482115 0.3738191632928475 0.18234836702954899 0.20850202429149797
1 0.03343701399688958 0.4343792172739541 0.06687402799377916 0.18724696356275303
