1 0.18050234142188165 0.07683597541248788 0.09025117071094083 0.06114526043351667
1 0.2724563644103874 0.04593982529925591 0.06215410813111963 0.06858621805241023
1 0.22147722435078757 0.15577483015205437 0.04448701575138357 0.03979294726625688
1 0.20274584929757344 0.29957942413458427 0.040229885057471264 0.07505661598188289
1 0.17454235845040444 0.1962148172112585 0.023414218816517667 0.08055645422193465
1 0.16368667518092805 0.2880944678097703 0.02724563644103874 0.08185053380782918
13 0.36323967645806726 0.16903914590747332 0.028309919114516816 0.0663215787770948
13 0.40762026394210304 0.20705273374312522 0.05661983822903363 0.060821740537043034
1 0.37569178373776074 0.25606599805888064 0.032779906343124735 0.06696861857004206
13 0.30417198808003404 0.4281785829828535 0.11323967645806726 0.09285021028793271
1 0.367816091954023 0.3416370106761566 0.06470838654746701 0.1326431575541896
1 0.3674968071519796 0.4998382400517632 0.07513835674755215 0.12034940148819154
1 0.4280544912728821 0.479780006470398 0.033631332481907195 0.09382076997735361
1 0.4538101319710515 0.3642834034293109 0.05065985525755641 0.08087997411840829
1 0.4708386547467007 0.30572630216758334 0.04044274159216688 0.03623422840504691
1 0.4610472541507024 0.21271433193141379 0.08258833546189868 0.11484956324813977
1 0.5394848871860366 0.2732125525719832 0.05044699872286079 0.06179230022646393
1 0.5164963814389102 0.14720155289550307 0.04704129416773095 0.15464251051439665
1 0.5485312899106003 0.3710773212552572 0.02469135802469136 0.11646716273050793
1 0.594614729672201 0.38401811711420253 0.04618986802894849 0.13523131672597866
1 0.5145806726266496 0.49547072144936916 0.0547041294167731 0.08573277256551279
1 0.5621541081311197 0.552895503073439 0.04938271604938272 0.13717243610482047
1 0.61504895700298 0.47638304755742483 0.04704129416773095 0.09285021028793271
13 0.15495955725840785 0.48722096408929155 0.1306939123031077 0.22711096732449046
1 0.1612388250319285 0.6637010676156584 0.11558109833971904 0.08896797153024912
1 0.2763942103022563 0.5616305402782271 0.08748403575989783 0.138466515690715
1 0.28458918688803747 0.6248786800388224 0.05832269050659855 0.06761565836298933
1 0.15655598126862494 0.7581688773859593 0.10280970625798212 0.07343901649951473
1 0.216262239250745 0.7224199288256228 0.034057045551298425 0.06017470074409577
1 0.22403150276713496 0.796344225169848 0.028309919114516816 0.07990941442898739
1 0.3163048105576841 0.6936266580394694 0.04895700297999148 0.06276285991588483
1 0.25744997871434655 0.858945325137496 0.09897828863346105 0.08735037204788094
1 0.3324819071945509 0.8629893238434164 0.05917411664538101 0.07990941442898739
1 0.35706683695189445 0.7898738272403754 0.09003831417624521 0.064380459398253
1 0.33599404001702854 0.7219346489809124 0.04448701575138357 0.09414428987382725
