1 0.571680790960452 0.9142381348875938 0.1899717514124294 0.10879822370247018
1 0.8283898305084746 0.9582292533999446 0.11299435028248588 0.08354149320011103
1 0.9459745762711864 0.8932833749653067 0.10805084745762712 0.10574521232306412
1 0.8908898305084746 0.765750763252845 0.1285310734463277 0.13433250069386624
1 0.804731638418079 0.8207049680821539 0.10805084745762712 0.06106022758812102
13 0.6465395480225988 0.6845684152095477 0.2076271186440678 0.10574521232306412
13 0.8744703389830508 0.6265611990008327 0.1740819209039548 0.13127948931446018
13 0.7450564971751412 0.541909519844574 0.1518361581920904 0.18290313627532614
1 0.6308262711864406 0.5802109353316681 0.1182909604519774 0.06577851790174855
13 0.7962570621468926 0.4293644185401055 0.09887005649717515 0.10602275881210103
1 0.938912429378531 0.40660560643907856 0.12217514124293785 0.09325562031640301
1 0.965572033898305 0.30155426033860677 0.06885593220338983 0.1279489314460172
1 0.8875353107344632 0.1833194560088815 0.12535310734463276 0.070774354704413
1 0.7300494350282486 0.24687760199833475 0.1896186440677966 0.09630863169580905
1 0.6096398305084746 0.19442131557035805 0.13241525423728814 0.08853733000277547
13 0.6280014124293786 0.10754926450180406 0.13665254237288135 0.05689703025256731
1 0.7913135593220338 0.17055231751318348 0.10028248587570622 0.054676658340272
