1 0.5496217178460169 0.5797075606276748 0.11481975967957277 0.23145506419400858
1 0.6088117489986649 0.47289586305278175 0.09523809523809523 0.25392296718972895
1 0.6555407209612817 0.6333808844507847 0.1045838896306186 0.14764621968616262
1 0.5291499777481086 0.7321683309557775 0.11526479750778816 0.15049928673323823
1 0.6372941700044503 0.7492867332382311 0.08945260347129506 0.10485021398002853
1 0.6892523364485981 0.8200784593437946 0.05051179350244771 0.07952924393723253
1 0.7251891410769915 0.7155848787446505 0.08322207387627949 0.13231098430813124
1 0.4289052069425901 0.8429029957203995 0.07988429016466399 0.1508559201141227
1 0.3630396083667112 0.8380884450784594 0.11103693813974187 0.23965763195435094
1 0.4256786826880285 0.9714693295292439 0.07254116599910992 0.05706134094151213
1 0.5467289719626168 0.9434736091298146 0.06542056074766354 0.07453637660485021
1 0.641299510458389 0.9286733238231099 0.08099688473520249 0.06633380884450785
1 0.6418558077436582 0.9682596291012839 0.08166444147752559 0.06348074179743224
1 0.7830440587449933 0.7986804564907276 0.1054739652870494 0.07596291012838802
1 0.8133066310636404 0.7380527817403709 0.07298620382732532 0.06241084165477889
13 0.7567868268802848 0.48555634807417974 0.07610146862483311 0.07667617689015692
13 0.7404316866933689 0.41030670470756064 0.09279038718291055 0.08808844507845935
13 0.822429906542056 0.3559201141226819 0.05740987983978638 0.08131241084165478
1 0.8403426791277259 0.4388373751783167 0.056742323097463285 0.08095577746077033
1 0.8820649755229194 0.48626961483594866 0.05384957721406319 0.09165477888730385
1 0.9083222073876279 0.6490727532097005 0.06230529595015576 0.09557774607703282
13 0.4959946595460614 0.4500713266761769 0.08811748998664887 0.10912981455064194
