1 0.5988023952095809 0.11996557659208262 0.12068171349608475 0.13459552495697075
1 0.4694841087056656 0.08313253012048194 0.08360202671579918 0.1008605851979346
1 0.48387839705204977 0.0432013769363167 0.10363887609396592 0.0864027538726334
1 0.5542376784891755 0.17814113597246128 0.10525103638876095 0.13666092943201377
1 0.5069092584062644 0.22943201376936317 0.0856748042376785 0.09672977624784854
1 0.319207738369415 0.20292598967297765 0.1248272685398434 0.1717728055077453
1 0.39094887148779367 0.13407917383821 0.07945647167204054 0.14354561101549054
1 0.37724550898203596 0.28657487091222034 0.07461999078765547 0.16351118760757316
14 0.32335329341317365 0.06592082616179003 0.10041455550437586 0.13184165232358006
14 0.5412252418240442 0.30585197934595526 0.09258406264394288 0.11531841652323581
1 0.525218793182865 0.4201376936316696 0.1397973284200829 0.16006884681583478
1 0.43620451404882543 0.5354561101549054 0.1377245508982036 0.24612736660929432
1 0.3861123906034086 0.3953528399311532 0.11216029479502533 0.15111876075731498
1 0.21418701059419623 0.5261617900172118 0.07323813910640257 0.13803786574870913
1 0.1381851681252879 0.4826161790017212 0.10409949332105022 0.1287435456110155
1 0.09442653155228006 0.5786574870912221 0.11377245508982037 0.1493975903614458
1 0.328535237217872 0.6710843373493977 0.07485029940119761 0.14561101549053357
1 0.2966374942422847 0.7974182444061962 0.07508060801473976 0.1242685025817556
1 0.18344081068631968 0.6986230636833047 0.07208659603869184 0.08296041308089501
1 0.3561722708429295 0.7475043029259897 0.0684016582220175 0.12289156626506025
1 0.2273146015660986 0.8270223752151463 0.09672961768770152 0.09397590361445783
1 0.16098572086596039 0.8080895008605853 0.06356517733763242 0.08433734939759037
