1 0.47322375397667027 0.14988171679621493 0.13626723223753978 0.10577897938492734
1 0.6360021208907742 0.08364312267657992 0.15217391304347827 0.059817505914160185
1 0.659066808059385 0.3274754984792159 0.10816542948038177 0.15410611693139573
1 0.3536585365853659 0.38273065224738084 0.2682926829268293 0.20851639067252448
1 0.15906680805938495 0.4396755660696181 0.11558854718981973 0.16018925312605609
1 0.5792682926829269 0.46907739101047646 0.17550371155885475 0.08854342683338966
1 0.3666489925768823 0.5530584656978709 0.2550371155885472 0.07941872254139912
1 0.22057264050901382 0.7269347752619127 0.1855779427359491 0.09530246704967894
1 0.04533404029692471 0.6424467725582966 0.09066808059384943 0.09530246704967894
1 0.10153764581124074 0.6072997634335924 0.08324496288441147 0.05947955390334572
1 0.2378048780487805 0.6537681649205812 0.11717921527041358 0.030077728962487324
13 0.553287380699894 0.6490368367691788 0.10869565217391305 0.053734369719499825
1 0.7282608695652175 0.49746535991889146 0.10021208907741253 0.09057113889827643
1 0.7521208907741253 0.590233186887462 0.2020148462354189 0.0625211220006759
1 0.8997879109225876 0.6627238932071645 0.16330858960763522 0.08381209868198715
1 0.941675503711559 0.5839810746873944 0.1166489925768823 0.04866508955728286
13 0.9835630965005303 0.5263602568435282 0.032873806998939555 0.04697532950321054
13 0.5686638388123012 0.6929705981750591 0.21049840933191943 0.04156809733017911
