1 0.22500870776732848 0.11553427117629453 0.16509926854754442 0.06704579467225383
1 0.4195402298850575 0.15115234959592938 0.11041448972483456 0.05507333133792278
1 0.4212817833507489 0.09862316671655194 0.13967258794845003 0.06135887458844658
1 0.2641936607453849 0.18452559114037714 0.133402995471961 0.08051481592337624
1 0.3098223615464995 0.24947620472912305 0.11668408220132359 0.04938641125411554
1 0.5818530128874957 0.3226578868602215 0.15290839428770464 0.10655492367554625
1 0.508707767328457 0.23151750972762647 0.0776732845698363 0.10745285842562108
1 0.46847788227098575 0.36052080215504345 0.05712295367467782 0.13379227776114935
14 0.6365377917102055 0.19709667764142474 0.10762800417972833 0.11762945225980247
14 0.23232323232323232 0.29332535169111046 0.1198188784395681 0.06584854833882071
1 0.20950888192267503 0.3929961089494164 0.18843608498780914 0.08260999700688418
1 0.2882270985719262 0.5305297815025442 0.13618948101706724 0.18287937743190663
1 0.4134447927551376 0.44328045495360674 0.1386276558690352 0.09278659084106555
1 0.6017067223963776 0.6348398683029034 0.06861720654824104 0.10535767734211315
1 0.7244862417276211 0.6382819515115236 0.13584117032392895 0.07273271475606106
1 0.7479972135144549 0.737503741394792 0.14315569487983282 0.08919485184076624
1 0.38505747126436785 0.6932056270577672 0.06722396377568791 0.11254115534271177
1 0.38000696621386276 0.8106854235258905 0.08011145942180425 0.08829691709069142
1 0.5764541971438524 0.7886860221490573 0.09752699407871822 0.04310086800359174
1 0.31661442006269597 0.740796168811733 0.06687565308254964 0.09158934450763245
1 0.4653430860327412 0.8693504938641126 0.14002089864158832 0.03801257108650105
1 0.56478578892372 0.8876085004489674 0.07906652734238942 0.051182280754265196
