13 0.5426104507737161 0.3047091412742382 0.13747477012783135 0.2126038781163435
13 0.5570755774837408 0.5024238227146814 0.13186813186813187 0.13642659279778394
13 0.6343350527023996 0.590893351800554 0.10293787844808254 0.18178670360110805
13 0.7346938775510204 0.4040858725761773 0.09329446064139943 0.1724376731301939
13 0.6584435972191075 0.3157894736842105 0.07086790760260149 0.2236842105263158
13 0.923525454137699 0.524584487534626 0.10630186140390223 0.09349030470914127
13 0.6966808701502579 0.6644736842105263 0.10293787844808254 0.10041551246537396
13 0.34211706660686253 0.46831717451523547 0.0706436420722135 0.078601108033241
13 0.3397622785377888 0.565270083102493 0.06144875532630635 0.09522160664819945
13 0.2436644987665396 0.2702562326869806 0.06570980040367796 0.10907202216066482
13 0.6286162816775062 0.8836565096952909 0.06548553487328998 0.14958448753462603
