14 0.4565156206023079 0.05281794039539687 0.1497326203208556 0.10563588079079374
14 0.6349563748944553 0.05045736205370316 0.15311004784688995 0.10091472410740632
14 0.48592738530819024 0.21112422543523163 0.15845764142977764 0.13189731484213632
14 0.660427807486631 0.14089701976984362 0.1393188854489164 0.11950427854824432
14 0.8855896425555868 0.11257007966951903 0.22882071488882633 0.22514015933903805
14 0.7258654658035463 0.2509589849513131 0.13566000562904587 0.12009442313366775
14 0.6439628482972136 0.3442018294482148 0.10075992119335772 0.11124225435231631
14 0.9207711792851111 0.3511360283269401 0.15845764142977764 0.2549424609029212
14 0.7606248240923164 0.38506934198878723 0.15789473684210525 0.19415756860430805
14 0.40993526597241764 0.3943641192092062 0.20743034055727555 0.2033048096783712
14 0.5858429496200394 0.5064915904396577 0.16352378271882914 0.21805842431395692
14 0.7908809456797072 0.5421953378577752 0.2245989304812834 0.1891413396282089
14 0.5842949620039403 0.7078784302154028 0.15930199831128622 0.12806137503688403
14 0.8190261750633268 0.7106816169961641 0.1547987616099071 0.12363529064620832
