1 0.3128619323377019 0.6565010956902849 0.058823529411764705 0.147918188458729
1 0.39393477598293203 0.7381300219138057 0.12465711673270344 0.08254200146092038
1 0.3124047546479732 0.7808619430241052 0.06705272782688204 0.07304601899196494
1 0.1965864065833587 0.7003287070854639 0.045108198719902466 0.05514974433893353
13 0.05592807071014934 0.5953250547845143 0.07406278573605607 0.1344046749452155
1 0.14355379457482473 0.7050766983199416 0.04693690947881743 0.06172388604821037
1 0.4088692471807375 0.827063550036523 0.12039012496190185 0.06975894813732651
1 0.4847607436757086 0.758400292184076 0.06309052118256629 0.07925493060628196
13 0.46540688814385855 0.9090577063550037 0.21578786955196586 0.09349890430971512
13 0.5784821700701005 0.7288166544923301 0.06339530630905212 0.17202337472607743
13 0.6223712282840597 0.9253104455807158 0.05912831453825053 0.1493791088385683
1 0.6568119475769582 0.7425127830533236 0.07253886010362694 0.056245434623813005
1 0.6577263029564157 0.6024470416362309 0.07131971959768363 0.17421475529583638
13 0.6101798232246266 0.5213659605551497 0.10179823224626637 0.05149744338933528
1 0.7715635476988723 0.5966033601168736 0.11490399268515696 0.10847333820306794
1 0.8500457177689729 0.5379839298758218 0.07497714111551355 0.13659605551497445
1 0.8599512343797622 0.6523009495982469 0.04358427308747333 0.07012417823228634
1 0.8093569033831148 0.6944850255661067 0.04602255409935995 0.038349159970781595
1 0.749009448338921 0.7856099342585829 0.03687900030478512 0.0635500365230095
