1 0.44732441471571904 0.5733065264460254 0.1729096989966555 0.11970306217135789
1 0.27842809364548493 0.6336220228889576 0.1508361204013378 0.11784720074234457
1 0.14364548494983276 0.6076399628827714 0.16421404682274246 0.14815960408289516
1 0.3491638795986622 0.5230436127435818 0.09565217391304347 0.08103928240024745
1 0.3269230769230769 0.47479121558923604 0.08060200668896321 0.07547169811320756
1 0.21872909698996654 0.5482523971543458 0.08628762541806019 0.08320445406742964
1 0.06438127090301003 0.668419424682957 0.12876254180602006 0.1286730590782555
1 0.026254180602006686 0.599752551809465 0.05250836120401337 0.0952675533560161
1 0.1285953177257525 0.5173213733374575 0.08929765886287624 0.07392514692236314
1 0.06120401337792642 0.5071141354778843 0.1177257525083612 0.09372100216517168
