1 0.9800529208223082 0.03764506085479762 0.03989415835538367 0.07529012170959525
1 0.3487685731732139 0.364704217378998 0.141054345613678 0.19275403339937727
1 0.3905963769590881 0.4663175771299179 0.120903724811724 0.14180583073874892
1 0.44992876043150826 0.34206057175205207 0.1113372684714024 0.1576563826776111
1 0.4186851211072664 0.2397395980752901 0.10462039487075107 0.1426549674497594
1 0.3875432525951557 0.6426549674497594 0.09444331365764298 0.13897537503538068
14 0.37624669244860576 0.779224455137277 0.12965601465499696 0.1590716105292952
1 0.5020354162426216 0.7322388904613643 0.10563810299206187 0.1669968864987263
1 0.42560553633217996 0.5918482875742994 0.08996539792387544 0.12227568638550806
1 0.5215754121717892 0.622275686385508 0.07144311011601873 0.09029153693744692
1 0.5781599837166701 0.533682422870082 0.07917769183798087 0.12086045853382393
1 0.5675758192550376 0.42046419473535235 0.062487278648483614 0.10500990659496177
1 0.6412578872379402 0.4697141239739598 0.11418685121107267 0.1508632889895273
1 0.6060451862405862 0.3515425983583357 0.08080602483207816 0.13586187376167563
1 0.5630979035212701 0.2291253891876592 0.07836352534093222 0.13388055476931784
1 0.5243232240993283 0.3625813756014718 0.056584571544880925 0.07529012170959525
1 0.617138204762874 0.28587602604019247 0.06635456950946468 0.09793376733654117
14 0.6102177895379605 0.6999716954429662 0.07246081823732953 0.1086894990093405
1 0.5890494606146957 0.7669119728276252 0.06920415224913495 0.08236626096801584
1 0.6620191329126807 0.7333710727427115 0.06004477915733768 0.07585621285026889
1 0.5943415428455119 0.8378148881969997 0.05495623855078364 0.08661194452306821
1 0.6112354976592713 0.9336258137560146 0.0789741502137187 0.1168978205491084
14 0.5613677997150417 0.9156524200396263 0.08955831467535111 0.1052929521652986
1 0.664868715652351 0.8992357769600905 0.07185019336454306 0.09849985847721482
1 0.7357012008955831 0.7771016133597508 0.06452269489110524 0.09934899518822529
1 0.7351923468349277 0.8900367959241438 0.0630979035212701 0.10953863572035097
1 0.7818033787909627 0.8546560996320407 0.08955831467535111 0.13161619020662327
