14 0.5164771070282882 0.9369031377899045 0.14289880431612717 0.126193724420191
14 0.33945756780402453 0.7401091405184175 0.15748031496062995 0.12824010914051842
14 0.11140274132400117 0.5499658935879945 0.0694079906678332 0.1606412005457026
14 0.17337416156313795 0.5845839017735335 0.062117235345581806 0.13847203274215553
14 0.05497229512977545 0.7629604365620737 0.1099445902595509 0.11664392905866303
14 0.12321376494604842 0.3497612551159618 0.06270049577136191 0.123806275579809
14 0.2136191309419656 0.36766712141882674 0.06794983960338291 0.12210095497953616
14 0.4569845435987169 0.5494542974079127 0.11431904345290173 0.12346521145975443
14 0.21376494604841065 0.23806275579809005 0.15456401283172938 0.1043656207366985
14 0.5411198600174979 0.2783083219645293 0.13385826771653545 0.10300136425648022
