13 0.25512605042016806 0.5004102564102564 0.26218487394957984 0.09784615384615385
13 0.38588235294117645 0.6411282051282051 0.12302521008403362 0.1442051282051282
13 0.44638655462184873 0.39466666666666667 0.1465546218487395 0.176
13 0.5783193277310924 0.6127179487179487 0.16168067226890756 0.1403076923076923
13 0.525546218487395 0.3009230769230769 0.12201680672268908 0.09887179487179487
13 0.40252100840336136 0.2687179487179487 0.14689075630252102 0.06276923076923077
13 0.7512605042016807 0.3059487179487179 0.11764705882352941 0.06707692307692308
13 0.7860504201680673 0.6842051282051281 0.1354621848739496 0.054769230769230764
13 0.8198319327731093 0.7996923076923077 0.1465546218487395 0.12
13 0.9668907563025211 0.7297435897435897 0.06621848739495799 0.06543589743589744
