1 0.7072760623662488 0.5710688304420818 0.2118618159584225 0.40570789031897037
13 0.6783858147355548 0.31029658645775043 0.1962702537450321 0.18410744264129827
1 0.549373280342403 0.5777839955232233 0.1467441149495567 0.3340794627867935
1 0.5794863955976766 0.7722439843312815 0.09935799449709569 0.17011751538892
13 0.47875267502292873 0.7767207610520426 0.0721491898501987 0.1421376608841634
13 0.6754815041271782 0.07330721880246223 0.1317639865484561 0.14661443760492446
1 0.3217670437175176 0.39227756015668724 0.15805564047691836 0.21152770005595972
1 0.4110363803118312 0.19753777280358145 0.11036380311831244 0.1667599328483492
1 0.41898501987159886 0.6502518186905428 0.08529501681442983 0.3066592053721321
1 0.4059920513604402 0.44208170117515394 0.06970345460103944 0.13878007834359263
