1 0.5647601949217748 0.26712506486766996 0.20518081559374196 0.21613907628437987
1 0.7218517568607334 0.1743642968344577 0.20800205180815592 0.20653866113129216
1 0.799179276737625 0.3261546445251686 0.24160041036163116 0.2361183186299948
1 0.5570659143370095 0.4120394395433316 0.18158502180046165 0.17747794499221586
1 0.747114644780713 0.44784639335755055 0.16773531674788406 0.17332641411520497
1 0.7105668120030777 0.5507265179034769 0.12490382149269043 0.12013492475350285
13 0.8850987432675044 0.5565646081992734 0.21338804821749163 0.20083030617540218
13 0.8939471659399846 0.6974571873378308 0.1751731213131572 0.16294758692267772
1 0.6856886381123365 0.6942138038401661 0.1423441908181585 0.1564608199273482
1 0.5323159784560143 0.6656720290607161 0.138753526545268 0.12947586922677737
1 0.5769428058476532 0.7882719252724442 0.2049243395742498 0.20550077841203943
13 0.38061041292639136 0.6227296315516346 0.11284944857655808 0.13077322262584326
13 0.3080276994101051 0.6591852620653865 0.14567837907155679 0.17773741567202905
13 0.4299820466786355 0.8096782563570316 0.09258784303667607 0.10975609756097561
1 0.20543729161323415 0.2676440062272963 0.24672993075147473 0.2182148417228853
1 0.23185432162092842 0.4242345614945511 0.24057450628366245 0.26829268292682923
1 0.09169017696845344 0.4329268292682927 0.18338035393690688 0.23015049299429163
13 0.32751987689151063 0.07122470160871822 0.14619133111054114 0.14244940321743643
