1 0.9432171211598205 0.8146749393040194 0.0638591646530894 0.0830860534124629
1 0.7666551605108732 0.9630428918262746 0.1277183293061788 0.07391421634745077
1 0.875733517431826 0.9678985702724575 0.11460131170176044 0.06420285945508497
1 0.87141870900932 0.8987051524143512 0.1625819813600276 0.10008092797410305
1 0.12547462892647565 0.034664148907472346 0.09837763203313772 0.06932829781494469
1 0.13652053848809112 0.10871324521176152 0.25509147393855713 0.14890747234960885
1 0.07542285122540558 0.2541138386835716 0.12875388332758025 0.08524413272187753
1 0.2557818432861581 0.21418937145940112 0.10769761822575077 0.1132991637442676
1 0.28356920952709697 0.10574588616131643 0.10735243355195029 0.1073644456433774
1 0.4135312392129789 0.12732667925546262 0.1380738695201933 0.13541947666576745
1 0.43355195029340693 0.2628810358780685 0.12702795995857782 0.11572700296735905
1 0.5179496030376252 0.17251146479633125 0.15084570245081116 0.13245211761532236
14 0.36503279254401105 0.3444834097653089 0.13082499137038314 0.14081467493930402
14 0.30410769761822576 0.2743458322093337 0.08905764584052468 0.060426220663609385
14 0.22385226095961339 0.374831400053952 0.11494649637556092 0.132991637442676
14 0.17569899896444596 0.28635014836795253 0.1380738695201933 0.13730779606150526
14 0.2676907145322748 0.7686808740221203 0.10873317224715222 0.0596169409225789
14 0.22316189161201241 0.8587806851901807 0.1563686572316189 0.14000539519827354
1 0.33983431135657577 0.8483949285136229 0.0804280289955126 0.06366333962773131
1 0.5642043493268899 0.7062314540059347 0.0638591646530894 0.0830860534124629
1 0.5088022091819123 0.9708659293229026 0.13324128408698654 0.058268141354194766
1 0.5666206420434933 0.9174534664148907 0.12806351397997928 0.0976530887510116
1 0.47739040386606835 0.8678176422983545 0.11460131170176044 0.0917183706501214
1 0.5495340006903693 0.8067170218505529 0.1629271660338281 0.10008092797410305
