14 0.21366806136680613 0.895819397993311 0.1707112970711297 0.15953177257525084
14 0.4729428172942817 0.7722408026755853 0.15369595536959554 0.11438127090301002
14 0.6584379358437936 0.6479933110367893 0.19330543933054392 0.237123745819398
14 0.07433751743375175 0.6377926421404682 0.1486750348675035 0.1919732441471572
14 0.2744769874476988 0.38795986622073575 0.09205020920502092 0.22608695652173913
14 0.23263598326359833 0.5595317725752508 0.1723849372384937 0.11036789297658862
14 0.1295676429567643 0.36989966555183945 0.1096234309623431 0.27224080267558526
14 0.504741980474198 0.4095317725752508 0.1297071129707113 0.2665551839464883
14 0.7947001394700139 0.2906354515050167 0.1372384937238494 0.19866220735785953
14 0.6149232914923292 0.182943143812709 0.14532775453277547 0.12307692307692307
