1 0.5370875713222525 0.7085377821393524 0.1458695112875217 0.15701668302257116
13 0.5948896055569337 0.8631010794896958 0.10320019846192012 0.19398102715080145
13 0.4899528652939717 0.6033693163231927 0.09377325725626395 0.10827608766764803
13 0.4295460183577276 0.5124304874059535 0.1223021582733813 0.15276414785737652
1 0.5141404118084842 0.5 0.062267427437360454 0.09519136408243377
1 0.5564376085338626 0.5446516192345436 0.05060778963036467 0.0745829244357213
1 0.5871992061523195 0.6133464180569186 0.05755395683453237 0.09944389924762839
1 0.666211858099727 0.7105004906771345 0.062267427437360454 0.1197252208047105
1 0.6505829818903498 0.5929015374550213 0.055321260233192754 0.10631337912986588
1 0.6142396427685438 0.7230945371279032 0.04961548002976929 0.10107948969578018
