1 0.271712158808933 0.32163080407701017 0.1869313482216708 0.17516043790109476
1 0.4352770885028949 0.3716496791241978 0.0740281224152192 0.20800302000755003
1 0.19478908188585609 0.20196300490751226 0.16129032258064516 0.11702529256323141
1 0.380686517783292 0.18384295960739902 0.08643507030603804 0.13892034730086825
1 0.23986765922249792 0.11268403171007928 0.1282051282051282 0.06530766326915817
1 0.5088916459884202 0.18724046810117026 0.07485525227460711 0.11627029067572668
1 0.5446650124069479 0.33031332578331446 0.08105872622001654 0.13439033597583994
1 0.6042183622828784 0.5324650811627029 0.1728701406120761 0.16949792374480935
14 0.7839123242349049 0.6955454888637221 0.24855252274607112 0.29709324273310683
1 0.9083953680727874 0.4943374858437146 0.18320926385442515 0.09777274443186108
1 0.7859801488833746 0.39543223858059645 0.12861869313482216 0.07512268780671952
1 0.7562034739454094 0.2829369573423933 0.2022332506203474 0.0985277463193658
1 0.6594292803970223 0.15402038505096263 0.08891645988420183 0.08607021517553794
