14 0.1614770972722594 0.5659163987138264 0.21538857436953168 0.2658092175777063
14 0.3301595470921256 0.6452304394426581 0.07925887802367473 0.34190782422293675
14 0.2509006690684509 0.3394962486602358 0.12763767370046322 0.16988210075026794
1 0.3652856407617087 0.31055734190782425 0.09392691713844571 0.1677384780278671
1 0.30841482243952656 0.1270096463022508 0.15156973751930006 0.13290460878885316
1 0.43502316006176023 0.14362272240085744 0.040916109109624295 0.12754555198285103
1 0.5478641276376738 0.48821007502679525 0.046834791559444165 0.27009646302250806
1 0.5859495625321668 0.13317256162915328 0.04529078744209985 0.26634512325830656
1 0.6332990221307258 0.46489817792068594 0.07308286155429748 0.2920685959271168
1 0.6582604220277921 0.2792068595927117 0.07411219763252702 0.26259378349410506
1 0.7147452393206383 0.22695605573419078 0.13252702007205353 0.23097534833869238
1 0.7533453422542461 0.4153269024651661 0.07436953165208442 0.10396570203644158
14 0.6688111168296449 0.6988210075026795 0.04220277920741122 0.1339764201500536
1 0.6596757591353578 0.87513397642015 0.12274832732887289 0.15969989281886388
1 0.7138445702521874 0.6846195069667739 0.04014410705095214 0.1870310825294748
1 0.8453422542460114 0.819935691318328 0.04117344312918168 0.17792068595927116
1 0.8916623777663408 0.8869239013933548 0.02985074626865672 0.20793140407288316
1 0.8108594956253218 0.3459271168274384 0.04065877509006691 0.11736334405144694
1 0.45882655687081836 0.4255091103965702 0.03705609881626351 0.16613076098606644
