1 0.6118543870566272 0.07085960836375706 0.1135656502800249 0.08529704613342184
1 0.620099564405725 0.1369067374709592 0.07467330429371499 0.04546963159641554
1 0.4755756067205974 0.13989379356123466 0.1179215930304916 0.10122801194822437
1 0.49579962663347854 0.043644208430136076 0.12165525824517735 0.08728841686027215
1 0.5939639079029247 0.24062396282774645 0.15930304915992533 0.11018918021905079
1 0.6986621032980709 0.19382675074676403 0.09054138145612943 0.13076667772983738
1 0.7373988799004356 0.3192831065383339 0.09209707529558182 0.0896116827082642
1 0.6193217174859987 0.38450049784268175 0.0731176104542626 0.14039163624294723
1 0.7370877411325452 0.4361101891802191 0.05849408836341008 0.1294390972452705
1 0.6745488487865589 0.5628941254563559 0.08462974486621033 0.10421506803849984
1 0.8424082140634723 0.44440756720876207 0.13970130678282514 0.17192167275141057
1 0.884411947728687 0.55210753401925 0.1285003111387679 0.1397278460006638
1 0.7535780958307405 0.6141719216727515 0.09520846297448662 0.1397278460006638
14 0.8749222153080274 0.6425489545303684 0.1431238332296204 0.07168934616661135
14 0.7840696950840075 0.7530700298705609 0.1313005600497822 0.10089611682708265
14 0.6499688861232109 0.6876866910056423 0.12445550715619166 0.10089611682708265
1 0.503889234598631 0.6154995021573183 0.11729931549471063 0.1330899435778294
1 0.4556627255756067 0.365250580816462 0.1285003111387679 0.2452704945237305
1 0.31611698817672684 0.40375041486890145 0.1431238332296204 0.22668436773979422
1 0.37523335407591785 0.6498506471954862 0.11512134411947729 0.19249917026219715
14 0.17983820784069696 0.5328576169930302 0.2744243932794026 0.15034848987719882
1 0.0633167392657125 0.3738798539661467 0.06440572495332919 0.10056422170594093
1 0.11232109520846298 0.2162296714238301 0.0777846919726198 0.1483571191503485
1 0.04495955196017424 0.19249917026219715 0.07000622277535781 0.16461998008629275
