1 0.43704121964991527 0.9527687296416938 0.10841332580463015 0.09446254071661236
1 0.379587803500847 0.884660941664199 0.1064370412196499 0.070180633698549
1 0.49999999999999994 0.8735564110156944 0.1005081874647092 0.07403020432336392
1 0.2947487295313382 0.7903464613562333 0.057029926595143984 0.08232158720758069
1 0.30448898927159795 0.7040272431151909 0.0533596837944664 0.08913236600533017
1 0.33695652173913043 0.800266508735564 0.040372670807453416 0.08320994965946106
1 0.3578486730660643 0.6939591353272134 0.05223037831733483 0.07610305004441811
13 0.5873800112930547 0.7536274800118448 0.048842461885940144 0.059224163458691144
1 0.4463579898362507 0.5689961504293751 0.1439864483342744 0.1063073734083506
1 0.5393845285149632 0.6135623334320403 0.09853190287972896 0.14154575066627184
1 0.4973178994918125 0.47216464317441514 0.11716544325239976 0.11045306485045898
1 0.23094297007340484 0.5362748001184483 0.17673630717108976 0.22149837133550487
1 0.3644833427442123 0.45528575658868814 0.12140033879164314 0.13888066331063073
1 0.3804347826086956 0.3747408942848682 0.07707509881422925 0.07432632514065739
1 0.2571993224167137 0.3158128516434705 0.09881422924901186 0.09387029908202546
1 0.209768492377188 0.38184779389991114 0.1564088085827216 0.09209357417826472
1 0.3204404291360813 0.16020136215575953 0.132128740824393 0.06810778797749481
1 0.33018068887634106 0.2136511696772283 0.09175607001693957 0.05478235119928931
1 0.4397233201581027 0.25496002368966536 0.0719932241671372 0.09357417826473201
1 0.4709203839638622 0.17885697364524725 0.12196499153020891 0.0781758957654723
1 0.4203839638622247 0.11015694403316552 0.09542631281761715 0.08883624518803672
1 0.5911914172783738 0.4579508439443293 0.06437041219649915 0.09920047379330767
1 0.6939582156973461 0.6658276576843352 0.11914172783738 0.1270358306188925
1 0.7859966120835685 0.6932188332839798 0.08300395256916995 0.13088540124370743
13 0.7872670807453416 0.5809890435297601 0.08046301524562394 0.0775836541308854
1 0.7648221343873517 0.4958543085578916 0.05420666290231507 0.09742374888954693
1 0.6888763410502541 0.4141249629848978 0.08130999435347261 0.07906425821735268
1 0.8243929983060417 0.4592833876221498 0.08582721626199886 0.12614746816701214
1 0.7284020327498588 0.3252887177968611 0.10954263128176171 0.15131773763695586
1 0.8266516092603049 0.35919455137696177 0.08526256352343309 0.09949659461060112
13 0.5326086956521738 0.38836245188036717 0.042631281761716544 0.08143322475570032
