1 0.6173654671508749 0.6855694980694981 0.1426213271706834 0.27268339768339767
1 0.7921756355232751 0.6223455598455598 0.08550676791020138 0.0805984555984556
1 0.7594915813799934 0.7454150579150579 0.08154506437768241 0.19063706563706564
14 0.8697589963684385 0.5868725868725869 0.07956421261142292 0.059845559845559844
14 0.4584021129085507 0.5468146718146718 0.11389897655992078 0.12355212355212356
1 0.6219874546054804 0.44184362934362936 0.10960713106635854 0.13754826254826255
1 0.7428194123473094 0.5209942084942085 0.10828656322218555 0.11245173745173745
1 0.5990425883129746 0.29633204633204635 0.06503796632551997 0.13416988416988418
14 0.48382304390888087 0.3986486486486487 0.16209970287223507 0.1303088803088803
1 0.7981181908220535 0.4423262548262548 0.0835259161439419 0.1085907335907336
1 0.702542093100033 0.34266409266409265 0.06866952789699571 0.10617760617760617
1 0.8215582700561241 0.1986003861003861 0.1548365797292836 0.0834942084942085
1 0.6413007593265104 0.13272200772200773 0.14295146913172666 0.15154440154440155
1 0.7372069990095742 0.07673745173745174 0.11422911852096403 0.13416988416988418
