1 0.3789522628642281 0.41718266253869973 0.22473651580905143 0.23297213622291024
13 0.33818970861748293 0.27979876160990713 0.1773093614383137 0.18575851393188855
1 0.5218536887786732 0.4990325077399381 0.13546187228766274 0.21555727554179568
1 0.4747365158090514 0.27805727554179566 0.18319900805951642 0.20859133126934987
1 0.6208927464352139 0.4454334365325078 0.12151270923744575 0.12693498452012383
1 0.587569745815251 0.28560371517027866 0.0976441413515189 0.16640866873065016
13 0.5584314941103533 0.6060371517027864 0.15034097954122752 0.14860681114551083
13 0.6067885926844389 0.7321981424148607 0.11810291382517048 0.17182662538699692
13 0.7211717296962182 0.6263544891640868 0.11686298822070675 0.1296439628482972
1 0.7389956602603843 0.5172213622291022 0.12647241165530068 0.14047987616099072
1 0.7442653440793552 0.4150541795665635 0.15375077495350278 0.12577399380804954
1 0.6689398636081835 0.09926470588235295 0.21016738995660258 0.1985294117647059
1 0.818970861748295 0.25541795665634676 0.17420954742715436 0.17260061919504646
1 0.633911965282083 0.20220588235294118 0.14321140731556106 0.11958204334365326
