1 0.5689075630252101 0.06352899069434502 0.11372549019607843 0.09269863994273443
1 0.44705882352941173 0.03400143163922691 0.0907563025210084 0.06800286327845383
14 0.6222689075630252 0.16714387974230493 0.1196078431372549 0.09377236936292054
1 0.32577030812324925 0.19846098783106655 0.16694677871148458 0.14566929133858267
14 0.2621848739495798 0.06227630637079456 0.111484593837535 0.12455261274158912
1 0.438375350140056 0.24570508231925553 0.050420168067226885 0.13350035790980672
14 0.611344537815126 0.33392984967788114 0.17058823529411762 0.1238367931281317
1 0.43347338935574226 0.3741947029348604 0.12857142857142856 0.13493199713672155
1 0.5390756302521008 0.49373657838224766 0.13921568627450978 0.24803149606299213
1 0.46428571428571425 0.7482104509663564 0.15714285714285714 0.11989978525411596
1 0.38207282913165264 0.6701861130994989 0.058263305322128846 0.13421617752326412
1 0.3698879551820728 0.7997494631352898 0.06246498599439775 0.11130994989262705
1 0.3424369747899159 0.8827845382963493 0.11456582633053221 0.07193987115246958
1 0.2211484593837535 0.8192555476020043 0.10504201680672268 0.07229778095919828
1 0.23795518207282912 0.5773085182534001 0.08095238095238094 0.1395848246241947
1 0.13529411764705881 0.5418754473872583 0.1249299719887955 0.13385826771653542
14 0.09131652661064425 0.649964209019327 0.1372549019607843 0.1403006442376521
1 0.18235294117647058 0.7310307802433786 0.08123249299719887 0.1148890479599141
