1 0.7212858174813388 0.45294117647058824 0.07006982903924873 0.12080344332855093
13 0.7555983626294245 0.5192252510760401 0.09053696123284373 0.10588235294117647
1 0.654466650614014 0.5685796269727403 0.058752708885143265 0.08407460545193687
1 0.6293041175054177 0.6345767575322812 0.07247772694437755 0.08407460545193687
1 0.6205152901516976 0.5911047345767575 0.059715868047194795 0.06714490674318507
1 0.5393691307488563 0.603012912482066 0.07897905128822538 0.08005738880918221
1 0.5355164941006502 0.6573888091822094 0.08186852877437996 0.07862266857962696
1 0.5175776547074404 0.41850789096126256 0.08596195521309896 0.1253945480631277
1 0.48326510955935464 0.5401721664275466 0.0881290633277149 0.12195121951219512
1 0.43932097279075366 0.48063127690100427 0.0840356368889959 0.11248206599713055
1 0.605345533349386 0.4850789096126255 0.060679027209246325 0.08809182209469153
13 0.31049843486636164 0.4245337159253945 0.1601252106910667 0.13687230989956958
13 0.2840115579099446 0.2817790530846485 0.09222248976643391 0.1417503586800574
13 0.19491933542017817 0.4345767575322812 0.08885143269925355 0.16040172166427547
1 0.213700939080183 0.22410329985652797 0.0840356368889959 0.09583931133428981
1 0.16674692993017096 0.32037302725968436 0.046954009150012035 0.0806312769010043
13 0.3390320250421382 0.53012912482066 0.1449554538887551 0.1443328550932568
1 0.2304358295208283 0.5222381635581061 0.10161329159643631 0.12510760401721663
1 0.34854322176739705 0.3430416068866571 0.06766193113411992 0.08407460545193687
