1 0.6506572295247726 0.6030632693959347 0.25716211661611055 0.21671915259089605
13 0.5365689248399057 0.672487832808474 0.17526120660599934 0.15516747781276838
1 0.5679137175598248 0.7686802175780131 0.19750589821368386 0.18379616375608357
13 0.5749915739804516 0.26796450042943026 0.15706100438153017 0.13627254509018036
13 0.6786316144253455 0.25336387059833954 0.22885069093360297 0.18265101631835098
1 0.38995618469834853 0.33896364156885195 0.1914391641388608 0.1700543945032923
1 0.5158409167509269 0.17320354995705695 0.18705763397371084 0.16318350987689664
1 0.3087293562521065 0.2570855997709705 0.19750589821368386 0.17807042656742053
1 0.08240647118301314 0.6709132550815917 0.16481294236602628 0.25164614944174063
1 0.14020896528479948 0.5950472373318064 0.27502527805864513 0.2230174634984254
1 0.051735760026963264 0.4948468365302032 0.10347152005392653 0.20870312052676782
13 0.05830805527468824 0.3763240767248783 0.11661611054937648 0.11938162038362438
