1 0.7935646186440678 0.40061686086360526 0.11731991525423728 0.13776559287183002
1 0.758739406779661 0.28666895133653186 0.12076271186440678 0.14153529814941743
1 0.6800847457627118 0.31888279643591505 0.12764830508474576 0.1490747087045922
1 0.676509533898305 0.43163125428375604 0.1639300847457627 0.22035640849897192
1 0.7548993644067796 0.5190198766278273 0.1204978813559322 0.16141192597669637
1 0.6878972457627118 0.630568882796436 0.11255296610169492 0.15284441398217957
1 0.5880561440677966 0.4849211788896505 0.11890889830508475 0.17888965044551064
1 0.6096398305084746 0.6463331048663469 0.11758474576271187 0.15832762165867034
1 0.4937764830508475 0.6644962302947225 0.11520127118644068 0.13639479095270735
1 0.6557203389830508 0.7621658670322139 0.18908898305084745 0.2227553118574366
1 0.4909957627118644 0.7722755311857437 0.14353813559322035 0.1867717614804661
1 0.6001059322033898 0.8781699794379713 0.1753177966101695 0.2087045921864291
14 0.5320444915254238 0.923920493488691 0.1541313559322034 0.15215901302261825
14 0.4061175847457627 0.9150102810143935 0.14221398305084745 0.16997943797121318
1 0.390625 0.7398903358464702 0.13559322033898305 0.15969842357779301
1 0.3795021186440678 0.5466072652501713 0.14777542372881355 0.203564084989719
1 0.5182733050847458 0.32625085675119947 0.2018008474576271 0.29609321453050036
1 0.4351165254237288 0.2164153529814942 0.1954449152542373 0.29849211788896507
1 0.2886652542372881 0.18711446196024675 0.22616525423728814 0.2844413982179575
1 0.3045550847457627 0.44225496915695683 0.16684322033898305 0.2388622344071282
1 0.3421610169491525 0.06768334475668267 0.08103813559322035 0.10589444825222756
1 0.3098516949152542 0.04506511309115833 0.12764830508474576 0.09013022618231666
1 0.4695444915254237 0.04403701165181632 0.11440677966101695 0.08807402330363263
1 0.8979078389830508 0.04472241261137766 0.12102754237288135 0.08944482522275532
