13 0.9632707774798929 0.8132387706855793 0.06166219839142092 0.14724755150287067
1 0.8668900804289545 0.8336710570753124 0.07855227882037534 0.18541033434650459
1 0.9780160857908848 0.6958797703478555 0.04396782841823057 0.07193515704154002
1 0.9167560321715819 0.6511313745356299 0.09249329758713137 0.22289766970618036
1 0.7648793565683647 0.6443768996960487 0.05898123324396783 0.10739614994934145
1 0.8502680965147454 0.4959473150962513 0.10107238605898124 0.06585612968591692
1 0.9558981233243968 0.5172239108409321 0.08820375335120645 0.06855791962174941
1 0.9573726541554961 0.38855116514690985 0.08525469168900805 0.0894967916244512
1 0.8522788203753352 0.31188787571766297 0.09705093833780162 0.08747044917257683
1 0.9522788203753352 0.27321850726106045 0.09544235924932977 0.10672070246538333
14 0.7579088471849866 0.339581222559946 0.12654155495978553 0.07801418439716312
14 0.8071045576407507 0.4258696386355961 0.042627345844504026 0.07294832826747721
14 0.6918230563002682 0.45626477541371163 0.1219839142091153 0.0634920634920635
14 0.7615281501340483 0.538500506585613 0.11983914209115283 0.08814589665653497
14 0.336058981233244 0.24636946977372512 0.035120643431635394 0.09692671394799054
14 0.23994638069705096 0.248564674096589 0.11635388739946381 0.1094224924012158
1 0.2808310991957105 0.14572779466396488 0.04959785522788204 0.06112799729821007
1 0.4733243967828419 0.007936507936507938 0.07962466487935657 0.015873015873015876
1 0.2993297587131368 0.027017899358324892 0.07211796246648794 0.054035798716649784
