13 0.24557687515574383 0.09798334064007015 0.09145277846997259 0.1959666812801403
13 0.3245701470221779 0.18040333187198598 0.07351108896087714 0.08724243752740027
13 0.24744580114627462 0.2637001315212626 0.0548218290555694 0.09425690486628673
1 0.3613256915026165 0.27882507672073653 0.0922003488661849 0.09820254274441034
1 0.3167206578619487 0.4327049539675581 0.02591577373536008 0.1060938185006576
1 0.41004236232245206 0.5059184568171855 0.14328432594069276 0.09469530907496712
1 0.2153002741091453 0.40004384042086805 0.06279591328183404 0.13371328364752302
1 0.2614004485422377 0.5247698377904428 0.03787690007475704 0.09557211749232793
13 0.36169947670072267 0.6330556773345024 0.04261151258410167 0.1551950898728628
1 0.3270620483428856 0.5295922840859273 0.03413904809369549 0.07277509864094696
13 0.6749314727136806 0.526085050416484 0.04061799152753551 0.09644892590968873
1 0.7108148517318714 0.5306882946076282 0.01669573884874159 0.08899605436212188
1 0.7094443060054821 0.6058746163963175 0.02143035135808622 0.0394563787812363
1 0.8578370296536257 0.5041648399824639 0.04560179416895091 0.12889083735203857
1 0.8083727884375779 0.5374835598421746 0.0348866184899078 0.08592722490135905
1 0.9095439820583106 0.6025865848312144 0.0473461250934463 0.08811924594476107
1 0.9471716920009968 0.5394563787812363 0.03538499875404934 0.1179307321350285
1 0.963742835783703 0.6231915826391934 0.05108397707450785 0.04953967558088558
1 0.9479192623972091 0.698816308636563 0.03688013954647396 0.04384042086804033
1 0.8469972589085473 0.6012713722051732 0.04834288562172938 0.04866286716352477
1 0.8891103912285073 0.8362560280578694 0.04036880139546474 0.06882946076282333
13 0.8324196361824072 0.8502849627356422 0.05806130077248941 0.11354669004822447
1 0.8670570645402442 0.736957474791758 0.03164714677298779 0.03594914511179308
