1 0.5549217731421121 0.08810792804796802 0.1939374185136897 0.17621585609593604
13 0.4194915254237288 0.07878081279147235 0.16753585397653195 0.11758827448367755
13 0.7431551499348109 0.4158894070619587 0.13885267275097782 0.11425716189207195
13 0.8306714471968709 0.3634243837441706 0.12222946544980443 0.23317788141239174
1 0.5539439374185137 0.4696868754163891 0.18807040417209908 0.12391738840772819
1 0.7684159061277706 0.5383077948034644 0.16851368970013036 0.13391072618254496
1 0.553129074315515 0.5942704863424384 0.2059973924380704 0.11792138574283811
1 0.0635593220338983 0.41289140572951366 0.1271186440677966 0.2894736842105263
1 0.18171447196870924 0.3987341772151899 0.16590612777053454 0.26449033977348435
1 0.1386897001303781 0.5872751499000667 0.21610169491525424 0.1698867421718854
13 0.26792698826597133 0.6567288474350433 0.0788787483702738 0.15356429047301798
