14 0.11727272727272726 0.6762801648028252 0.18 0.10947616244849911
14 0.17745454545454545 0.5825485579752795 0.10181818181818181 0.057975279576221304
1 0.24527272727272725 0.6812831077104179 0.05709090909090909 0.13125367863449086
1 0.2276363636363636 0.5088287227781048 0.1338181818181818 0.07239552678045909
14 0.27545454545454545 0.4124484991171277 0.0789090909090909 0.06680400235432607
14 0.3463636363636363 0.4158328428487345 0.036 0.09123013537374926
1 0.4245454545454545 0.5707769276044732 0.05781818181818182 0.08505002942907593
1 0.524 0.5435550323719834 0.14327272727272727 0.09064155385520895
1 0.4218181818181818 0.4457033549146557 0.07709090909090908 0.0974102413184226
1 0.5443636363636364 0.45129487934078866 0.1338181818181818 0.08858151854031783
14 0.6650909090909091 0.5361977633902295 0.17236363636363636 0.12124779281930546
1 0.6827272727272727 0.36344908769864626 0.17418181818181816 0.0694526191877575
1 0.7789090909090909 0.43496174220129485 0.06327272727272727 0.09476162448499116
1 0.7925454545454546 0.5529723366686286 0.08181818181818182 0.05768098881695115
1 0.8089090909090909 0.48499117127722186 0.06072727272727273 0.0594467333725721
1 0.9494545454545454 0.5069158328428487 0.05163636363636363 0.09623307828134196
1 0.9436363636363636 0.36433195997645673 0.07127272727272727 0.05768098881695115
1 0.9281818181818181 0.4131842260153031 0.07018181818181818 0.028840494408475574
1 0.8818181818181817 0.37051206592113006 0.029818181818181817 0.05179517363154797
1 0.8123636363636363 0.3415244261330194 0.053090909090909084 0.0809299587992937
14 0.7245454545454545 0.3078281341965862 0.11163636363636363 0.06886403766921718
