1 0.8695054945054945 0.949336960217613 0.1391941391941392 0.04216252975178511
1 0.7177197802197802 0.9432165929955798 0.11492673992673992 0.03604216252975179
1 0.9555860805860806 0.9088745324719484 0.08882783882783883 0.15572934376062564
1 0.8644688644688645 0.8335600136008161 0.1565934065934066 0.09894593675620537
1 0.9592490842490843 0.7458347500850051 0.0815018315018315 0.0384223053383203
1 0.8500457875457875 0.7504250255015301 0.10943223443223443 0.03808228493709623
1 0.940018315018315 0.5306018361101666 0.11996336996336997 0.09282556953417205
1 0.8065476190476191 0.5664739884393064 0.15247252747252749 0.08024481468888134
14 0.5998168498168498 0.6103366201972118 0.16575091575091574 0.07208432505950357
14 0.592948717948718 0.6766405984359062 0.16758241758241757 0.05644338660319619
14 0.6320970695970696 0.7720163209792588 0.1533882783882784 0.09418565113906835
14 0.7458791208791209 0.7514450867052024 0.06043956043956044 0.07480448826929616
14 0.10347985347985347 0.4372662359741585 0.045787545787545784 0.07344440666439987
1 0.03663003663003663 0.3582114926895614 0.06868131868131869 0.043862631757905474
1 0.14125457875457875 0.2891873512410745 0.12316849816849818 0.1037062223733424
1 0.09043040293040293 0.11985719143148589 0.11950549450549451 0.07990479428765726
1 0.19597069597069597 0.12801768106086367 0.09157509157509157 0.08466507990479429
1 0.29716117216117216 0.1948316899013941 0.1804029304029304 0.058483509010540634
