13 0.894059065934066 0.7074785769929889 0.12396978021978022 0.09218384835107764
13 0.9241071428571429 0.8192677226694365 0.1146978021978022 0.06907296806024409
13 0.7338598901098902 0.7490262269540379 0.16620879120879123 0.09945468709426122
1 0.8643543956043956 0.9558556219163854 0.11813186813186814 0.051934562451311346
1 0.7537774725274726 0.9084653336795637 0.10027472527472528 0.06517787587639574
1 0.6476648351648352 0.9285899766294469 0.03983516483516484 0.09192417553882108
1 0.6433722527472528 0.8295247987535705 0.04910714285714286 0.08179693586081538
1 0.7244162087912088 0.82653856141262 0.05666208791208792 0.0810179174240457
1 0.8708791208791209 0.8687353934043106 0.10096153846153846 0.05738769150869904
1 0.4982829670329671 0.652557777200727 0.06868131868131869 0.08205660867307193
1 0.3614354395604396 0.6358088808101792 0.062156593406593415 0.06050376525577772
1 0.37225274725274726 0.5675149311867047 0.07211538461538462 0.048039470267463
1 0.46926510989010994 0.5350558296546352 0.07383241758241758 0.03193975590755648
1 0.43715659340659346 0.4837704492339652 0.08035714285714286 0.05556998182290314
13 0.3430631868131868 0.4814333939236562 0.06936813186813187 0.07582446117891457
1 0.6152129120879122 0.39690989353414696 0.06696428571428573 0.09945468709426122
1 0.6936813186813188 0.35432355232407164 0.06730769230769232 0.04855881589197611
1 0.6033653846153847 0.3288756167229291 0.08928571428571429 0.029862373409504026
1 0.8291552197802199 0.3212152687613607 0.04773351648351649 0.073227733056349
13 0.872081043956044 0.28239418332900545 0.08001373626373627 0.052713580888081014
1 0.7453640109890111 0.24889639054790963 0.04842032967032967 0.03401713840560893
