14 0.18511333469471103 0.47084995397361157 0.12640392076781704 0.17213869285056765
14 0.31876659179089234 0.886314820497085 0.1053706350827037 0.1936176741331697
14 0.6471308964672248 0.13163547100337528 0.0432918113130488 0.09082540656643143
14 0.6265060240963856 0.07548327707885855 0.04084133142740453 0.10187173979748389
14 0.5913824790688176 0.10601411475912857 0.050234837655707576 0.06474378643755753
14 0.7240147028793138 0.3922982509972384 0.06800081682662855 0.15618287818349189
14 0.6731672452521952 0.579165388155876 0.05901572391259955 0.10524700828474992
14 0.6863385746375331 0.7401043264805155 0.04737594445578926 0.10494016569499846
14 0.7473963651215029 0.7063516416078552 0.07637328976924647 0.07425590671985272
14 0.7161527465795384 0.8619208346118441 0.08454155605472738 0.12396440625958884
14 0.05707576066979783 0.416845658177355 0.11415152133959566 0.17213869285056765
