1 0.17660910518053377 0.2076101468624833 0.09800403677954699 0.21762349799732977
1 0.2692307692307693 0.11548731642189586 0.09979816102265082 0.23097463284379172
1 0.3104956268221575 0.2941700044503783 0.1316438663377439 0.12550066755674233
1 0.15407041937654184 0.3920783266577659 0.11078717201166181 0.11125945705384957
1 0.2771921955595425 0.4699599465954606 0.09419152276295134 0.14597240765465064
1 0.08028705987889662 0.5387182910547397 0.054720789414666966 0.21317311971517577
1 0.024893473873065713 0.5571873609256787 0.049786947746131426 0.2866043613707165
1 0.06055169320475443 0.8704939919893191 0.0847723704866562 0.2367601246105919
1 0.1370262390670554 0.7781486426346239 0.08611796366898408 0.13573653760569648
1 0.25756896165059434 0.7503337783711616 0.10383494056963445 0.21005785491766799
1 0.174142184346266 0.7138406764574988 0.060327427674366454 0.17356475300400534
1 0.38573671226732453 0.7447708055184691 0.06055169320475443 0.20516243880729862
1 0.40928459295806235 0.4986648865153538 0.08791208791208792 0.19804183355585225
1 0.4558196905135681 0.6223854027592345 0.10832025117739404 0.14374721851357364
13 0.5191747028481722 0.45527369826435243 0.0816326530612245 0.07120605251446373
13 0.5043731778425656 0.3400089007565643 0.10450773716079839 0.0774365821094793
13 0.6074231890558421 0.30173564753004006 0.06212155191747029 0.08811748998664887
1 0.6297376093294461 0.4419225634178905 0.06817672123794573 0.09256786826880284
1 0.651939896837856 0.5520694259012016 0.05382372729311505 0.1277258566978193
1 0.7037452343574793 0.4735202492211838 0.049786947746131426 0.2349799732977303
1 0.7073334828436869 0.6426346239430352 0.0511325409284593 0.07476635514018691
1 0.7531957838080288 0.7116154873164219 0.053150930701951114 0.14063195371606585
13 0.7037452343574793 0.8331108144192256 0.06952231442027361 0.13440142412105027
1 0.6466696568737386 0.888295505117935 0.07198923525454139 0.06942590120160214
1 0.5507961426328774 0.8079661771250556 0.09105180533751962 0.1321762349799733
1 0.5013455931823279 0.9352469959946595 0.13971742543171115 0.09657320872274143
