1 0.9631640170608763 0.813023610053313 0.06048856145792943 0.10281797410510282
1 0.9383481969755719 0.6732673267326733 0.07367196587824738 0.13252094440213252
1 0.9360217138425746 0.4843869002284844 0.05661108956960062 0.16450875856816452
1 0.7888716556804963 0.5925361766945926 0.0732842186894145 0.13556740289413557
1 0.8386971694455215 0.3286367098248286 0.0690189996122528 0.1865955826351866
1 0.7190771616905777 0.45011424219345014 0.13144629701434665 0.11881188118811882
1 0.7448623497479643 0.28522467631378523 0.10856921287320666 0.2003046458492003
1 0.3338503295851105 0.9352627570449353 0.09693679720822024 0.12947448591012947
1 0.32551376502520357 0.8297791317593298 0.12058937572702598 0.10891089108910891
14 0.3410236525785188 0.5654988575780655 0.14152772392400154 0.1865955826351866
14 0.2537805350911206 0.6302361005331303 0.04846839860411012 0.14394516374714394
14 0.2590151221403645 0.4523990860624524 0.0853043815432338 0.09748667174409749
1 0.18611865063978286 0.6264280274181264 0.05040713454827452 0.1667936024371668
1 0.11826289259402868 0.8408225437928408 0.1077937184955409 0.11881188118811882
1 0.048274525009693675 0.22239146991622238 0.07018224117875145 0.08073115003808073
1 0.10721209771229158 0.36824067022086826 0.07405971306708026 0.11652703731911652
1 0.25513765025203566 0.21325209444021326 0.11787514540519581 0.15384615384615385
1 0.24835207444746024 0.10015232292460015 0.11903838697169444 0.08758568164508759
1 0.1260178363706863 0.07806549885757806 0.09305932531989143 0.13023610053313023
1 0.11186506397828615 0.16260472201066262 0.06552927491275688 0.10586443259710587
