1 0.6991394148020654 0.6860198624904507 0.27469879518072293 0.33689839572192515
1 0.9056798623063684 0.6883116883116883 0.18864027538726336 0.2643239113827349
1 0.8003442340791739 0.47612681436210846 0.19139414802065405 0.2173414820473644
1 0.5838209982788296 0.46944232238349887 0.2430292598967298 0.23682200152788388
14 0.41635111876075737 0.4352559205500382 0.24268502581755597 0.19747899159663865
14 0.43184165232358007 0.6056149732620321 0.15869191049913942 0.16539343009931246
1 0.5030981067125646 0.2914438502673797 0.11187607573149742 0.12070282658517953
1 0.4609294320137694 0.15546218487394958 0.22306368330464718 0.17723453017570664
1 0.6626506024096386 0.05557677616501146 0.1728055077452668 0.11115355233002291
1 0.5086058519793459 0.06302521008403361 0.15111876075731498 0.12605042016806722
1 0.7504302925989673 0.23892284186401833 0.16798623063683304 0.1432391138273491
