1 0.2909846078670902 0.3010752688172043 0.10212558025897875 0.07004608294930875
1 0.3443684339115563 0.19953917050691244 0.06963107744930369 0.11827956989247312
1 0.4146103102858539 0.29201228878648233 0.09430735401905693 0.06912442396313365
1 0.32873198143171267 0.38970814132104453 0.04813095528951869 0.040245775729646695
1 0.41290007329587103 0.38018433179723504 0.07329587099926704 0.05622119815668203
1 0.38529196188614706 0.4901689708141321 0.05961397507940386 0.0869431643625192
1 0.4197410212558026 0.5913978494623656 0.1040801368189592 0.09523809523809523
1 0.3420473979965795 0.5837173579109063 0.04153432689958466 0.09216589861751152
1 0.2973369166870266 0.4468509984639017 0.053261666259467384 0.07834101382488479
1 0.326899584656731 0.6448540706605222 0.07573906669924262 0.05161290322580645
1 0.3790618128512094 0.6972350230414747 0.04813095528951869 0.0771121351766513
1 0.4175421451258246 0.646236559139785 0.06987539701930125 0.052534562211981564
1 0.25152699731248473 0.4376344086021505 0.03884681162961153 0.12565284178187405
1 0.20962619105790373 0.4357910906298003 0.04006840947959932 0.14039938556067588
1 0.27754703151722454 0.5720430107526882 0.05179574883948204 0.09769585253456221
1 0.23772294160762278 0.571889400921659 0.059125335939408746 0.0912442396313364
1 0.47691180063523086 0.4167434715821813 0.024920596139750794 0.07096774193548387
14 0.5212558025897874 0.4781874039938556 0.05790373808942096 0.03840245775729647
14 0.5359149767896408 0.41443932411674345 0.07109699486928903 0.0651305683563748
1 0.4693378939653066 0.7904761904761904 0.13584168091864157 0.1284178187403994
1 0.5796481798192036 0.7711213517665131 0.06523332518934767 0.14869431643625192
1 0.5228438797947715 0.917357910906298 0.09284143659907158 0.11121351766513057
1 0.6906914243830931 0.8133640552995391 0.058636696799413635 0.11029185867895545
1 0.764109455167359 0.8766513056835638 0.07842658196921573 0.04946236559139785
1 0.7586122648424138 0.7800307219662058 0.06694356217933056 0.11920122887864823
14 0.8353286098216467 0.6863287250384025 0.0899096017591009 0.12780337941628264
1 0.8217688736867823 0.8201228878648233 0.06034693378939653 0.0771121351766513
1 0.6679697043733203 0.8761904761904762 0.058636696799413635 0.041781874039938556
1 0.6705350598582946 0.9525345622119815 0.0520400684094796 0.07895545314900154
1 0.7531150745174688 0.9592933947772657 0.07207427314927926 0.08141321044546851
1 0.9600537503053995 0.7864823348694316 0.07989249938920108 0.0706605222734255
1 0.9810652333251894 0.7013824884792627 0.03786953334962131 0.05161290322580645
1 0.875397019301246 0.5658986175115207 0.05668214023943318 0.04546850998463901
14 0.8695333496213047 0.47419354838709676 0.05521622281944784 0.08878648233486944
1 0.9176643049108234 0.4697388632872504 0.03713657463962863 0.08786482334869432
1 0.9723918885902761 0.417357910906298 0.04984119227950159 0.08264208909370199
1 0.9835084290251649 0.5551459293394777 0.03298314194967017 0.08233486943164363
