14 0.13362573099415204 0.8796484110885734 0.1631578947368421 0.13319810682893846
14 0.4192982456140351 0.8054428668018931 0.15087719298245614 0.08958755916159566
14 0.6280701754385966 0.7165314401622718 0.17660818713450294 0.21061528059499662
14 0.2662280701754386 0.38404327248140635 0.06812865497076023 0.21906693711967545
14 0.19941520467836257 0.5474983096686951 0.17134502923976608 0.08147396889790398
14 0.11871345029239766 0.3385733603786342 0.08011695906432749 0.2640297498309669
14 0.5017543859649123 0.4491210277214334 0.10292397660818714 0.25388776200135227
14 0.8182748538011696 0.38556457065584854 0.12076023391812865 0.18086544962812712
14 0.6466374269005848 0.24391480730223122 0.14005847953216374 0.10040567951318458
14 0.4365497076023392 0.030256930358350236 0.1368421052631579 0.06051386071670047
