1 0.9028776978417266 0.6070983810709838 0.11833291987099975 0.1357409713574097
1 0.8161746464897047 0.6735159817351598 0.04812701562887621 0.14819427148194272
1 0.8205160009923096 0.495848899958489 0.051848176631108904 0.13906185139061852
1 0.7283552468370131 0.7801992528019925 0.06450012403870008 0.07098381070983811
1 0.6576531877945919 0.7507264425072644 0.07095013644257007 0.06434205064342051
1 0.7412552716447531 0.7206309672063097 0.06747705284048623 0.045662100456621
1 0.6551724137931034 0.6708177667081776 0.05953857603572314 0.0647571606475716
13 0.7307119821384271 0.3470319634703196 0.0453981642272389 0.0630967206309672
1 0.5613991565368395 0.5193026151930261 0.07491937484495162 0.19842258198422583
1 0.6089059786653436 0.39186384391863843 0.11089059786653435 0.12287256122872561
1 0.4867278590920367 0.42756330427563305 0.08186554204911932 0.1569115815691158
1 0.5100471347060282 0.8277293482772935 0.17067725130240635 0.2266500622665006
1 0.45770280327462165 0.6183063511830635 0.10568097246340859 0.1581569115815691
1 0.39245844703547506 0.5807388958073889 0.05507318283304391 0.10294728102947281
1 0.3296948647978169 0.7496886674968867 0.069461672041677 0.1320049813200498
1 0.37918630612751175 0.8308426733084268 0.06127511783676507 0.22042341220423411
1 0.20764078392458446 0.6297218762972188 0.04316546762589928 0.18762972187629723
1 0.2530389481518234 0.6251556662515566 0.03671545522202927 0.12868410128684102
1 0.2996774993798065 0.47281029472810293 0.07243860084346315 0.091324200913242
1 0.24013892334408335 0.41365711913657116 0.05308856363185314 0.1706102117061021
1 0.17725130240635079 0.4748858447488584 0.06574051103944431 0.1278538812785388
1 0.4856115107913669 0.28808634288086343 0.07814438104688663 0.07887090078870901
1 0.6698089804018854 0.17579908675799086 0.09575787645745472 0.1564964715649647
1 0.7028032746216819 0.048567870485678705 0.10320019846192012 0.09713574097135741
13 0.6097742495658646 0.039020340390203405 0.05755395683453237 0.07804068078040681
1 0.5364673778218804 0.0419261104192611 0.07764822624658893 0.0639269406392694
1 0.4599354998759613 0.13802407638024075 0.05854626643512776 0.10834371108343711
1 0.3905978665343587 0.06662515566625156 0.11783676507070205 0.13325031133250312
13 0.4209873480525924 0.36135325861353257 0.06549243363929545 0.0493980904939809
