1 0.21073420074349442 0.2531730126920508 0.08271375464684015 0.1289245156980628
1 0.2316449814126394 0.3765865063460254 0.07481412639405204 0.11389445557782232
1 0.28845260223048325 0.22661990647962593 0.05924721189591078 0.16399465597862392
14 0.17042286245353158 0.35504342017368073 0.03973048327137546 0.10821643286573147
1 0.37929832713754646 0.1574816299265197 0.08062267657992565 0.08316633266533066
1 0.4699117100371747 0.07448229792919173 0.08991635687732341 0.14896459585838345
1 0.508131970260223 0.22478289913159655 0.1403345724907063 0.09953239812959253
1 0.36512546468401486 0.24198396793587176 0.07132899628252788 0.09318637274549099
1 0.4340148698884758 0.3451903807615231 0.04925650557620818 0.09185036740146961
1 0.31726301115241634 0.4418837675350702 0.07225836431226765 0.07281229124916501
1 0.3940520446096654 0.40046760187040753 0.07016728624535315 0.0561122244488978
1 0.37383828996282525 0.5258851035404142 0.07527881040892193 0.17535070140280562
1 0.14265799256505576 0.5215430861723447 0.08596654275092937 0.08383433533734136
1 0.16298791821561337 0.6705076820307282 0.08434014869888476 0.07314629258517034
1 0.264521375464684 0.7024048096192386 0.07736988847583642 0.10287241148964597
1 0.22757899628252787 0.7451569806279226 0.05413568773234201 0.09218436873747496
14 0.368842936802974 0.6521376085504342 0.06993494423791821 0.1259185036740147
1 0.2934479553903346 0.571309285237141 0.07342007434944238 0.07648630594522379
14 0.4678206319702602 0.5330661322645291 0.10710966542750928 0.09619238476953909
1 0.6121050185873605 0.38059452237808955 0.05274163568773234 0.10587842351369406
1 0.5901486988847583 0.4619238476953908 0.06923791821561338 0.05477621910487642
1 0.6634526022304832 0.4206746826987308 0.049953531598513005 0.09786239144956581
1 0.5464684014869888 0.5427521710086841 0.06644981412639404 0.07815631262525051
1 0.5232342007434944 0.614562458249833 0.08596654275092937 0.07281229124916501
1 0.6000232342007434 0.6513026052104209 0.036942379182156135 0.09418837675350702
1 0.7469795539033457 0.6930527722110889 0.10083643122676579 0.12358049432197729
1 0.6622908921933085 0.6686706746826988 0.04577137546468401 0.09352037408149633
1 0.7128252788104089 0.592685370741483 0.0483271375464684 0.06112224448897796
