1 0.9803171905975644 0.9594440213252095 0.03936561880487114 0.08111195734958111
13 0.1376380628717077 0.2854150799695354 0.1331067686207873 0.20753998476770755
1 0.17091475502690456 0.46629855293221634 0.08184650240725007 0.10548362528560548
13 0.08963466440101954 0.3908987052551409 0.1146983857264231 0.16641279512566642
1 0.1983857264231096 0.5997715156130998 0.14188615123194562 0.2063975628332064
1 0.3238459359954687 0.6688880426504189 0.11809685641461341 0.1527037319116527
1 0.24384027187765506 0.5337014470677837 0.09629000283205891 0.14051789794364053
1 0.3360237892948173 0.5934881949733435 0.07221750212404418 0.09786747905559787
1 0.2538940809968847 0.34977151561309977 0.10790144435004248 0.12757044935262757
1 0.29382611158312094 0.41622239146991624 0.06825261965448881 0.07692307692307693
1 0.3506088926649674 0.37052551408987056 0.06230529595015576 0.07920792079207921
1 0.3819031435853866 0.46344249809596344 0.06711979609175871 0.10281797410510282
1 0.403143585386576 0.3118811881188119 0.08071367884451996 0.11500380807311501
1 0.4668649107901444 0.27684691546077683 0.12942509204191446 0.17745620715917745
1 0.4603511753044463 0.42003046458492005 0.07391673746813933 0.09977151561309977
1 0.6713395638629284 0.3680502665651181 0.07844803171905976 0.10015232292460015
1 0.6396205041064854 0.4550647372429551 0.14131973945058057 0.17136329017517138
1 0.7268479184367035 0.42764661081492766 0.06881903143585386 0.08301599390708302
1 0.7262815066553384 0.35396039603960394 0.04446332483715661 0.05750190403655751
1 0.6692155196828093 0.13004569687738005 0.10082129708297932 0.16945925361766948
13 0.531719059756443 0.09082254379284083 0.11866326819597847 0.18164508758568165
