14 0.5297407219115404 0.6533641160949868 0.10421962379257753 0.18205804749340368
14 0.44827147941026946 0.4482189973614776 0.07803762074224707 0.13654353562005275
14 0.5514743263853584 0.4094656992084433 0.07041179461108286 0.16193931398416886
14 0.23182511438739198 0.2986477572559367 0.06863243518047789 0.19096306068601582
14 0.1677681748856126 0.4313984168865435 0.043721403152008134 0.08245382585751979
14 0.6403152008134214 0.14726253298153033 0.05541433655312659 0.11642480211081793
14 0.5549059481443823 0.15930079155672822 0.0920183019827148 0.08641160949868074
14 0.6976359938993391 0.1962401055408971 0.07651245551601424 0.10686015831134564
14 0.5744789018810371 0.2420844327176781 0.0838840874428063 0.06068601583113456
14 0.8479918657854602 0.23565303430079154 0.04931367564819522 0.1170844327176781
14 0.8371886120996441 0.4261213720316622 0.0775292323335028 0.05672823218997361
14 0.6324351804778852 0.3143139841688654 0.062023385866802234 0.09894459102902374
