1 0.5514577259475218 0.2606701236537694 0.14198250728862974 0.17431192660550457
1 0.4686588921282799 0.19046669325887514 0.07784256559766764 0.1408057439170323
1 0.47434402332361514 0.3420422816114878 0.08104956268221575 0.13841244515356999
1 0.40816326530612246 0.07977662544874352 0.07871720116618075 0.1268448344635022
1 0.32988338192419825 0.46090945353011564 0.09475218658892127 0.15516553649780612
1 0.29723032069970845 0.30793777423214996 0.09183673469387756 0.11727163940965296
1 0.22900874635568513 0.413841244515357 0.12332361516034986 0.20941364180295172
1 0.38527696793002914 0.1988432389309932 0.048104956268221574 0.11288392500997207
1 0.3527696793002915 0.29776625448743516 0.04723032069970846 0.09134423613881132
1 0.380466472303207 0.3831272437175907 0.06588921282798833 0.06900678101316314
1 0.3069970845481049 0.7786198643797367 0.0868804664723032 0.16912644595133625
1 0.33338192419825075 0.9441563621858795 0.07376093294460641 0.11168727562824092
1 0.22434402332361517 0.7973673713601914 0.12565597667638484 0.1563621858795373
1 0.1967930029154519 0.9299960111687275 0.15335276967930028 0.1336258476266454
1 0.5319241982507289 0.8524132429198245 0.09183673469387756 0.10769844435580374
1 0.44868804664723033 0.9078579976067012 0.08104956268221575 0.06461906661348224
1 0.5132653061224489 0.9299960111687275 0.08425655976676384 0.0953330674112485
1 0.5832361516034985 0.6745113681691264 0.055685131195335275 0.1475867570801755
1 0.6332361516034986 0.7491025129637016 0.08221574344023323 0.12285600319106502
1 0.45714285714285713 0.7694455524531312 0.06064139941690962 0.11647387315516552
