1 0.34810911345319284 0.19383653416703886 0.13907832196734862 0.19562304600267977
1 0.46672866294688986 0.10160786065207682 0.06881587104773713 0.20053595355069226
1 0.53988427361025 0.16525234479678427 0.05765654060756355 0.18937025457793658
1 0.4277743335399876 0.39526574363555156 0.11117999586691465 0.2679767753461367
1 0.5119859475098161 0.40643144260830727 0.052283529654887376 0.19740955783832068
1 0.6400082661706965 0.21460473425636445 0.028931597437487085 0.1719517641804377
14 0.693325067162637 0.23001339883876729 0.06406282289729283 0.1643590888789638
14 0.5942343459392436 0.04555605180884323 0.03988427361025006 0.09111210361768646
14 0.6481711097334161 0.10406431442608306 0.07749535027898326 0.05984814649397052
1 0.6515809051456913 0.3474765520321572 0.09712750568299236 0.05984814649397052
1 0.5595164290142591 0.4841447074586869 0.08865468071915686 0.08664582402858419
1 0.659433767307295 0.5377400625279142 0.08348832403389131 0.12952210808396605
1 0.5764620789419301 0.6826708351942832 0.09692085141558174 0.2755694506476105
1 0.745505269683819 0.6022778025904422 0.03864434800578632 0.2478785171951764
1 0.7970655094027692 0.4970969182670835 0.06075635461872288 0.18758374274229567
1 0.7689605290349246 0.3246985261277356 0.055383343666046705 0.19205002233139792
