13 0.875270367700072 0.5576249602037567 0.2494592645998558 0.11174785100286533
13 0.6445565969718817 0.6991404011461319 0.20331651045421772 0.13180515759312322
1 0.7480173035328046 0.5366125437758675 0.21845710165825521 0.06653931868831582
1 0.4675558759913482 0.6488379496975486 0.21124729632299927 0.11843361986628463
1 0.3226387887527037 0.5633556192295447 0.11607786589762076 0.1104743712193569
1 0.13410237923576063 0.652976758993951 0.12112472963229992 0.15154409423750398
1 0.07714491708723864 0.5211716014008277 0.15428983417447728 0.08341292581980261
1 0.14491708723864455 0.4291626870423432 0.24080749819754865 0.05730659025787966
1 0.4372746935832732 0.39621139764406244 0.26748377793799566 0.053167780961477236
1 0.3172314347512617 0.3589621139764406 0.24513338139870222 0.06335561922954473
