1 0.4799824983592212 0.23988069876438003 0.04156639684970466 0.06220707285896889
1 0.46007438197331 0.12143161482743928 0.0533800043754102 0.05453770771197273
1 0.4550426602493984 0.03983809118023008 0.050754758258586746 0.0685982104814657
1 0.3954276963465325 0.0651896037494674 0.043097790417851674 0.06305922454196847
1 0.34620433165609277 0.0585854282062207 0.056661562021439515 0.09075415423945461
1 0.3320936337781667 0.134000852151683 0.048129512141763295 0.07456327226246272
1 0.3798949901553271 0.24733702599062632 0.028221395755852113 0.08649339582445675
13 0.35987748851454826 0.34533446953557734 0.03544082257711661 0.07030251384746485
1 0.4031940494421352 0.35513421389007244 0.04156639684970466 0.08393694077545803
1 0.4963902865893678 0.3078397954835961 0.05469262743382192 0.05155517682147422
1 0.44377597899803106 0.3666382616105667 0.04484795449573398 0.10950149126544524
1 0.4912491796105885 0.4007243289305496 0.04397287245679283 0.11631870472944184
1 0.5678188580179392 0.5950149126544525 0.07591336687814483 0.19216020451640392
1 0.5553489389630278 0.7507456327226246 0.07503828483920368 0.07413719642096293
1 0.5073288120761321 0.6269706007669364 0.04375410194705754 0.14529186195142735
1 0.46893458761758916 0.6804431188751597 0.0391599212426165 0.07243289305496378
1 0.5029534018814265 0.8138048572645931 0.03806606869394006 0.08010225820195994
1 0.5418945526143076 0.9111631870472944 0.07219426821264494 0.08649339582445675
1 0.48063880988842705 0.9143587558585428 0.029752789323999128 0.07413719642096293
1 0.458542988405163 0.971878994461014 0.05556770947276307 0.056242011077971873
1 0.3780354408225771 0.9132935662547933 0.06344344782323343 0.10950149126544524
1 0.38864581054473857 0.8461866212185769 0.04703565959308685 0.05198125266297401
1 0.33198424852329905 0.7882403067746059 0.03828483920367535 0.07925010651896038
1 0.2943557208488296 0.523860247123988 0.04703565959308685 0.14955262036642522
13 0.35397068475169546 0.593949723050703 0.05644279151170423 0.14571793779292713
13 0.511376066506235 0.09927567106945036 0.02909647779479326 0.11504047720494247
13 0.5614745132356158 0.16063059224541967 0.05622402100196894 0.08947592671495526
13 0.5790855392693065 0.06604175543246697 0.03281557646029316 0.07158074137196421
13 0.5142200831327938 0.22752449936088623 0.028658936775322687 0.08947592671495526
