1 0.045599489795918366 0.7568172568172568 0.09119897959183673 0.1575091575091575
1 0.06313775510204081 0.6064306064306064 0.10267857142857142 0.1391941391941392
1 0.14110331632653061 0.7891737891737891 0.08131377551020408 0.19943019943019943
1 0.265625 0.8734228734228734 0.11096938775510203 0.10093610093610093
1 0.39014668367346933 0.942002442002442 0.12340561224489795 0.11599511599511599
1 0.4426020408163265 0.7916157916157915 0.1926020408163265 0.12128612128612128
1 0.24633290816326528 0.7702482702482703 0.0978954081632653 0.11355311355311355
1 0.3408801020408163 0.6444851444851445 0.06760204081632652 0.11192511192511193
1 0.180484693877551 0.5268620268620269 0.09948979591836733 0.08913308913308914
1 0.2860331632653061 0.5773300773300774 0.09630102040816325 0.06878306878306878
1 0.2582908163265306 0.4242979242979243 0.10331632653061223 0.21367521367521367
1 0.10825892857142856 0.20940170940170938 0.10618622448979591 0.12576312576312576
1 0.057557397959183666 0.1575091575091575 0.0742984693877551 0.11233211233211232
14 0.25143494897959184 0.27085877085877086 0.09598214285714285 0.15343915343915343
1 0.14795918367346939 0.36894586894586895 0.10076530612244897 0.0932030932030932
14 0.3872767857142857 0.4157509157509157 0.14700255102040816 0.1168091168091168
1 0.5852997448979591 0.6015466015466016 0.07238520408163265 0.1294261294261294
1 0.5550063775510203 0.5026455026455027 0.09534438775510204 0.06674806674806674
1 0.6559311224489796 0.5527065527065527 0.06887755102040816 0.11965811965811965
1 0.49521683673469385 0.40374440374440373 0.09119897959183673 0.09523809523809523
1 0.463329081632653 0.3162393162393162 0.117984693877551 0.08872608872608873
1 0.5687181122448979 0.27167277167277165 0.050701530612244895 0.11436711436711436
1 0.770408163265306 0.22079772079772078 0.13839285714285712 0.150997150997151
1 0.6541772959183673 0.2505087505087505 0.0628188775510204 0.11355311355311355
1 0.723533163265306 0.3431013431013431 0.06632653061224489 0.07407407407407407
