1 0.11328976034858387 0.6410539602398233 0.22657952069716775 0.11202272010097823
1 0.2608932461873638 0.8035657936257495 0.22549019607843138 0.23824550331334807
1 0.4034132171387073 0.6268538971284318 0.22657952069716775 0.12780056800252446
1 0.2162309368191721 0.5124644998422215 0.13616557734204793 0.08204480908804039
1 0.6023965141612201 0.5194067529189019 0.21423384168482207 0.18428526349005997
1 0.429920116194626 0.46355317134742824 0.10167029774872913 0.09782265698958663
1 0.5332244008714597 0.3846639318396971 0.12672476397966595 0.08835594824865889
1 0.6305374001452433 0.3254970022088987 0.15068990559186637 0.08362259387819501
1 0.780319535221496 0.43673082991479967 0.06535947712418301 0.1167560744714421
1 0.8346042120551924 0.4193751972230988 0.07225853304284677 0.13253392237298833
