1 0.12134038800705468 0.42255733584668553 0.07054673721340389 0.060320452403393024
1 0.17107583774250443 0.3806157712849513 0.08747795414462081 0.07571473452717561
1 0.21305114638447972 0.31181275526233115 0.08112874779541447 0.08136977693999371
14 0.05167548500881835 0.4819352811812755 0.1033509700176367 0.11498586239396795
1 0.3091710758377425 0.4063776311655671 0.08783068783068784 0.07697141061891297
1 0.3248677248677249 0.29107759974866476 0.09523809523809525 0.09456487590323594
1 0.3959435626102293 0.37983034872761545 0.13156966490299823 0.09236569274269557
1 0.4098765432098766 0.3100848256361923 0.1305114638447972 0.1137291863022306
1 0.599294532627866 0.7092365692742696 0.11569664902998238 0.10084825636192271
1 0.6333333333333334 0.665095821551995 0.12028218694885362 0.08419729814640277
14 0.6770723104056438 0.5625196355639334 0.1541446208112875 0.12095507382972039
14 0.7338624338624339 0.6185988061577128 0.07019400352733686 0.07100219918316054
14 0.7673721340388008 0.5515237197612315 0.08924162257495591 0.06691800188501414
1 0.7890652557319224 0.6423185673892554 0.0761904761904762 0.08011310084825636
1 0.7985890652557319 0.7463085139805214 0.11216931216931218 0.08325479107759974
1 0.8486772486772487 0.833961671379202 0.14673721340388007 0.15991203267357837
1 0.944973544973545 0.7111215834118756 0.09735449735449736 0.10587496072887213
1 0.9749559082892417 0.5453974238140119 0.05008818342151676 0.0552937480364436
1 0.9081128747795415 0.576971410618913 0.08430335097001765 0.07005969211435752
1 0.8213403880070548 0.46528432296575556 0.12804232804232804 0.10053408733898837
1 0.8507936507936509 0.4263273641218976 0.11499118165784833 0.07665724159597863
1 0.9513227513227513 0.4635563933396167 0.09735449735449736 0.08199811498586239
1 0.9477954144620812 0.49968583097706565 0.07548500881834215 0.06314797360980207
