1 0.3775923718712753 0.12053571428571427 0.07532777115613826 0.14987244897959182
1 0.34147794994040526 0.23294005102040816 0.08414779499404053 0.0589923469387755
1 0.4433849821215733 0.22433035714285712 0.07866507747318237 0.06473214285714285
1 0.28212157330154947 0.3477359693877551 0.039332538736591184 0.08195153061224489
1 0.300357568533969 0.4381377551020408 0.03528009535160906 0.0899234693877551
1 0.3158522050059595 0.3300382653061224 0.024791418355184745 0.0860969387755102
1 0.3462455303933254 0.43973214285714285 0.03599523241954708 0.07525510204081633
13 0.530870083432658 0.3373724489795918 0.03528009535160906 0.057397959183673464
1 0.43551847437425506 0.557876275510204 0.11251489868891537 0.09279336734693877
1 0.5077473182359953 0.4944196428571428 0.06817640047675805 0.13998724489795916
1 0.4897497020262217 0.6522640306122448 0.08843861740166865 0.102359693877551
1 0.2595947556615018 0.6291454081632653 0.1263408820023838 0.2155612244897959
1 0.3809296781883194 0.6929209183673469 0.08867699642431466 0.13329081632653061
1 0.40393325387365914 0.7759885204081632 0.05792610250297974 0.06919642857142856
1 0.30822407628128723 0.8595344387755102 0.07437425506555423 0.08705357142857142
1 0.26054827175208584 0.7973533163265305 0.12538736591179978 0.07493622448979591
1 0.3814064362336114 0.9558354591836734 0.07294398092967819 0.04496173469387755
1 0.46781883194278906 0.8933354591836734 0.050774731823599525 0.09151785714285714
1 0.5030989272943981 0.9681122448979591 0.09702026221692492 0.06377551020408163
1 0.5698450536352802 0.6513073979591836 0.04362336114421931 0.09917091836734693
1 0.6303933253873659 0.41246811224489793 0.08796185935637664 0.12085459183673468
1 0.7039332538736591 0.36766581632653056 0.05578069129916567 0.13137755102040816
13 0.7185935637663886 0.4870854591836734 0.06030989272943981 0.07238520408163265
1 0.7101311084624553 0.5814732142857142 0.03528009535160906 0.09917091836734693
1 0.6566150178784267 0.6816007653061223 0.060786650774731825 0.07366071428571427
1 0.764362336114422 0.610172193877551 0.05887961859356377 0.1259566326530612
1 0.7004767580452921 0.7694515306122448 0.07651966626936829 0.149234693877551
1 0.7783075089392134 0.7165178571428571 0.06197854588796186 0.09566326530612244
13 0.5293206197854589 0.7354910714285714 0.026936829558998808 0.08322704081632652
