13 0.5039644782746591 0.42597722376115726 0.11290834126228988 0.09849184364419822
1 0.5547098001902949 0.47229916897506924 0.06596891849032667 0.08587257617728532
1 0.6010149064383127 0.3807325330871037 0.05137963843958135 0.05971068020929517
1 0.6826831588962893 0.3459526008002462 0.05994291151284491 0.04801477377654663
1 0.7069457659372027 0.38519544475223144 0.06152870282270853 0.03785780240073869
1 0.6883920076117983 0.41028008618036316 0.046622264509990484 0.03077870113881194
1 0.6948937519822391 0.5083102493074793 0.0532825880114177 0.08525700215450907
1 0.7326355851569933 0.4427516158818098 0.06026006977481763 0.0729455216989843
1 0.7518236600063432 0.5109264389042782 0.08594988899460831 0.08248691905201601
1 0.8287345385347288 0.67020621729763 0.1014906438312718 0.06986765158510311
13 0.8994608309546464 0.6594336718990458 0.08753568030447192 0.10987996306555863
1 0.8967649857278782 0.7576177285318559 0.07960672375515382 0.06863650353955063
1 0.8098636219473517 0.7363804247460757 0.06945765937202664 0.05509387503847338
1 0.8005074532191564 0.8870421668205601 0.07358071677767206 0.10341643582640812
1 0.8750396447827465 0.866112650046168 0.06914050111005392 0.0935672514619883
13 0.49508404693942276 0.9401354262850108 0.14398985093561686 0.11972914742997845
