1 0.3643078389325709 0.7880473797559225 0.1343817012151537 0.09798994974874373
1 0.41601143674052893 0.9142139267767408 0.09721229449606862 0.1715721464465183
1 0.509649749821301 0.6929289303661164 0.12485108410769598 0.1834170854271357
1 0.6134143435787467 0.7925340990667624 0.0702883011675006 0.21823402727925342
1 0.3292828210626638 0.6180904522613065 0.0814867762687634 0.18664752333094042
1 0.4091017393376221 0.6622397702799713 0.03240409816535621 0.1299353912419239
1 0.39039790326423635 0.5201005025125628 0.03788420300214439 0.10696338837042355
1 0.45496783416726233 0.4391600861450108 0.09554443650226352 0.07573582196697774
1 0.6371217536335477 0.5676597272074659 0.07862759113652609 0.16762383345297918
14 0.6713128425065523 0.41816223977028 0.08744341196092446 0.07609475951184494
1 0.5776745294257803 0.34673366834170855 0.05408625208482249 0.1299353912419239
1 0.393971884679533 0.1879038047379756 0.1646414105313319 0.09368269921033741
1 0.5701691684536574 0.1931083991385499 0.11865618298784847 0.08470926058865758
1 0.4708124851084108 0.09547738693467336 0.10912556588039075 0.11557788944723618
14 0.31439123183226114 0.3298636037329505 0.11174648558494163 0.0674802584350323
