13 0.4336941813261164 0.4661341853035144 0.16035182679296348 0.2268370607028754
13 0.4380920162381597 0.29808306709265175 0.14343707713125847 0.09137380191693291
1 0.567320703653586 0.40926517571884985 0.09472259810554805 0.1597444089456869
1 0.48646820027063603 0.18865814696485622 0.1955345060893099 0.09744408945686901
1 0.6265223274695535 0.07635782747603834 0.13870094722598106 0.07348242811501597
1 0.8120771312584575 0.13450479233226836 0.2046684709066306 0.09009584664536742
1 0.7655615696887687 0.04089456869009585 0.16305818673883626 0.0817891373801917
1 0.7899188092016238 0.23226837060702876 0.10757780784844385 0.0402555910543131
1 0.918470906630582 0.24696485623003195 0.09201623815967525 0.049201277955271565
1 0.8619756427604872 0.3193290734824281 0.04059539918809202 0.056549520766773165
13 0.817320703653586 0.4196485623003195 0.04668470906630582 0.08210862619808307
13 0.932002706359946 0.4480830670926518 0.13599458728010827 0.1575079872204473
1 0.9720906630581868 0.3351437699680511 0.055818673883626525 0.06389776357827476
13 0.9133964817320704 0.7151757188498403 0.10690121786197565 0.06741214057507987
1 0.945872801082544 0.7950479233226837 0.10825439783491206 0.06549520766773163
1 0.810723951285521 0.7479233226837061 0.12753721244925575 0.05750798722044729
1 0.7141407307171854 0.7771565495207668 0.05548037889039242 0.13833865814696486
1 0.6058863328822733 0.8094249201277955 0.11975642760487146 0.1012779552715655
1 0.6430987821380244 0.9014376996805112 0.11231393775372125 0.08722044728434505
1 0.7134641407307173 0.9301916932907348 0.07239512855209744 0.08338658146964857
1 0.9516238159675238 0.8830670926517572 0.09675236806495265 0.07795527156549521
13 0.6134979702300406 0.7269968051118211 0.11129905277401896 0.0878594249201278
