14 0.15936580581889506 0.7294256956779158 0.3187316116377901 0.3013617525162818
1 0.4053612291598562 0.7606571936056837 0.35109512912716573 0.35435168738898754
1 0.2770513239620791 0.4943753700414446 0.2546583850931677 0.2403789224393132
1 0.4447531873161164 0.4582593250444049 0.18077803203661327 0.15926583777383066
1 0.56538084341288 0.635287152161042 0.2167374959136973 0.2403789224393132
1 0.5639097744360902 0.882622853759621 0.2491010134030729 0.18502072232089992
1 0.5709382151029748 0.7733866193013617 0.16966328865642366 0.12462995855535819
1 0.6592023537103628 0.9291000592066311 0.18796992481203006 0.14120781527531082
1 0.7536776724419745 0.7032267613972765 0.30107878391631254 0.22824156305506216
1 0.8630271330500163 0.7794552989934872 0.2739457338999673 0.2895204262877442
1 0.9226871526642694 0.5870337477797513 0.15462569467146126 0.18472468916518647
1 0.7428898332788493 0.5812611012433392 0.13958810068649885 0.1068679692125518
1 0.8609022556390977 0.49481941977501476 0.17031709709055246 0.1269982238010657
1 0.7363517489375613 0.5032563647128478 0.09447531873161163 0.09591474245115453
1 0.6603465184700883 0.4208111308466548 0.11310885910428245 0.13469508584961515
1 0.8404707420725728 0.3709295441089402 0.3190585158548545 0.21551213735938424
1 0.927263811703171 0.25962107756068675 0.14547237659365805 0.1782119597394908
14 0.5344883949002942 0.3724097098875074 0.17652827721477607 0.1314387211367673
