1 0.2451841014386735 0.3953010279001468 0.10948549134357474 0.15036710719530103
1 0.14435503535722996 0.3669603524229075 0.07851743477200683 0.16886930983847284
1 0.15874177029992687 0.5268722466960353 0.10875396244818337 0.08399412628487518
1 0.30065837600585227 0.47400881057268723 0.09022189709826872 0.10337738619676945
1 0.23738112655449892 0.5813509544787078 0.05193855157278713 0.08193832599118943
1 0.3874664715922946 0.5118942731277533 0.052182394537917585 0.10983847283406754
14 0.4781760546208242 0.5301027900146843 0.12387222628627165 0.0922173274596182
14 0.41575225554742745 0.3541850220264317 0.0526700804681785 0.09045521292217328
14 0.4658619848817362 0.4149779735682819 0.09485491343574738 0.05462555066079295
14 0.3514996342355523 0.4041116005873715 0.08119970738844184 0.046402349486049925
1 0.4297732260424287 0.7650513950073421 0.07193367471348452 0.09632892804698973
1 0.5047549378200439 0.6390602055800294 0.09851255791270422 0.11218795888399412
1 0.5175566934893928 0.7274596182085169 0.08802731041209462 0.07518355359765051
1 0.41648378444281886 0.6077826725403818 0.05608388198000488 0.057856093979442
1 0.25152401853206535 0.7306901615271659 0.10070714459887832 0.12276064610866373
