1 0.8360552763819096 0.0638733705772812 0.13630653266331658 0.1277467411545624
1 0.8991834170854272 0.19348230912476722 0.1042713567839196 0.10093109869646182
1 0.7569095477386935 0.15810055865921788 0.12814070351758794 0.10763500931098696
1 0.7722989949748744 0.31508379888268156 0.11557788944723618 0.1787709497206704
1 0.8679334170854272 0.3227188081936685 0.08008793969849247 0.13221601489757914
1 0.8533291457286433 0.4577281191806331 0.06469849246231156 0.11843575418994413
1 0.874214824120603 0.5791433891992551 0.1403894472361809 0.13482309124767225
1 0.9081344221105527 0.6865921787709497 0.13850502512562815 0.13370577281191806
1 0.7788944723618091 0.7165735567970205 0.0885678391959799 0.15121042830540038
1 0.6141645728643216 0.3992551210428305 0.11275125628140703 0.23314711359404097
1 0.5921796482412061 0.6370577281191806 0.10961055276381909 0.1515828677839851
1 0.4995288944723618 0.3851024208566108 0.1045854271356784 0.23165735567970205
1 0.48194095477386933 0.6165735567970204 0.11777638190954774 0.17839851024208567
1 0.33558417085427134 0.4404096834264432 0.22330402010050251 0.19329608938547485
1 0.5612437185929648 0.23910614525139665 0.20728643216080403 0.1378026070763501
1 0.4583856783919598 0.13910614525139664 0.0939070351758794 0.1493482309124767
1 0.427606783919598 0.2873370577281192 0.07569095477386935 0.13743016759776536
1 0.27402638190954776 0.20614525139664805 0.07255025125628141 0.10316573556797021
1 0.2949120603015075 0.05493482309124767 0.09987437185929648 0.10986964618249534
14 0.17839195979899497 0.05381750465549348 0.14007537688442212 0.10763500931098696
1 0.2082286432160804 0.1951582867783985 0.09547738693467336 0.1527001862197393
14 0.914572864321608 0.8089385474860334 0.14321608040201006 0.0782122905027933
14 0.8055904522613065 0.9085661080074487 0.1457286432160804 0.14487895716945995
