1 0.6632930140705998 0.5489057615006699 0.08738583065909653 0.1884769986601161
1 0.6906936558874351 0.40821795444394815 0.07800543075783757 0.09111210361768646
1 0.6000987410515922 0.45288075033497094 0.07603060972599358 0.0964716391246092
1 0.7464823500370279 0.2909781152300134 0.06911873611453961 0.09602501116569896
1 0.501974821031844 0.26574363555158553 0.08417674648235003 0.11523001339883876
1 0.5884966674895088 0.17976775346136667 0.059738336213280674 0.12103617686467172
1 0.5120957788200444 0.10339437248771773 0.11478647247593186 0.1478338543992854
1 0.6704517403110343 0.2856185797230906 0.06566279930881264 0.04957570343903528
1 0.6047889410022217 0.2603841000446628 0.051345346827943714 0.05359535506922733
1 0.5582572204393976 0.32201875837427424 0.03283139965440632 0.090218847699866
1 0.3058504073068378 0.3075033497096918 0.09528511478647247 0.09781152300133988
1 0.20982473463342385 0.38722644037516746 0.061219451987163664 0.09111210361768646
1 0.27943717600592444 0.1884769986601161 0.07899284127375956 0.1661456007146047
1 0.19427301900765243 0.17909781152300133 0.058257220439397676 0.21795444394819113
1 0.30214761787213035 0.6621259490844127 0.05332016785978771 0.12282268870031263
1 0.25339422364848185 0.550915587315766 0.026906936558874352 0.11656989727556945
1 0.2517896815601086 0.6525234479678428 0.046408294248333745 0.1143367574810183
1 0.4189089113799062 0.6958463599821348 0.08689212540113553 0.05359535506922733
1 0.3828684275487534 0.7887449754354622 0.06566279930881264 0.10272443054935239
1 0.33855838064675386 0.5303707012058955 0.06541594667983214 0.0692273336310853
