1 0.20423600605143719 0.06602564102564103 0.1470499243570348 0.13205128205128205
1 0.38214826021180026 0.10576923076923077 0.16459909228441755 0.10213675213675213
1 0.20953101361573373 0.21025641025641026 0.12435703479576399 0.07606837606837606
1 0.34099848714069586 0.25213675213675213 0.09984871406959152 0.10170940170940171
1 0.4285930408472012 0.261965811965812 0.0481089258698941 0.14444444444444443
1 0.5366111951588501 0.2608974358974359 0.10075642965204235 0.1893162393162393
1 0.5084720121028744 0.5081196581196581 0.07110438729198185 0.19743589743589743
1 0.3031770045385779 0.4408119658119658 0.09803328290468985 0.1482905982905983
1 0.19803328290468986 0.5371794871794872 0.09652042360060513 0.1264957264957265
13 0.2922844175491679 0.6698717948717948 0.07261724659606655 0.05854700854700855
1 0.12193645990922843 0.35149572649572647 0.07140695915279878 0.15854700854700854
1 0.04220877458396369 0.3696581196581197 0.08441754916792737 0.24188034188034188
1 0.11875945537065052 0.6523504273504274 0.10922844175491678 0.20982905982905983
1 0.026021180030257184 0.5705128205128205 0.05204236006051437 0.1675213675213675
13 0.6904689863842662 0.27414529914529917 0.10771558245083207 0.06709401709401709
13 0.6717095310136156 0.16794871794871793 0.14341906202723145 0.07521367521367521
1 0.8261724659606656 0.2901709401709402 0.06928895612708018 0.09572649572649572
13 0.7983358547655067 0.1388888888888889 0.06686838124054463 0.07692307692307693
1 0.8580937972768532 0.4115384615384615 0.06414523449319212 0.10512820512820513
1 0.9285930408472012 0.34316239316239316 0.06777609682299546 0.2111111111111111
1 0.9251134644478063 0.4982905982905983 0.07110438729198185 0.06837606837606838
1 0.73464447806354 0.6136752136752137 0.10529500756429651 0.1264957264957265
1 0.8476550680786686 0.707905982905983 0.08381240544629348 0.07991452991452991
1 0.6585476550680787 0.7222222222222222 0.15945537065052948 0.12564102564102564
1 0.8111951588502269 0.8036324786324787 0.0907715582450832 0.12435897435897436
1 0.6685325264750378 0.8630341880341881 0.15158850226928894 0.11837606837606837
