14 0.6838301716350497 0.35535659154059895 0.0939476061427281 0.19388700216116087
14 0.6008355916892502 0.40429144797777095 0.08920505871725383 0.1633220129669651
14 0.7095754290876242 0.5588144489039827 0.08446251129177958 0.14881136153133684
14 0.8063459801264679 0.3735720901512813 0.1578590785907859 0.22476072861994442
14 0.6306458897922312 0.14896573016363074 0.1388888888888889 0.19481321395492435
14 0.5862691960252936 0.759339302253782 0.12691960252935863 0.13862303179993826
14 0.4042457091237579 0.4862611917258413 0.1043360433604336 0.11855510960172894
14 0.3700316169828365 0.6463414634146342 0.12533875338753386 0.1614695893794381
14 0.31323396567299006 0.7766285890707009 0.19286359530261968 0.10774930534115468
14 0.37850045167118335 0.9132448286508181 0.11336946702800361 0.15498610682309355
14 0.35557813911472447 0.328959555418339 0.18902439024390244 0.17814140166718123
