1 0.21931747025673137 0.7229868228404099 0.24827802128991858 0.20029282576866764
1 0.42564182842830306 0.7786237188872621 0.2908578584846587 0.2840409956076135
1 0.4345648090169067 0.578623718887262 0.23293675641828426 0.1985358711566618
1 0.23763306199123355 0.5702781844802343 0.1427676894176581 0.1232796486090776
1 0.5216030056355666 0.4083455344070278 0.2542266750156543 0.23748169838945826
1 0.36646837820914213 0.43953147877013177 0.1261740763932373 0.12064421669106881
1 0.3993425172197871 0.332796486090776 0.1393237319974953 0.12445095168374817
1 0.4381653099561678 0.24436310395314786 0.154351909830933 0.1308931185944363
1 0.6066061365059486 0.2661786237188873 0.10989355040701314 0.11947291361639824
1 0.636662492172824 0.22898975109809663 0.12366938008766437 0.13528550512445095
