1 0.04289544235924933 0.9109911406423034 0.08579088471849866 0.10271317829457365
1 0.11997319034852547 0.9375692137320044 0.16085790884718498 0.11378737541528239
1 0.2753016085790885 0.5203488372093023 0.15180965147453082 0.11877076411960133
1 0.375 0.5681063122923588 0.13941018766756033 0.08914728682170542
1 0.4266085790884719 0.36835548172757476 0.18230563002680966 0.1686046511627907
1 0.40214477211796246 0.4676079734219269 0.1306970509383378 0.09966777408637874
1 0.6196380697050938 0.4831118493909191 0.1400804289544236 0.13399778516057587
1 0.69671581769437 0.4168050941306755 0.18230563002680966 0.15753045404208194
1 0.7719504021447722 0.4925249169435216 0.17258713136729223 0.12070874861572535
1 0.5822721179624665 0.6297065337763011 0.16052278820375335 0.1303986710963455
14 0.43532171581769435 0.6356589147286822 0.09316353887399464 0.08084163898117386
14 0.5345174262734584 0.686046511627907 0.08042895442359249 0.07475083056478404
14 0.4116957104557641 0.7088870431893688 0.15784182305630026 0.11877076411960133
1 0.6174597855227882 0.7335271317829457 0.11427613941018767 0.08942414174972314
1 0.5826072386058981 0.7976190476190476 0.19269436997319037 0.13842746400885936
1 0.6871648793565683 0.8516057585825028 0.15784182305630026 0.12403100775193798
1 0.7608914209115282 0.767718715393134 0.15046916890080428 0.10465116279069767
1 0.7298927613941019 0.7238372093023255 0.09986595174262734 0.07225913621262459
1 0.8044571045576407 0.6737264673311185 0.10958445040214478 0.0977297895902547
1 0.7691018766756033 0.5768272425249169 0.11193029490616623 0.1065891472868217
1 0.8505361930294907 0.5523255813953488 0.1447721179624665 0.1301218161683278
1 0.8855563002680965 0.6568383167220376 0.11762734584450403 0.10049833887043189
