14 0.3115085536547434 0.10276923076923078 0.22550544323483668 0.20553846153846156
1 0.5052877138413685 0.22015384615384617 0.3381026438569207 0.2556923076923077
1 0.20917573872472783 0.2935384615384615 0.2192846034214619 0.19630769230769232
1 0.27667185069984446 0.44123076923076926 0.13841368584758942 0.14646153846153848
1 0.4940902021772939 0.4187692307692308 0.2416796267496112 0.14400000000000002
1 0.6987558320373249 0.26061538461538464 0.13779160186625194 0.224
1 0.6122861586314152 0.3352307692307692 0.09175738724727837 0.15353846153846154
1 0.792846034214619 0.302 0.10637636080870917 0.16830769230769232
1 0.6600311041990669 0.5158461538461538 0.17356143079315706 0.2673846153846154
1 0.8032659409020217 0.5698461538461539 0.2510108864696734 0.2676923076923077
1 0.6760497667185069 0.734 0.16391912908242612 0.16215384615384615
1 0.5522550544323483 0.5853846153846154 0.08242612752721616 0.12338461538461538
1 0.5489891135303265 0.7281538461538462 0.09517884914463452 0.15292307692307694
1 0.4835147744945567 0.63 0.09175738724727837 0.06861538461538462
1 0.37091757387247276 0.6258461538461538 0.14090202177293934 0.06892307692307692
1 0.43499222395023324 0.7924615384615384 0.1421461897356143 0.3036923076923077
1 0.6541213063763608 0.912923076923077 0.23514774494556764 0.12430769230769231
1 0.5639191290824261 0.9658461538461539 0.18600311041990666 0.0683076923076923
1 0.3967340590979782 0.932923076923077 0.17884914463452564 0.1076923076923077
14 0.2575427682737169 0.5626153846153846 0.09828926905132192 0.15846153846153846
