1 0.9039671682626539 0.9617912900575184 0.08317373461012312 0.050944946589975344
1 0.813406292749658 0.9543960558751027 0.06894664842681258 0.043549712407559574
1 0.9644322845417237 0.9094083812654067 0.07113543091655267 0.18118323746918652
1 0.9777017783857729 0.7791700903861956 0.04459644322845417 0.06943303204601478
1 0.9009575923392613 0.82189811010682 0.09357045143638851 0.11955628594905504
1 0.9666210670314638 0.7156943303204601 0.0667578659370725 0.04601479046836483
1 0.8923392612859097 0.7214461791290058 0.06538987688098495 0.04601479046836483
1 0.9663474692202463 0.5585456039441249 0.06730506155950752 0.0866885784716516
1 0.9551299589603283 0.4558340180772391 0.08974008207934336 0.11216105176663928
1 0.8663474692202462 0.4991783073130649 0.09110807113543092 0.09695973705834017
14 0.7428180574555403 0.5521774856203779 0.09904240766073871 0.08709942481511915
14 0.7387140902872777 0.6322925225965489 0.10013679890560875 0.06820049301561215
14 0.7621067031463749 0.7473294987674609 0.09165526675786594 0.11421528348397698
14 0.8300957592339261 0.7222678718159408 0.036114911080711354 0.09038619556285948
14 0.3686730506155951 0.34059161873459326 0.09165526675786594 0.11339359079704191
14 0.44623803009575924 0.34264585045193097 0.027359781121751026 0.08874281018898932
1 0.40642954856361146 0.24753492193919474 0.04131326949384405 0.052999178307313065
1 0.4688098495212038 0.16413311421528348 0.07359781121751026 0.12530813475760066
1 0.3588235294117647 0.06059983566146261 0.0746922024623803 0.10969597370583402
1 0.5619699042407661 0.04991783073130649 0.10779753761969904 0.07107641741988496
