1 0.9117407809110629 0.9022228474957794 0.1309652928416486 0.13365222284749578
1 0.9578362255965294 0.8987056837366348 0.08432754880694143 0.10748452447945978
13 0.45932754880694143 0.03742262239729882 0.12635574837310196 0.07484524479459764
1 0.33731019522776573 0.07751828925154755 0.12255965292841649 0.1252110298255487
13 0.4685466377440347 0.10551491277433878 0.08134490238611713 0.0827236916150816
13 0.5249457700650759 0.13407428249859313 0.07212581344902386 0.07681485649971863
1 0.3241594360086768 0.38871693866066404 0.1911605206073753 0.19780528981429377
13 0.32781995661605207 0.2819358469330332 0.0710412147505423 0.07484524479459764
1 0.36537418655097614 0.3538266741699494 0.0821583514099783 0.08581879572312888
1 0.19956616052060738 0.4158694428812606 0.15184381778741865 0.16038266741699495
13 0.25962581344902386 0.5393922341024199 0.11578091106290672 0.11817670230725943
1 0.38476138828633405 0.4807259425998875 0.0911062906724512 0.09257175014068655
1 0.48468004338394793 0.515756893640968 0.12879609544468548 0.13280810354530106
1 0.31941431670281994 0.6558806978052898 0.12960954446854664 0.13787281935846935
1 0.4662418655097614 0.7193303320202589 0.12445770065075923 0.12915025323579066
1 0.2676247288503254 0.725801913337085 0.17299349240780912 0.18204839617332583
1 0.4266540130151844 0.7976927405740012 0.14289587852494579 0.14912774338773213
13 0.346529284164859 0.6100168823860439 0.06670281995661606 0.06978052898142938
1 0.5563991323210412 0.5696398424310636 0.09273318872017354 0.09707371975239168
1 0.6477765726681128 0.5287000562746201 0.13882863340563992 0.144625773776027
1 0.5765997830802603 0.406443444006753 0.1591648590021692 0.16572875633089476
1 0.672857917570499 0.4167135621834553 0.14886117136659435 0.15250422059651098
1 0.7901301518438179 0.2642093415869443 0.23210412147505424 0.24423185143500284
1 0.7585412147505424 0.4146032639279685 0.1222885032537961 0.1268992684299381
1 0.9013015184381779 0.37478897017445134 0.15889370932754882 0.16038266741699495
1 0.8474783080260304 0.46989307822172205 0.07185466377440347 0.0742824985931345
1 0.7607104121475055 0.4909960607765898 0.08758134490238612 0.09003939223410243
1 0.7281724511930586 0.6994935284186832 0.1309652928416486 0.13393359594822735
1 0.9370932754880694 0.4559651097355093 0.09219088937093275 0.09482273494653912
1 0.7349511930585684 0.6419527293190771 0.10330802603036876 0.10776589758019134
1 0.9072668112798264 0.5590883511536298 0.08188720173535792 0.08497467642093416
