1 0.8600950118764845 0.544762484774665 0.25985748218527316 0.18087697929354446
13 0.866270783847981 0.40057856272838 0.267458432304038 0.048416565164433614
1 0.6235154394299287 0.5035018270401949 0.16389548693586697 0.15803897685749085
1 0.6216152019002376 0.6134287454323994 0.12779097387173396 0.07216808769792935
13 0.4700712589073634 0.5869366626065773 0.08788598574821853 0.06364190012180268
13 0.9268408551068884 0.26050548112058464 0.14631828978622327 0.0843483556638246
1 0.3294536817102138 0.3421132764920828 0.2199524940617577 0.07825822168087697
1 0.5095011876484561 0.26568209500609014 0.1486935866983373 0.06607795371498172
1 0.4118764845605701 0.5042630937880633 0.06365795724465559 0.16199756394640683
1 0.44275534441805225 0.39190012180267964 0.0836104513064133 0.06272838002436053
