1 0.9417751084417751 0.4342629482071713 0.09776443109776443 0.10431003259688519
14 0.8668668668668669 0.741216950380297 0.12879546212879547 0.11481347337921043
1 0.8530196863530197 0.5269829771821803 0.08308308308308308 0.06229626946758421
1 0.782615949282616 0.8026077508149221 0.11911911911911913 0.08113002535313292
1 0.6581581581581581 0.7220210068815647 0.11444778111444778 0.099601593625498
1 0.6104437771104438 0.817457442955451 0.14647981314647981 0.07243752263672583
1 0.7180513847180514 0.8898949655921767 0.07874541207874541 0.12241941325606664
1 0.6246246246246246 0.900398406374502 0.10276943610276944 0.08982252806954003
1 0.5567233900567234 0.5440057950018109 0.14848181514848183 0.1267656646142702
1 0.44244244244244246 0.5483520463600144 0.056723390056723395 0.11300253531329228
1 0.49416082749416085 0.7374139804418689 0.11544878211544879 0.05795001810938066
1 0.3670337003670337 0.6546541108294096 0.07874541207874541 0.12495472654835205
1 0.43977310643977313 0.8703368344802608 0.12078745412078747 0.17457442955450925
1 0.2971304637971305 0.8802969938428106 0.13780447113780447 0.14958348424483883
1 0.2821154487821155 0.7410358565737052 0.15849182515849183 0.12749003984063745
1 0.23390056723390057 0.5900036218761319 0.12212212212212213 0.12241941325606664
1 0.308641975308642 0.3946034045635639 0.08808808808808809 0.23578413618254257
14 0.15031698365031698 0.4353495110467222 0.17183850517183852 0.17602318000724376
1 0.3872205538872206 0.34099963781238685 0.0637303970637304 0.10032596885186526
1 0.37620954287620956 0.5094168779427743 0.05305305305305306 0.07424846070264397
1 0.6256256256256256 0.300796812749004 0.14414414414414414 0.10684534588917059
1 0.5975975975975977 0.20065193770373052 0.10944277610944278 0.06736689605215501
1 0.43593593593593594 0.20789568996740312 0.10043376710043377 0.07533502354219486
1 0.5648982315648983 0.12767113364722926 0.10143476810143477 0.0684534588917059
14 0.6775108441775108 0.4123505976095618 0.09442776109442777 0.08366533864541832
