13 0.16319092933792265 0.6380801383684059 0.07734359182020652 0.14326895358893055
1 0.17908483498683944 0.5030268088786394 0.06863737598704191 0.11473046987604497
1 0.233346831342377 0.6101181896800231 0.05567928730512249 0.09022773133467858
13 0.27019639603158535 0.681464398962237 0.06337315246001214 0.06687806284231768
1 0.344097995545657 0.6609974055923897 0.06337315246001214 0.08763332372441626
13 0.3131200647904434 0.4102046699336985 0.05689410811905244 0.07033727298933411
1 0.377201862725248 0.42490631305851834 0.05466693662684754 0.07552608820985876
1 0.37669568738611053 0.3209858748918997 0.12613889451305932 0.1830498702796195
1 0.3684956468920834 0.2094263476506198 0.1154079773233448 0.12712597290285385
1 0.4616319092933792 0.21519169789564718 0.06924478639400689 0.10867685211876622
1 0.45829115205507187 0.3493802248486596 0.04798542215023284 0.08244450850389162
1 0.5132617938854018 0.41063707120207554 0.07855841263413646 0.11617180743730182
1 0.465883782142134 0.5583741712309023 0.11702773840858473 0.15681752666474488
13 0.5012148208139299 0.6667627558374172 0.09657825470743064 0.1706543672528106
1 0.566207734359182 0.6006053617757279 0.10062765742053047 0.13289132314788124
1 0.5704596072079368 0.4933698472182185 0.06701761490180198 0.08388584606514847
1 0.6405142741445636 0.35154223119054484 0.09495849362219072 0.12827904295185932
1 0.5580076938651549 0.22412799077543963 0.10771411216845515 0.10175843182473336
1 0.5868596881959911 0.15897953300663017 0.12006479044340959 0.13750360334390316
1 0.6887021664304515 0.29504179878927644 0.1176351488155497 0.1484577688094552
1 0.4282243369103057 0.8714326895358894 0.17655395829115206 0.22138944940905161
1 0.5378619153674833 0.9224560392043817 0.09819801579267058 0.1550879215912367
1 0.5261186474994938 0.770106658979533 0.09293379226564082 0.12712597290285385
1 0.5801781737193764 0.750936869414817 0.06256327191739218 0.11069472470452581
1 0.5873658635351285 0.8503891611415394 0.049807653371127754 0.0732199481118478
1 0.6730107309171897 0.6867973479388874 0.07531889046365661 0.10406457192274432
1 0.6123709252885199 0.9462381089651197 0.07471148005669163 0.10752378206976075
1 0.6674428021866774 0.8885846065148458 0.060943510832152256 0.07754396079561834
1 0.7082405345211581 0.6653214182761603 0.09232638185867584 0.152205246468723
1 0.03978538165620571 0.41640242144710293 0.06863737598704191 0.11444220236379361
1 0.031180400890868595 0.08878639377342173 0.06236080178173719 0.17757278754684347
1 0.06236080178173719 0.04136638800807149 0.1154079773233448 0.08273277601614298
