1 0.7595188284518828 0.4036124794745485 0.10899581589958159 0.13530377668308705
1 0.6742677824267782 0.39671592775041054 0.033891213389121336 0.12545155993431856
1 0.7023012552301254 0.5220032840722496 0.03514644351464435 0.10541871921182266
1 0.6145397489539749 0.4993431855500821 0.05334728033472803 0.14811165845648605
1 0.5726987447698745 0.39934318555008214 0.049999999999999996 0.15632183908045977
1 0.4518828451882845 0.4425287356321839 0.08535564853556485 0.11527093596059114
1 0.5482217573221757 0.5692939244663383 0.07635983263598325 0.12052545155993433
1 0.6358786610878661 0.6155993431855501 0.07133891213389121 0.06403940886699508
13 0.6771966527196652 0.6788177339901478 0.044769874476987444 0.09983579638752053
1 0.7432008368200836 0.7620689655172415 0.09644351464435146 0.08045977011494253
1 0.6170502092050208 0.6970443349753694 0.07217573221757322 0.05944170771756979
1 0.62918410041841 0.9001642036124795 0.054602510460251046 0.06633825944170772
1 0.46861924686192463 0.7151067323481117 0.08535564853556485 0.08243021346469623
1 0.5710251046025104 0.8857142857142858 0.05251046025104602 0.08735632183908046
1 0.3572175732217573 0.8114942528735632 0.07426778242677824 0.16551724137931034
13 0.38587866108786606 0.9479474548440066 0.04539748953974895 0.10410509031198686
13 0.6677824267782426 0.22183908045977013 0.08410041841004183 0.11921182266009853
13 0.8052301255230125 0.5354679802955665 0.12175732217573221 0.15467980295566502
