1 0.8681060783853556 0.9097043701799485 0.14691386998357195 0.17930591259640102
1 0.5106782445435344 0.6282133676092545 0.14879136352968786 0.13046272493573263
14 0.4731283736212157 0.44955012853470433 0.07275287491199249 0.14524421593830333
1 0.42736446843463977 0.7418059125964009 0.041304858014550576 0.1044344473007712
1 0.40870687632011266 0.6229113110539846 0.034498943909880314 0.1147172236503856
1 0.33466322459516545 0.6740038560411311 0.03567237737620277 0.06651670951156811
1 0.2696550105609012 0.6781812339331619 0.09903778455761558 0.16484575835475576
1 0.3595400140812016 0.5069087403598971 0.0755691152311664 0.15713367609254497
1 0.27211922084017837 0.5292416452442159 0.08613001642806853 0.12339331619537275
1 0.262379723069702 0.8785347043701799 0.1103027458343112 0.12210796915167094
