13 0.8318933596642805 0.6392835083384806 0.08343618859540854 0.19765287214329835
13 0.8313996544063195 0.8227300802964793 0.07751172549987657 0.09512044471896233
13 0.7499382868427549 0.6584311303273627 0.05183905208590472 0.17171093267449045
1 0.7447543816341644 0.830450895614577 0.04690199950629474 0.18962322421247685
1 0.636139224882745 0.9258801729462632 0.06072574672920267 0.11982705373687462
13 0.6931621821772401 0.698888202594194 0.06270056776104665 0.1920938851142681
13 0.6304616144161935 0.6025324274243361 0.044927178474450755 0.2686843730697962
1 0.6071340409775364 0.8100679431747994 0.0733152308072081 0.11426806670784435
1 0.5148111577388299 0.27547869054972207 0.08220192545050604 0.10376775787523163
13 0.5025919526042952 0.10345892526250773 0.06961244137250061 0.20691785052501546
13 0.4329795112317946 0.1179740580605312 0.05183905208590472 0.2359481161210624
1 0.4442113058504073 0.35484867201976533 0.028388052332757343 0.1278567016676961
1 0.35768945939274255 0.5534280420012354 0.04097753641076277 0.2816553428042001
1 0.3146136756356455 0.387893761581223 0.039249568007899284 0.150710315009265
