13 0.6984079303094022 0.8635176316935133 0.1249624511865425 0.24074880278624292
1 0.8020426554520877 0.7124510230735742 0.08471012316010815 0.1127557683935568
13 0.7958846500450586 0.8639529821506312 0.11204565935716432 0.18763604701784936
1 0.8771402823670772 0.5970831519373095 0.13817963352358065 0.23291249455811927
1 0.8546109942925804 0.391162385720505 0.12195854610994293 0.1632564214192425
1 0.8071492940823071 0.5764040052242054 0.09372183838990689 0.15933826730518066
1 0.7970862120756984 0.41989551589029167 0.07299489336136979 0.10666086199390509
1 0.6778311805346952 0.6723987810187201 0.11565034544908381 0.130169786678276
1 0.7008110543706819 0.5805398345668262 0.07389606488434966 0.07705703090988245
1 0.6386302192850706 0.5328689595124074 0.06488434965455092 0.08358728776665215
1 0.6841393811955543 0.4368741837178929 0.06338239711625113 0.11885067479320853
1 0.5701411835386002 0.498693948628646 0.07990387503754881 0.1284283848498041
1 0.5114148392910784 0.43578580757509794 0.1300690898167618 0.195907705703091
1 0.6114448783418444 0.35959947757945143 0.07479723640732953 0.10883761427949498
1 0.46034845298888555 0.11319111885067479 0.0814058275758486 0.10709621245102306
1 0.5364974466806849 0.10296038310840226 0.14959447281465907 0.1780583369612538
1 0.4701111444878342 0.023944275141488898 0.07269450285370982 0.047888550282977796
1 0.4208471012316011 0.04919460165433173 0.04565935716431361 0.06181976491075315
1 0.30114148392910783 0.25707444492816717 0.09041754280564734 0.20156726164562472
13 0.350255331931511 0.4608184588593818 0.11234604986482427 0.20940356987374836
