1 0.3267182962245886 0.606718192627824 0.30396902226524686 0.16765755053507728
1 0.515972894482091 0.5716409036860879 0.13649564375605033 0.12306777645659928
1 0.3923039690222653 0.47844827586206895 0.1292352371732817 0.106718192627824
1 0.5948693126815102 0.45541022592152197 0.18973862536302033 0.1516052318668252
1 0.7357212003872217 0.5205112960760998 0.1868344627299129 0.15695600475624255
1 0.9278799612778316 0.4255350772889417 0.1442400774443369 0.13882282996432818
1 0.7040174249757987 0.36400118906064205 0.22700871248789933 0.13941736028537455
1 0.4900774443368829 0.36652794292508917 0.18731848983543078 0.089179548156956
13 0.3688286544046467 0.3326397146254459 0.14714424007744434 0.10642092746730082
1 0.18368828654404648 0.29354934601664684 0.25024201355275894 0.11504161712247324
1 0.4905614714424008 0.28804994054696786 0.18635043562439496 0.08501783590963138
1 0.36302032913843174 0.12098692033293697 0.15198451113262343 0.08263971462544589
1 0.8046950629235238 0.20154577883472055 0.22700871248789933 0.1111771700356718
1 0.4968538238141336 0.10538049940546967 0.15827686350435624 0.09958382877526753
13 0.616650532429816 0.717449464922711 0.24298160696999033 0.1423900118906064
13 0.1660212971926428 0.5163495838287753 0.3320425943852856 0.19024970273483946
