1 0.8678694613955955 0.9273356401384083 0.21491111700716367 0.1453287197231834
1 0.31706022817723534 0.5547866205305652 0.0520031838684001 0.13917723952326028
13 0.24847439639161578 0.39407920030757404 0.042716901034757226 0.11457131872356786
13 0.42730167153091003 0.3362168396770473 0.04059432210135314 0.09957708573625529
1 0.3886972671796232 0.3873510188389081 0.028654815600955157 0.13417916186082277
1 0.37198195807906603 0.2641291810841984 0.02547094720084903 0.08073817762399077
13 0.16715309100557174 0.40561322568242986 0.07959671000265321 0.11841599384851981
1 0.18917484743963914 0.2954632833525567 0.06526930220217564 0.07497116493656286
1 0.05624834173520827 0.36428296808919647 0.07641284160254709 0.18569780853517878
1 0.07773945343592464 0.07766243752402922 0.03555319713451844 0.07689350249903884
1 0.028389493234279646 0.09554017685505575 0.05677898646855929 0.06805074971164937
1 0.1869196073228973 0.12456747404844291 0.04537012470151233 0.05382545174932718
1 0.1346511010878217 0.06708958093041138 0.04537012470151233 0.07343329488658208
1 0.24555585035818517 0.08150711264898117 0.08782170336959405 0.10841983852364476
13 0.9085964446802864 0.60399846212995 0.07455558503581851 0.22991157247212612
