1 0.08142857142857143 0.4828464673913043 0.16285714285714287 0.07778532608695651
1 0.1742857142857143 0.3733016304347826 0.12 0.15013586956521738
1 0.06142857142857143 0.36990489130434784 0.12285714285714286 0.13179347826086957
1 0.18619047619047618 0.5779551630434783 0.1657142857142857 0.13688858695652173
1 0.3352380952380952 0.42680027173913043 0.18476190476190477 0.1328125
1 0.24619047619047618 0.6936141304347826 0.20285714285714285 0.13519021739130435
1 0.31952380952380954 0.5793138586956521 0.12476190476190477 0.07370923913043478
1 0.4011904761904762 0.679008152173913 0.07095238095238095 0.11141304347826086
1 0.5278571428571428 0.5213994565217391 0.1280952380952381 0.07744565217391304
1 0.30142857142857143 0.8238790760869565 0.19714285714285715 0.11379076086956522
1 0.3983333333333333 0.7854959239130435 0.11285714285714285 0.05264945652173913
1 0.48547619047619045 0.763077445652174 0.10523809523809524 0.04789402173913043
1 0.5752380952380952 0.8395040760869565 0.08857142857142856 0.057404891304347824
1 0.6445238095238095 0.8941915760869565 0.10142857142857142 0.10699728260869565
1 0.7692857142857142 0.7853260869565217 0.1519047619047619 0.09714673913043478
1 0.8057142857142857 0.8838315217391304 0.2038095238095238 0.09442934782608696
1 0.9621428571428572 0.7049932065217391 0.07571428571428572 0.15251358695652173
1 0.8690476190476191 0.6440217391304348 0.1361904761904762 0.09171195652173912
1 0.7642857142857142 0.5 0.22476190476190477 0.10597826086956522
1 0.960952380952381 0.4566915760869565 0.07809523809523809 0.059442934782608696
1 0.7521428571428571 0.38162364130434784 0.13952380952380952 0.23063858695652173
1 0.6252380952380953 0.28108016304347827 0.10095238095238095 0.10835597826086957
1 0.8019047619047619 0.22129755434782608 0.21047619047619048 0.058084239130434784
13 0.9252380952380952 0.20771059782608695 0.14952380952380953 0.15523097826086957
13 0.9261904761904762 0.07574728260869565 0.14761904761904762 0.12839673913043478
1 0.6876190476190476 0.07319972826086957 0.24285714285714285 0.06216032608695652
1 0.32785714285714285 0.025985054347826088 0.3061904761904762 0.051970108695652176
1 0.43476190476190474 0.13739809782608695 0.16666666666666666 0.10427989130434782
