13 0.6329282187618686 0.6516681299385426 0.13710596278009873 0.15583845478489902
13 0.6661602734523357 0.840649692712906 0.12685150018989746 0.11676909569798069
13 0.45556399544246107 0.7219051799824407 0.18420053171287504 0.1681299385425812
1 0.47778199772123053 0.9681738366988587 0.11090011393847322 0.0636523266022827
1 0.35567793391568553 0.8579894644424935 0.05431067223699202 0.1382791922739245
1 0.44530953285225977 0.8529411764705882 0.06266616027345233 0.1369622475856014
1 0.6072920622863653 0.9240561896400351 0.11165970375996961 0.09745390693590869
1 0.19502468666919862 0.5586040386303776 0.07633877706038739 0.1382791922739245
1 0.04386631219141664 0.5305092186128183 0.06874287884542347 0.10228270412642669
1 0.055639954424610706 0.41483757682177347 0.07937713634637296 0.08077260755048288
1 0.16293201671097607 0.35996488147497807 0.08127611090011394 0.053555750658472345
1 0.12742119255601975 0.27326602282704127 0.08849221420432966 0.09438103599648814
13 0.030763387770603872 0.26953467954345917 0.061526775541207744 0.12818261633011413
1 0.32434485377895933 0.1262071992976295 0.0744398025066464 0.1681299385425812
1 0.41131788834029626 0.05443371378402107 0.0744398025066464 0.08165057067603161
1 0.3114318268135207 0.018217734855136083 0.09874667679453095 0.036435469710272166
