1 0.8040967531052517 0.5967170904409399 0.1106994988014818 0.1950434502735758
1 0.7435171061233384 0.7523334406179595 0.08760078448463718 0.1400064370775668
1 0.7371976465460884 0.5828773736723528 0.08280671170189584 0.14225941422594143
1 0.6980823708869035 0.7140328290955906 0.06733493135759425 0.11425812681042807
14 0.7106123338417956 0.47843579015127136 0.08542166049248202 0.14837463791438688
1 0.5595990411854435 0.7376890891535244 0.12638919154499892 0.21242355970389445
14 0.6104815864022662 0.8825233344061797 0.12442797995205927 0.1712262632764725
1 0.587709740684245 0.6081429031219827 0.08324253650032687 0.09687801738010944
14 0.623229461756374 0.4005471515931767 0.11680104597951624 0.2082394592854844
1 0.5221181085203748 0.5447376890891535 0.10895619960775768 0.17219182491149018
1 0.51165831335803 0.3833279691020277 0.16953584658967094 0.22401029932410688
1 0.35203748093266507 0.31863533955584167 0.1104815864022663 0.19375603476021888
1 0.3528001743299194 0.4364338590280013 0.08629331008934409 0.10492436433859029
1 0.28339507517977774 0.37914386868361766 0.07605142732621487 0.10041841004184102
1 0.22989758117236872 0.36095912455745094 0.07278274133798213 0.13550048278081753
1 0.20581826105905426 0.5070807853234632 0.06994988014818043 0.12648857418731896
1 0.33275223360209194 0.6194077888638558 0.0963172804532578 0.12841969745735438
1 0.30333405970799737 0.733665915674284 0.10721290041403356 0.16832957837141937
14 0.23000653737197646 0.717251367878983 0.11440400958814556 0.18184744126166721
1 0.23164088036609284 0.5897972320566464 0.0836783612987579 0.11940778886385582
1 0.9518413597733711 0.9280656581911813 0.08760078448463718 0.1400064370775668
