14 0.3284645098985997 0.2223796033994334 0.11757605021728633 0.141643059490085
14 0.14582327378078222 0.2949008498583569 0.1791405118300338 0.09688385269121812
14 0.11093674553355866 0.6089235127478753 0.13785610816030902 0.16742209631728044
14 0.36492032834379523 0.37025495750708215 0.11612747464992756 0.07762039660056656
14 0.18421052631578946 0.4110481586402266 0.13761467889908258 0.08045325779036827
14 0.3137373249637856 0.6677053824362605 0.09198454852728151 0.11898016997167138
14 0.4144133268952197 0.7120396600566572 0.12771607918879768 0.17422096317280453
14 0.48116851762433605 0.3971671388101983 0.17672621921776918 0.09688385269121812
14 0.6557218734910671 0.3058073654390935 0.13713182037662963 0.1594900849858357
14 0.7608643167551907 0.6733711048158639 0.1465475615644616 0.06402266288951841
14 0.6316996619990343 0.7199716713881019 0.08570738773539352 0.12606232294617564
14 0.7182520521487203 0.8474504249291784 0.08353452438435538 0.2252124645892351
