14 0.3788793103448276 0.6141893872764586 0.09454022988505748 0.17121078862503664
14 0.4760057471264368 0.5513046027557901 0.09281609195402299 0.14218704192318968
14 0.3169540229885057 0.4284667253004984 0.08908045977011494 0.128701260627382
14 0.2221264367816092 0.6218117854001759 0.17413793103448275 0.1882145998240985
14 0.47543103448275864 0.7969803576663735 0.15373563218390804 0.1627088830255057
14 0.44267241379310346 0.21547933157431837 0.14683908045977012 0.10964526531808853
14 0.7112068965517241 0.4349164467897977 0.11954022988505747 0.09469363822925828
14 0.7310344827586207 0.27792436235708 0.14080459770114942 0.1325124596892407
14 0.7834770114942529 0.14394605687481676 0.2382183908045977 0.06508355321020229
14 0.6816091954022988 0.04676048079742011 0.12643678160919541 0.09352096159484022
14 0.7949712643678161 0.5725593667546174 0.2221264367816092 0.13544415127528583
