14 0.7177063642091998 0.9403973509933775 0.14114681789540012 0.09898919484140815
14 0.5181159420289855 0.8705123736493552 0.14965343415248897 0.08818403624956431
14 0.680371770636421 0.8550017427675148 0.1187775677378702 0.07877309166957128
14 0.7996219281663516 0.8448936911815964 0.14681789540012602 0.24189613105611713
14 0.9258034026465028 0.8344370860927153 0.14839319470699433 0.24398745207389336
14 0.7309388783868935 0.4952945277100035 0.09136735979836169 0.25444405716277446
14 0.6345305608065532 0.6045660508888114 0.0976685570258349 0.20250958522133147
14 0.45841209829867674 0.777448588358313 0.07939508506616258 0.16765423492506099
14 0.3293950850661626 0.6782851167654235 0.15154379332073095 0.11362844196584176
14 0.4524259609325772 0.484663645869641 0.1260239445494644 0.2331822934820495
14 0.5570258349086327 0.30881840362495644 0.13358538122243227 0.06134541652143604
14 0.33301827347195967 0.22743116068316488 0.1203528670447385 0.06796793307772743
14 0.526937618147448 0.22934820494945973 0.15784499054820417 0.06134541652143604
14 0.4447069943289225 0.1317532241199024 0.08286074354127285 0.12617636807249913
