14 0.5696612105062809 0.07085316733797144 0.2348686714883898 0.14170633467594287
14 0.6471259992386753 0.12980593189307946 0.09821088694328131 0.10216038081288904
1 0.5629996193376475 0.16532405712193335 0.13703844689760183 0.11241303551812522
1 0.7139322421012563 0.19663127059685095 0.12143129044537496 0.12229952398388867
1 0.7207841644461364 0.28011717319663126 0.07499048344118767 0.05638960087879897
1 0.6298058622002284 0.3560966678872208 0.10087552341073468 0.09337239106554375
1 0.7510468214693568 0.37696814353716585 0.09059763989341454 0.09117539362870743
1 0.642177388656262 0.4503844745514463 0.14312904453749525 0.16843647015745147
1 0.7106966121050629 0.482240937385573 0.12866387514274838 0.1457341633101428
1 0.40445374952417207 0.6680703039179787 0.1556909021697754 0.14170633467594287
14 0.47754092120289304 0.55181252288539 0.16711077274457556 0.16770413767850603
14 0.5363532546631139 0.6393262541193702 0.08602969166349449 0.09886488465763456
1 0.46421773886562623 0.8322958623214939 0.11305671869052152 0.09373855730501647
1 0.4409973353635326 0.8976565360673745 0.12447658926532167 0.12486268766019772
1 0.5222687476208603 0.9066276089344562 0.09059763989341454 0.09154155986818015
1 0.5951655881233346 0.8509703405346026 0.07651313285116103 0.08495056755767118
1 0.6476969927674153 0.7354448919809593 0.07803578226113438 0.06627608934456243
1 0.5688998858012942 0.6869278652508238 0.11457936810049486 0.08787989747345294
1 0.6398934145413019 0.6215671915049432 0.14693566806242864 0.15708531673379714
1 0.4895317853064332 0.7143903332112779 0.09059763989341454 0.09520322226290735
