14 0.5835619855325518 0.44268857985672144 0.06260912945871788 0.123472397808681
1 0.5735844350212024 0.5360303413400759 0.01621351958094288 0.06236831015592078
1 0.5185831878273884 0.42351453855878635 0.04789224245447743 0.1078803202697008
1 0.46545273135445253 0.48209018120522545 0.06485407832377152 0.1972187104930468
1 0.43452232476926916 0.6179941002949852 0.06635071090047394 0.04846186262115466
1 0.5422798702918434 0.5933417614833544 0.03093040658518334 0.09102402022756005
1 0.5102269892741332 0.5844922039612306 0.05063606884509853 0.0539401601348504
1 0.36106260912945876 0.5522545301306363 0.062110251933150416 0.18415507796038771
1 0.27675230730855577 0.6767804466919511 0.1409329009728112 0.10535187526337969
1 0.35944125717136444 0.7536873156342183 0.056373160389124474 0.1546565528866414
1 0.41132451983038165 0.7041719342604299 0.029932651534048393 0.08933839022334598
1 0.44537291095036174 0.7861356932153393 0.09653280119730606 0.0762747576906869
1 0.5422798702918434 0.7085967130214919 0.06934397605387878 0.10155920775389803
1 0.5538787727612872 0.7897176569742942 0.08256423048141681 0.07248209018120523
1 0.45198303816413077 0.8453434471133586 0.10127213769019706 0.059839865149599665
13 0.19967572960838115 0.5465655288664139 0.06460463956098778 0.15086388537715972
13 0.2645298079321527 0.43531394858828487 0.11648790222000499 0.08849557522123894
1 0.2333499625841856 0.33480825958702065 0.04265402843601896 0.08048883270122209
13 0.17286106260912948 0.34871470712178676 0.04539785482664006 0.146228402865571
1 0.10189573459715641 0.18457648546144123 0.034173110501371916 0.08428150021070376
1 0.08006984285357946 0.28866413822166037 0.04938887503117985 0.07838179519595449
1 0.10139685707158894 0.3533501896333755 0.04614617111499127 0.0653181626632954
1 0.04227987029184335 0.2760219131900548 0.06660014966325767 0.1323219553308049
1 0.012721376901970567 0.42414664981036665 0.025442753803941134 0.09565950273914876
1 0.030556248441007735 0.5330804888327012 0.06111249688201547 0.06236831015592078
1 0.02656522823646795 0.6253687315634219 0.0531304564729359 0.09523809523809525
1 0.07695185831878275 0.727770754319427 0.10401596408081817 0.16940581542351454
1 0.13332501870790722 0.610408765276022 0.11149912696433026 0.09818794774546988
1 0.11112496882015466 0.5077960387694901 0.06959341481666251 0.0741677201854193
