1 0.941519868906186 0.9618740515933233 0.07968045882834904 0.07625189681335356
1 0.6371364195002048 0.08402883156297421 0.09278984022941418 0.16805766312594841
13 0.7010446538303974 0.06544006069802731 0.09852519459238017 0.13088012139605462
1 0.6986890618598935 0.24317147192716237 0.06677591151167554 0.1236722306525038
1 0.6389799262597297 0.3078528072837633 0.0694387546087669 0.1286039453717754
1 0.7192748873412536 0.3531866464339909 0.06493240475215076 0.12063732928679818
1 0.669192953707497 0.4935508345978756 0.07578861122490782 0.14036418816388468
1 0.6898811962310528 0.533763277693475 0.07947562474395739 0.1479514415781487
1 0.7446743138058173 0.37746585735963584 0.07107742728390004 0.13201820940819423
1 0.6277140516181893 0.45106221547799696 0.051413355182302334 0.09484066767830046
1 0.5359483818107333 0.38050075872534145 0.11163457599344531 0.20637329286798178
1 0.6035436296599754 0.5314871016691958 0.0776321179844326 0.1433990895295903
13 0.47582957804178616 0.687784522003035 0.15075788611224908 0.27996965098634297
13 0.33725931995083985 0.6671092564491654 0.11982793936911103 0.22192716236722307
1 0.4142769356820975 0.5840288315629742 0.07681278164686604 0.1422610015174507
13 0.3370544858664482 0.4816009104704097 0.06411306841458418 0.11949924127465858
1 0.24334289225727163 0.6580045523520486 0.0680049160180254 0.1263277693474962
1 0.28902089307660794 0.7518968133535661 0.0680049160180254 0.125948406676783
1 0.21343711593609177 0.7670713201820941 0.09340434248258911 0.17298937784522003
1 0.14440802949610815 0.8139226100151745 0.12494879147890209 0.23103186646433993
1 0.21712412945514134 0.8975720789074355 0.07169192953707497 0.13277693474962063
1 0.2715075788611225 0.8641881638846738 0.047726341663252764 0.08877086494688922
1 0.33439164276935684 0.8611532625189682 0.06493240475215076 0.12063732928679818
13 0.44039328144203194 0.8499620637329287 0.11798443260958624 0.21813353566009105
1 0.3582548136009832 0.948216995447648 0.07578861122490782 0.10356600910470411
1 0.2948586644817698 0.9309559939301973 0.07025809094633347 0.13050075872534142
13 0.5633961491192134 0.6335356600910471 0.1005735354362966 0.1866464339908953
