13 0.6238145416227608 0.9225061830173125 0.06743940990516333 0.09150865622423743
13 0.533544081489287 0.9249793899422919 0.049877063575693714 0.12036273701566365
13 0.7467509659290481 0.8188375927452597 0.10396909027046013 0.0845012366034625
1 0.5365296803652968 0.6856966199505359 0.07692307692307693 0.05894476504534213
1 0.6006322444678609 0.6793075020610058 0.034422198805760446 0.08656224237427865
1 0.7824025289778714 0.7174361088211048 0.0593607305936073 0.10511129431162408
1 0.8489638215665612 0.7221764220939819 0.0597119775201967 0.10717230008244023
1 0.8387776606954689 0.812242374278648 0.06462943449244819 0.08862324814509481
1 0.8616087109237794 0.5954245671887881 0.06743940990516333 0.0845012366034625
1 0.905163329820864 0.5224649629018961 0.04214963119072708 0.10758450123660346
1 0.8475588338602037 0.4888705688375928 0.05268703898840885 0.08903544929925804
1 0.7929399367755532 0.504328112118714 0.03828591499824376 0.08532563891178896
1 0.7216368106779065 0.5673948887056884 0.06919564453811029 0.07873042044517725
1 0.5783280646294345 0.4478565539983512 0.03126097646645592 0.0663643858202803
1 0.6677204074464348 0.3969497114591921 0.13206884439761152 0.06430338004946413
