14 0.422035952332862 0.7295032002438281 0.07453039789941425 0.13075281926242
14 0.3645728135730155 0.7944224321853093 0.048475055544334476 0.13501981103322158
14 0.45283781054332456 0.5871685461749466 0.08159967683296303 0.06857665345931119
14 0.3301353261967279 0.6552880219445291 0.08018582104625328 0.0853398354160317
14 0.356089678852757 0.5588235294117647 0.09169864673803271 0.0765010667479427
14 0.260149464754595 0.24047546479731788 0.08200363562916582 0.2163974398049375
14 0.5640274691981417 0.45001523925632425 0.10725106039184003 0.14477293508076805
14 0.18218541708745706 0.47759829320329167 0.16279539486972328 0.15056385248399878
14 0.4863663906281559 0.25571472112160926 0.05534235507978186 0.21213044803413592
14 0.44455665522116744 0.10591283145382505 0.0791759240557463 0.05638524839987808
14 0.6961219955564532 0.40551661078939344 0.04665724096142193 0.11307528192624199
14 0.6643102403554837 0.2451996342578482 0.03554837406584528 0.11063700091435537
14 0.47242981215915975 0.030478512648582746 0.08200363562916582 0.06095702529716549
