13 0.6254332755632582 0.09507883420926899 0.1425476603119584 0.11849020544672718
13 0.6388648180242634 0.29335881509794554 0.16767764298093588 0.19971333014811274
13 0.4170277296360485 0.2188246536072623 0.19454072790294627 0.16531294792164355
1 0.43089254766031193 0.042044911610129 0.06542461005199307 0.084089823220258
1 0.5580589254766031 0.044672718585762064 0.10398613518197573 0.08934543717152413
1 0.3136915077989601 0.13330148112756807 0.05545927209705372 0.1423793597706641
1 0.3431542461005199 0.028905876731963688 0.05892547660311958 0.057811753463927376
1 0.03292894280762565 0.5788342092689919 0.0658578856152513 0.06163401815575728
1 0.2597487001733102 0.9013377926421404 0.06802426343154246 0.14667940754897277
1 0.33513864818024264 0.9691829909221213 0.08968804159445407 0.06163401815575728
1 0.125 0.4240324892498805 0.1278162911611785 0.08074534161490683
