13 0.7627063774684364 0.5028669724770642 0.11524765296212366 0.027522935779816515
13 0.7408546455163484 0.5554759174311927 0.09485270314017481 0.05418577981651376
13 0.5833603107801878 0.5635034403669725 0.08352217546131435 0.06794724770642202
13 0.5119779864033668 0.6260034403669725 0.06183230819035287 0.10980504587155963
1 0.46778892845581094 0.5325401376146789 0.09776626740045323 0.052465596330275234
1 0.49983813531887344 0.4693233944954129 0.08546455163483328 0.053325688073394495
1 0.6314341210747815 0.4868119266055046 0.07283910650696018 0.07052752293577982
1 0.5642602784072516 0.3645355504587156 0.06733570734865653 0.05361238532110092
1 0.5262220783425057 0.4073967889908257 0.08190352865004856 0.027522935779816515
1 0.6058595014567821 0.4009461009174312 0.07024927160893493 0.02494266055045872
1 0.6474587245063127 0.5445814220183487 0.06474587245063128 0.04845183486238532
1 0.3132081579799288 0.8549311926605505 0.12787309808999678 0.10493119266055047
1 0.31142764648753646 0.7561639908256881 0.12495953382971836 0.0702408256880734
13 0.194561346714147 0.8685493119266056 0.07575267076723859 0.1367545871559633
13 0.1966655875687925 0.7312213302752294 0.04240854645516349 0.06565366972477064
1 0.1298154742635157 0.7009747706422019 0.043379734541922954 0.047018348623853214
1 0.048883133700226615 0.6522362385321101 0.07704758821625121 0.13073394495412843
1 0.02347037876335384 0.8100630733944955 0.026222078342505666 0.058772935779816515
