13 0.8443509615384616 0.5937829293993677 0.13581730769230768 0.16859852476290832
13 0.84375 0.750263435194942 0.12580128205128205 0.08113804004214963
13 0.711338141025641 0.6101159114857745 0.08373397435897435 0.1464699683877766
1 0.703125 0.7568493150684931 0.07612179487179487 0.16174920969441517
1 0.7017227564102564 0.9272918861959957 0.09815705128205128 0.046364594309799785
1 0.6664663461538461 0.9799789251844045 0.09495192307692307 0.040042149631190724
1 0.586338141025641 0.947049525816649 0.09735576923076923 0.05426765015806111
1 0.5268429487179487 0.8382507903055848 0.0985576923076923 0.10221285563751316
13 0.6191907051282051 0.6446259220231823 0.10136217948717949 0.16385669125395153
13 0.5176282051282051 0.5624341412012644 0.07291666666666666 0.22918861959957848
1 0.47956730769230765 0.7394625922023181 0.11858974358974358 0.09747102212855636
1 0.32952724358974356 0.2834562697576396 0.13341346153846154 0.08851422550052686
13 0.31009615384615385 0.12934668071654373 0.11298076923076923 0.19125395152792413
13 0.1971153846153846 0.14857744994731295 0.08413461538461538 0.20231822971548996
1 0.21514423076923075 0.351159114857745 0.04567307692307692 0.10906217070600631
1 0.07491987179487179 0.5205479452054794 0.06650641025641026 0.24025289778714434
1 0.01842948717948718 0.3793466807165437 0.03685897435897436 0.12855637513171758
