13 0.41820401519262074 0.5579674395658609 0.13483450895279436 0.17365564874198325
13 0.31090613130765055 0.3386778490379872 0.07650569723277266 0.20374938332511103
1 0.34997287032013025 0.5907745436605822 0.08193163320672817 0.10310804144055255
1 0.24430276722734673 0.4168722249629995 0.07948996201844818 0.18352244696595957
1 0.18977211068909386 0.5490873211642823 0.043678784590341836 0.17168228909718797
1 0.11882799782962561 0.4102121361618155 0.04557786218122626 0.23532313764183524
1 0.05222463374932176 0.4610261470152936 0.07135105805751492 0.19585594474592996
1 0.09739555073250136 0.6144548593981254 0.05805751492132393 0.12876171682289098
1 0.12303309820944112 0.7572767636901826 0.09088442756375475 0.08880118401578689
1 0.23304395008138903 0.80833744449926 0.10092240911557243 0.08238776517020227
1 0.18773738469886056 0.8660582141095216 0.09224091155724362 0.09817464232856439
