13 0.7998678996036988 0.5126455238859896 0.16248348745046234 0.15254917703733442
1 0.7142228093350946 0.4714973906061823 0.12329370321444297 0.1039743075070253
1 0.8174812857771906 0.37735849056603776 0.08850726552179657 0.07707747892412686
1 0.8282694848084544 0.2649538338016861 0.08190224570673711 0.07868325973504617
1 0.7642007926023778 0.2521075873143316 0.0726552179656539 0.07466880770774789
1 0.7386613826508146 0.28522681653954235 0.05768383971818582 0.058209554395824974
1 0.6030383091149273 0.31854676836611806 0.11580801409070894 0.09273384183059012
1 0.6748128577719066 0.24548374146928945 0.10700132100396301 0.09193095142513047
1 0.5741963892558344 0.25150541951023686 0.1312197269925143 0.12003211561621839
1 0.3238661382650814 0.22621437173825773 0.12725671510347863 0.1272581292653553
13 0.3066930867459269 0.13649136892814132 0.15984147952443856 0.13568847852268165
1 0.17481285777190664 0.18125250903251708 0.11360634081902245 0.10718586912886391
1 0.24262439453985027 0.2763950220794862 0.09423161602818142 0.09112806101967082
1 0.05768383971818582 0.35106382978723405 0.11536767943637163 0.12003211561621839
1 0.05217965653896962 0.25270975511842636 0.10435931307793923 0.11120032115616219
13 0.10325847644209599 0.7408671216378965 0.20651695288419197 0.19550381372942593
