14 0.7762632978723404 0.13194444444444445 0.21343085106382978 0.2638888888888889
14 0.7845744680851063 0.35976702508960573 0.22739361702127658 0.1881720430107527
14 0.6168550531914894 0.1774193548387097 0.13397606382978722 0.2446236559139785
1 0.5721409574468085 0.3689516129032258 0.12433510638297872 0.18593189964157705
1 0.47373670212765956 0.24350358422939067 0.11702127659574468 0.2800179211469534
1 0.4539561170212766 0.46236559139784944 0.08743351063829786 0.08960573476702509
1 0.6376329787234042 0.7083333333333334 0.1761968085106383 0.12186379928315412
1 0.4039228723404255 0.7170698924731183 0.18882978723404256 0.12231182795698925
1 0.6032247340425532 0.8512544802867383 0.19581117021276595 0.17025089605734767
1 0.48404255319148937 0.8653673835125448 0.17752659574468085 0.1671146953405018
1 0.4384973404255319 0.9115143369175627 0.17220744680851063 0.17697132616487454
14 0.7373670212765957 0.9475806451612904 0.09109042553191489 0.09229390681003584
1 0.846908244680851 0.9209229390681004 0.1266622340425532 0.1581541218637993
1 0.6201795212765957 0.5463709677419355 0.11003989361702127 0.08915770609318996
