13 0.9391182645206437 0.5085393258426967 0.11826452064380685 0.14337078651685395
13 0.9384184744576627 0.37528089887640453 0.10986703988803358 0.06921348314606741
13 0.8229531140657802 0.49415730337078656 0.0734779566130161 0.1253932584269663
1 0.8156053184044786 0.36921348314606744 0.06648005598320503 0.13797752808988764
1 0.8143806857942617 0.22404494382022472 0.08572428271518544 0.04
1 0.7837648705388383 0.16674157303370787 0.08327501749475157 0.059325842696629216
1 0.7136109167249824 0.20719101123595507 0.08502449265220434 0.046741573033707864
1 0.6616515045486354 0.3 0.08607417774667599 0.08674157303370787
13 0.7424772568229531 0.46516853932584273 0.08887333799860041 0.1402247191011236
13 0.6536039188243526 0.5355056179775282 0.0636808957312806 0.1955056179775281
1 0.6203638908327501 0.38426966292134834 0.10356892932120364 0.08359550561797753
1 0.48950314905528336 0.7732584269662922 0.11616515045486353 0.0750561797752809
13 0.4723582925122463 0.9047191011235955 0.0986703988803359 0.16359550561797753
13 0.3736878936319104 0.8880898876404495 0.0734779566130161 0.17258426966292134
1 0.38960811756473057 0.7155056179775281 0.04023792862141357 0.09258426966292135
1 0.2669699090272918 0.5710112359550562 0.058082575227431765 0.20449438202247192
1 0.20591322603219034 0.691685393258427 0.055633310006997894 0.10966292134831461
