13 0.7937016279690419 0.5409448818897638 0.09714438217240459 0.08818897637795275
13 0.7447291166266347 0.5854330708661417 0.07606084867894315 0.0826771653543307
1 0.7431278356018148 0.5043307086614173 0.07285828662930344 0.06955380577427822
1 0.6882839605017347 0.5620734908136483 0.06298372030958099 0.05590551181102362
1 0.661862823592207 0.44803149606299214 0.20656525220176142 0.1847769028871391
1 0.5812650120096077 0.5417322834645669 0.10141446490525755 0.11443569553805774
1 0.47531358420069386 0.5644356955380577 0.04270082732852949 0.048556430446194225
1 0.4570322925006672 0.6023622047244095 0.07606084867894315 0.09291338582677165
1 0.41152922337870296 0.511023622047244 0.07312516680010675 0.07611548556430446
1 0.5414998665599146 0.4309711286089239 0.11582599412863624 0.11916010498687664
1 0.4749132639444889 0.31167979002624674 0.07712836936215639 0.06850393700787402
1 0.6222311182279157 0.31417322834645667 0.09687750200160128 0.08293963254593176
13 0.4826527888977849 0.4044619422572178 0.07232452628769682 0.06141732283464567
13 0.4235388310648519 0.4405511811023622 0.05551107552708834 0.047506561679790026
1 0.4574326127568722 0.37506561679790024 0.08006405124099279 0.06509186351706037
