1 0.4959639126305793 0.5312881562881563 0.10968660968660969 0.12362637362637363
1 0.42509496676163344 0.5772283272283272 0.057692307692307696 0.10378510378510379
1 0.43755935422602094 0.4621489621489622 0.06030389363722698 0.10195360195360195
1 0.370014245014245 0.655982905982906 0.05911680911680912 0.0927960927960928
1 0.32680436847103517 0.3582112332112332 0.07098765432098766 0.11324786324786325
1 0.29214150047483384 0.47176434676434675 0.07098765432098766 0.08394383394383394
1 0.24240265906932576 0.3847680097680098 0.09211775878442545 0.15354090354090355
1 0.35778727445394115 0.5631868131868132 0.03418803418803419 0.08485958485958486
1 0.3366571699905033 0.48473748473748474 0.03466286799620133 0.06776556776556776
1 0.3636039886039886 0.42216117216117216 0.051519468186134856 0.04822954822954823
1 0.3247863247863248 0.11401098901098901 0.06362773029439696 0.12545787545787546
1 0.2589031339031339 0.09203296703296704 0.09710351377018044 0.11141636141636142
1 0.5111585944919278 0.0786019536019536 0.07122507122507123 0.076007326007326
1 0.4465811965811966 0.028388278388278388 0.06457739791073125 0.043345543345543344
1 0.5001187084520418 0.025488400488400488 0.0657644824311491 0.050976800976800976
1 0.5433285849952517 0.2187118437118437 0.03869895536562203 0.11141636141636142
1 0.5878442545109213 0.16666666666666666 0.06220322886989554 0.08913308913308914
1 0.44622507122507127 0.1346153846153846 0.044396961063627734 0.08608058608058608
1 0.013057929724596393 0.5216727716727717 0.026115859449192785 0.08363858363858363
1 0.033831908831908834 0.42124542124542125 0.06766381766381767 0.15384615384615385
