14 0.044403198172472874 0.41573364761343545 0.08880639634494575 0.18856806128461992
14 0.12864077669902912 0.40276959340011786 0.12078812107367219 0.11490866234531526
1 0.07567104511707595 0.5502357100766058 0.13306681896059394 0.12934590453741898
1 0.22330097087378642 0.4264879198585739 0.16676185037121646 0.1647024160282852
1 0.2825528269560251 0.6043017088980553 0.09280411193603655 0.117265763111373
1 0.1619074814391776 0.6979964643488509 0.1473443746430611 0.1284619917501473
1 0.08580810965162765 0.7877136122569239 0.1716162193032553 0.1853270477312905
1 0.25071387778412335 0.8426635238656452 0.13649343232438607 0.14908662345315263
1 0.1389206167904055 0.8839127872716559 0.1459166190748144 0.14967589864466704
1 0.34937178754997145 0.7205362404242781 0.10651056539120503 0.13052445492044784
1 0.3459451741861793 0.5157631113730112 0.18932038834951456 0.24130819092516204
1 0.49414620217018845 0.5253388332351208 0.21159337521416333 0.21331761932822627
1 0.9380354083380925 0.4670005892751915 0.12392918332381496 0.14496169711255155
1 0.9660194174757282 0.38126104890984086 0.06796116504854369 0.14967589864466704
1 0.8587949743003997 0.35061873895109014 0.08480868075385495 0.09487330583382439
1 0.700028555111365 0.5584855627578079 0.054540262707024556 0.058043606364172065
1 0.6564820102798401 0.48158515026517384 0.06853226727584237 0.08927519151443725
14 0.6277841233580811 0.5347672362993517 0.06424900057110222 0.07307012374779022
1 0.9176185037121645 0.6529169121979964 0.06253569388920617 0.05303476723629935
