14 0.8893325727324586 0.22575691092584468 0.2213348545350827 0.32075471698113206
14 0.7494295493439816 0.3758227292672225 0.1394751853964632 0.30759104870557263
14 0.7828009127210496 0.09784993418165862 0.16286366229321161 0.19569986836331724
1 0.6574443810610382 0.1338306274681878 0.12606959498003423 0.1799034664326459
1 0.5566172276098117 0.050241333918385256 0.06417569880205362 0.10048266783677051
1 0.4941528807758129 0.3681439227731461 0.09383913291500284 0.23519087318999563
1 0.3937535653166001 0.11342694164107064 0.0955504848830576 0.2268538832821413
1 0.40017113519680547 0.39469065379552437 0.12549914432401596 0.2663448881088197
1 0.3435539075869937 0.26327336551118913 0.12122076440387905 0.2430890741553313
1 0.2753850541928123 0.25208424747696356 0.17769537934968624 0.249670908293111
1 0.2655447803764974 0.41926283457656865 0.09583571021106674 0.12066695919262835
14 0.4011694238448374 0.5956559894690654 0.06645750142612664 0.12593242650285214
1 0.4396748431260696 0.727950855638438 0.15544780376497433 0.18867924528301888
1 0.3513976041072447 0.6081614743308469 0.07301768397033656 0.16673979815708645
1 0.23474044495151167 0.782799473453269 0.07244723331431831 0.16059675296182535
1 0.1970907016543069 0.8591487494515139 0.06560182544209925 0.177270732777534
1 0.19338277239018822 0.3953488372093023 0.062179121505989726 0.11320754716981132
1 0.5777239018824871 0.2722685388328214 0.06645750142612664 0.14874945151382185
