14 0.8154170804369414 0.14362582781456953 0.05039721946375372 0.12996688741721854
1 0.7893495531281033 0.25558774834437087 0.03798411122144985 0.05587748344370861
1 0.7773088381330685 0.3346440397350993 0.04220456802383317 0.08153973509933775
1 0.7781777557100298 0.44308774834437087 0.03798411122144985 0.09809602649006623
1 0.807720953326713 0.316432119205298 0.022095332671300892 0.11216887417218543
1 0.6742800397219464 0.38038079470198677 0.05312810327706057 0.08278145695364239
1 0.6367924528301887 0.46605960264900664 0.0913604766633565 0.06456953642384106
1 0.714498510427011 0.5320778145695364 0.05014895729890764 0.10140728476821192
1 0.6509433962264151 0.5606374172185431 0.07398212512413108 0.11299668874172185
1 0.3756206554121152 0.18460264900662252 0.06355511420059583 0.10264900662251655
1 0.37127606752730885 0.26158940397350994 0.08217477656405163 0.062086092715231786
14 0.37996524329692155 0.40728476821192056 0.09657398212512412 0.10678807947019868
14 0.3214995034756703 0.3754139072847682 0.03028798411122145 0.08112582781456953
14 0.3247269116186693 0.47371688741721857 0.06454816285998013 0.05504966887417218
1 0.2743296921549156 0.37789735099337746 0.030784508440913603 0.09685430463576158
1 0.22964250248262164 0.2547599337748344 0.08093346573982126 0.07077814569536424
1 0.16310824230387289 0.1806705298013245 0.06206554121151936 0.18501655629139072
1 0.1464746772591857 0.378932119205298 0.04021847070506455 0.13120860927152317
1 0.08763654419066534 0.36361754966887416 0.05461767626613704 0.13948675496688742
1 0.09235352532274081 0.4724751655629139 0.060079443892750745 0.07077814569536424
1 0.10712512413108242 0.5573261589403974 0.05337636544190665 0.09064569536423842
1 0.13890268123138033 0.6469370860927153 0.03401191658391261 0.07119205298013245
1 0.18247269116186693 0.6119619205298014 0.041211519364448855 0.0451158940397351
1 0.2250496524329692 0.5281456953642384 0.0484111221449851 0.08195364238410596
1 0.27097815292949357 0.5875413907284768 0.03748758689175769 0.04925496688741722
1 0.22877358490566038 0.640521523178808 0.04394240317775571 0.0691225165562914
1 0.24131082423038727 0.6881208609271523 0.06305858987090367 0.08236754966887418
1 0.323609731876862 0.6086506622516556 0.08217477656405163 0.08733443708609272
1 0.3233614697120159 0.6777731788079471 0.08267130089374379 0.05339403973509934
