13 0.9361556064073226 0.43827950111928365 0.1276887871853547 0.13079629037416055
1 0.7762013729977117 0.48417013111608576 0.1839816933638444 0.15478094019827313
1 0.5938215102974829 0.44115765909817717 0.1725400457665904 0.1282379277262552
1 0.8066361556064073 0.3613687240166294 0.22379862700228834 0.0690757914934442
13 0.8670480549199086 0.27086664534697796 0.13867276887871854 0.10617204988807163
1 0.6906178489702518 0.3017268947873361 0.07688787185354691 0.07834985609210106
1 0.7091533180778032 0.22625519667412858 0.177116704805492 0.05468500159897666
1 0.7615560640732266 0.13479373201151265 0.2471395881006865 0.08794371602174608
1 0.46430205949656755 0.1383114806523825 0.23295194508009154 0.09114166933162776
1 0.4988558352402746 0.2337703869523505 0.15102974828375287 0.057563159577870164
1 0.6135011441647598 0.05356571794051807 0.17070938215102976 0.10713143588103614
1 0.3588100686498856 0.3274704189318836 0.16109839816933638 0.09657818995842661
1 0.2945080091533181 0.40725935401343144 0.17162471395881007 0.08026862807803006
1 0.3304347826086957 0.5262232171410298 0.11533180778032037 0.11416693316277583
1 0.505491990846682 0.49568276303165976 0.1643020594965675 0.10041573393028462
