1 0.4488699007717751 0.7705009795689897 0.1270672546857773 0.19703330534564792
1 0.5687706725468578 0.6956339210747271 0.11438809261300993 0.11335012594458439
1 0.4366041896361632 0.6189476630282675 0.14829106945975745 0.06968933669185559
1 0.4972436604189636 0.5828435488385111 0.05898566703417861 0.042821158690176324
1 0.2615766262403528 0.6238455079764904 0.06780595369349504 0.07836551917156452
1 0.3242833517089305 0.614329694934229 0.04327453142227122 0.061013154212146654
1 0.29134509371554573 0.5263084242933109 0.08213891951488424 0.054575986565911
1 0.37307056229327457 0.46543520850825637 0.06422271223814774 0.06325216904561994
1 0.27839029768467477 0.4538203190596138 0.0970231532524807 0.06353204589980409
1 0.43922271223814774 0.5514973411698852 0.06477398015435502 0.04953820319059614
1 0.6048787210584344 0.5426812202630843 0.03996692392502756 0.04534005037783376
1 0.6440187431091511 0.5160929191155892 0.06256890848952591 0.08004478029666946
1 0.5442392502756339 0.44584382871536526 0.0961962513781698 0.06661069129582983
13 0.451212789415656 0.42149454240134343 0.05292171995589857 0.06661069129582983
13 0.407800441014333 0.49566190876014554 0.07304299889746417 0.04142177441925553
1 0.6227949283351709 0.43031066330814444 0.10887541345093715 0.054575986565911
