1 0.465219477092828 0.6062453806356245 0.13120652434636604 0.19623059866962306
1 0.38786279683377306 0.573170731707317 0.08347325497721277 0.13895048041389504
1 0.4579035739985608 0.4831855136733186 0.08491244902854402 0.139320029563932
1 0.30510913888222596 0.5866592756836659 0.08059486687455025 0.12971175166297116
1 0.4297193571599904 0.2740206947524021 0.09762532981530343 0.15779748706577976
1 0.3439673782681698 0.33980044345898003 0.08635164307987526 0.1304508499630451
1 0.3524826097385464 0.2097191426459719 0.12880786759414728 0.21101256467110124
1 0.34504677380666826 0.49057649667405767 0.05828735907891581 0.10384331116038432
1 0.3703526025425762 0.39800443458980045 0.05229071719836891 0.08869179600886917
1 0.4236027824418326 0.37010347376201036 0.05804749340369393 0.08314855875831485
1 0.5570880307028064 0.0672579453067258 0.09618613576397217 0.1345158906134516
1 0.5191892540177501 0.025868440502586843 0.11681458383305349 0.051736881005173686
1 0.7153993763492444 0.2156319290465632 0.08371312065243464 0.12379896526237989
1 0.6933317342288319 0.10310421286031042 0.06644279203645959 0.08795269770879527
1 0.7391460781962101 0.14929785661492978 0.0760374190453346 0.11086474501108648
1 0.6655073159030943 0.37527716186252774 0.07171983689134084 0.1319290465631929
1 0.7263132645718398 0.37490761271249073 0.08155432957543775 0.12897265336289726
1 0.637083233389302 0.19807834441980784 0.06668265771168146 0.1130820399113082
1 0.0918685536099784 0.07002956393200295 0.08635164307987526 0.1304508499630451
1 0.16802590549292395 0.058758314855875834 0.12880786759414728 0.11751662971175167
1 0.047253538018709525 0.05192165558019216 0.05229071719836891 0.08832224685883222
