14 0.6459105779716466 0.5261369576581286 0.18255179934569246 0.2598013591217982
14 0.5030534351145038 0.4490329325666492 0.06695747001090513 0.3335075797177208
14 0.5702290076335877 0.7469942498693152 0.1083969465648855 0.1651855723993727
1 0.4732824427480916 0.7754835337166753 0.07938931297709924 0.163617354939885
1 0.5214830970556161 0.9448510193413486 0.128680479825518 0.11029796131730266
1 0.41428571428571426 0.9380554103502352 0.03467829880043621 0.12388917929952953
1 0.3185387131952017 0.6019341348667014 0.039476553980370775 0.2639832723470988
1 0.28636859323882224 0.9093047569262938 0.038386041439476555 0.18139048614741243
1 0.2461286804798255 0.6246732880292734 0.062159214830970554 0.2854155776267642
1 0.22497273718647764 0.8055410350235233 0.06259541984732825 0.2561421850496602
1 0.1772082878953108 0.8570308416100365 0.11232279171210469 0.22530057501306847
1 0.14438386041439477 0.6730266596968113 0.06324972737186478 0.10193413486670151
14 0.21613958560523444 0.39649764767381074 0.03576881134133043 0.1301620491374804
1 0.223773173391494 0.2247778358599059 0.10425299890948746 0.15577626764244643
1 0.17797164667393675 0.41035023523261893 0.034023991275899675 0.181913225300575
1 0.06641221374045801 0.2783585990590695 0.03467829880043621 0.17407213800313642
1 0.027262813522355506 0.21275483533716674 0.02529989094874591 0.20282279142707788
1 0.09563794983642311 0.7407213800313643 0.03424209378407852 0.11500261369576581
1 0.3940021810250818 0.6633559853633036 0.0311886586695747 0.1620491374803973
