13 0.029156626506024096 0.9061053240740741 0.05831325301204819 0.06394675925925926
13 0.2750602409638554 0.5496238425925926 0.028674698795180722 0.08246527777777778
1 0.298433734939759 0.6238425925925926 0.033493975903614456 0.12152777777777778
1 0.35819277108433734 0.40465856481481477 0.1689156626506024 0.16001157407407407
1 0.28048192771084335 0.32089120370370366 0.10554216867469879 0.1111111111111111
13 0.29578313253012045 0.21484375 0.0980722891566265 0.08304398148148148
13 0.3983132530120482 0.18894675925925924 0.09590361445783133 0.1388888888888889
1 0.49855421686746987 0.2513020833333333 0.10554216867469879 0.06915509259259259
1 0.6034939759036144 0.34403935185185186 0.08120481927710843 0.10300925925925926
1 0.5433734939759036 0.16261574074074073 0.12 0.12094907407407407
1 0.6974698795180723 0.26837384259259256 0.17325301204819277 0.1316550925925926
1 0.6810843373493976 0.16478587962962962 0.1506024096385542 0.10387731481481481
1 0.5350602409638554 0.6937210648148148 0.12939759036144577 0.24971064814814814
1 0.6833734939759036 0.7052951388888888 0.15469879518072288 0.21788194444444442
1 0.679156626506024 0.5267650462962963 0.1616867469879518 0.10387731481481481
13 0.5768674698795181 0.42230902777777773 0.04530120481927711 0.07378472222222222
