14 0.7521989174560217 0.8637303556658396 0.17016238159675237 0.2055417700578991
14 0.3273004059539919 0.5498345740281224 0.2303788903924222 0.3279569892473118
14 0.4769959404600812 0.282464846980976 0.1820027063599459 0.18610421836228289
14 0.38785520974289583 0.36579818031430933 0.18843031123139378 0.19396195202646815
14 0.8269621109607579 0.48966087675765096 0.09303112313937754 0.13895781637717122
14 0.6293978349120434 0.08023159636062861 0.15054127198917458 0.14722911497105046
14 0.8188430311231394 0.3027295285359802 0.07205683355886333 0.0967741935483871
14 0.7728349120433018 0.46360628618693134 0.08694181326116374 0.1273779983457403
14 0.756596752368065 0.20244003308519437 0.07408660351826793 0.10215053763440861
14 0.12686062246278756 0.10628618693134823 0.11366711772665765 0.15467328370554176
