13 0.9629433000637079 0.02800763844684914 0.07411339987258442 0.05601527689369828
1 0.9510511785941814 0.12905792488860598 0.07283924400084944 0.10471037555697008
1 0.9720747504778084 0.04901336728198599 0.043533658950945 0.060471037555697
1 0.32522828626035255 0.6909611712285169 0.09152686345296242 0.13239974538510502
1 0.3727967721384583 0.7445894334818586 0.051178594181354856 0.0786123488224061
1 0.3845827139520068 0.6561107574793125 0.059885325971543855 0.09579885423297262
1 0.41017201104268425 0.7485677912157861 0.04268422170312168 0.06301718650541056
1 0.4317264812062009 0.7415658816040738 0.03312805266510937 0.05219605346912794
1 0.4622000424718624 0.7802355187778485 0.06731790188999788 0.10216422660725652
1 0.485134848163092 0.6853914704010184 0.06307071565088129 0.09898154042011457
13 0.4084731365470376 0.5324633991088479 0.0660437460182629 0.09866327180140037
13 0.4643236355914207 0.5105028644175684 0.07921002335952432 0.12221514958625079
13 0.7204289658101508 0.4366645448758752 0.07538755574431939 0.10630171865054105
13 0.7282862603525164 0.5380330999363462 0.05245275005308983 0.08243157224697645
1 0.7735187937991082 0.5350095480585614 0.05924824803567637 0.09038828771483132
1 0.8013378636653218 0.39640356460852955 0.07283924400084944 0.10471037555697008
1 0.7521766829475472 0.4414385741565881 0.04374601826290083 0.060471037555697
1 0.8016564026332554 0.5480585614258434 0.0471437672541941 0.07638446849140675
1 0.819600764493523 0.566995544239338 0.05032915693353154 0.08179503500954806
