14 0.7883731617647058 0.7976257772752967 0.11994485294117647 0.09214245336348219
1 0.6948529411764706 0.8304126625211984 0.09145220588235294 0.10401356698699829
1 0.6202895220588235 0.8894855850763143 0.09122242647058823 0.1288863764838892
1 0.5914522058823529 0.8034200113058224 0.10707720588235294 0.0799886941775014
1 0.6871553308823529 0.7454776710005653 0.06502757352941177 0.040418315432447706
1 0.7359834558823529 0.682871678914641 0.08455882352941177 0.09836065573770492
1 0.5940946691176471 0.6514980214810627 0.08111213235294118 0.071791972866026
14 0.4457720588235294 0.7426512153759185 0.11029411764705882 0.1500847936687394
1 0.5087316176470588 0.6243640474844544 0.06985294117647059 0.10005652911249292
1 0.6390165441176471 0.5377331825890334 0.09696691176470588 0.08394573205200678
1 0.7644761029411764 0.6030243075183719 0.12224264705882353 0.08338044092707744
1 0.7342601102941176 0.4886941775014132 0.10730698529411764 0.1305822498586772
1 0.3434053308823529 0.608535895986433 0.09489889705882353 0.08705483323911814
1 0.2699908088235294 0.7232899943470887 0.0625 0.18654607122668174
14 0.189453125 0.6859807801017523 0.11465992647058823 0.18258903335217636
1 0.22598805147058823 0.5617580553985302 0.08800551470588235 0.06868287167891464
1 0.4086626838235294 0.42806670435274163 0.12063419117647059 0.07150932730356133
1 0.23793658088235295 0.4896834369700395 0.062270220588235295 0.08790276992651215
1 0.30135569852941174 0.40291124929338606 0.054457720588235295 0.07772752967778405
