14 0.31488286632981166 0.11772192173083042 0.15250344510794672 0.1870824053452116
14 0.4067524115755627 0.5645879732739421 0.15801561782269177 0.20839961819917277
14 0.5658015617822691 0.5967228762328985 0.11828203950390445 0.15622017181037226
14 0.5335323840146992 0.7235125676105632 0.12861736334405144 0.1622653515749284
14 0.7642397795130914 0.4602290804963411 0.1444648598989435 0.17721921730830417
14 0.7226688102893891 0.32055361119949094 0.06959118052365641 0.09067769646834235
14 0.6352779053743683 0.9500477251034044 0.09508497932935232 0.09990454979319122
14 0.673403766651355 0.8674832962138085 0.09738171796049609 0.1422208081450843
14 0.5775149288011024 0.9615017499204581 0.10082682590721176 0.07699650015908367
14 0.616214974735875 0.8409163219853643 0.07854846118511713 0.11963092586700605
14 0.5447864033073037 0.8592109449570474 0.08865411116214975 0.11867642379891823
