14 0.73005540166205 0.3051107325383305 0.05235457063711912 0.05281090289608177
14 0.9554016620498615 0.0868824531516184 0.0664819944598338 0.1737649063032368
14 0.8998614958448754 0.16166950596252128 0.05346260387811635 0.10459965928449744
14 0.9738227146814405 0.2262350936967632 0.05235457063711912 0.07632027257240204
14 0.9602493074792244 0.2807495741056218 0.07950138504155126 0.05519591141396933
14 0.9121883656509696 0.44752981260647356 0.06204986149584488 0.13185689948892673
14 0.7889196675900277 0.32776831345826235 0.06537396121883657 0.11584327086882452
14 0.8380886426592798 0.4952299829642248 0.09556786703601108 0.15298126064735945
14 0.8002770083102494 0.6231686541737649 0.06149584487534627 0.1321976149914821
14 0.6739612188365651 0.3652470187393526 0.11745152354570638 0.14718909710391823
14 0.6562326869806094 0.7339011925042589 0.12243767313019392 0.11175468483816013
14 0.7188365650969529 0.8846678023850085 0.06481994459833795 0.12095400340715502
14 0.8045706371191136 0.8759795570698466 0.055124653739612194 0.11993185689948892
