14 0.2764934533551555 0.9530107901148626 0.09963175122749592 0.09397841977027498
14 0.12172667757774142 0.9039331709014967 0.15180032733224225 0.11903933170901497
14 0.0921644844517185 0.5180995475113123 0.11681669394435353 0.2057083188304908
14 0.307385433715221 0.8113470240167073 0.09840425531914894 0.09537069265576054
14 0.15425531914893617 0.7612252001392273 0.11661211129296237 0.09885137486947443
14 0.26401391162029464 0.4457013574660634 0.07794599018003273 0.14584058475461192
14 0.34932487725040917 0.391228680821441 0.10822422258592472 0.21441002436477552
14 0.40589198036006546 0.7782805429864253 0.1497545008183306 0.11903933170901497
14 0.5538052373158756 0.8903585102680126 0.11620294599018004 0.1956143404107205
14 0.6429009819967267 0.4389140271493213 0.12418166939443535 0.07866341802993387
14 0.533449263502455 0.3816568047337278 0.07262684124386252 0.15489035851026803
14 0.6067921440261866 0.22485207100591717 0.07078559738134206 0.27636616776888273
