1 0.20267915486822044 0.6998623221661313 0.0877804399912873 0.1486920605782469
1 0.2300152472228273 0.6009637448370813 0.11500762361141365 0.20697567691601654
1 0.2962317577869745 0.7748967416245984 0.13330429100413854 0.2354290959155576
1 0.2470050098017861 0.8093162000917853 0.04922674798518841 0.09775126204681046
1 0.35493356567196693 0.5823772372648004 0.07253321716401656 0.14226709499770537
1 0.3405576127205402 0.7202845341899954 0.040731866695708996 0.0867370353373107
13 0.40633848834676545 0.6691142726021111 0.07732520148115879 0.18357044515832951
13 0.468307558266173 0.6305644791188619 0.0692659551296014 0.1854061496099128
1 0.38880418209540407 0.791647544745296 0.061424526247005014 0.14777420835245525
1 0.3423001524722283 0.903625516291877 0.061642343715966025 0.14318494722349703
13 0.49640601176214333 0.7494263423588803 0.08189936832934001 0.20468104635153742
13 0.43944674362883906 0.7677833868747131 0.04160313657155304 0.08260670032124828
1 0.3915269004574167 0.9460761817347407 0.07688956654323677 0.10784763653051858
1 0.4713570028316271 0.8834327673244607 0.07580047919843172 0.17439192290041303
1 0.7671531256806796 0.31964203763194127 0.04791984317142235 0.10234052317576871
13 0.6975604443476368 0.32469022487379534 0.053800914833369635 0.09316200091785223
13 0.7348072315399695 0.21179440110142267 0.0938793291221956 0.20789352914180817
1 0.8607057285994337 0.30908673703533734 0.07384012197778263 0.1601652134006425
1 0.9055761272054019 0.3237723726480037 0.07732520148115879 0.18494722349701698
1 0.876933130037029 0.4591555759522717 0.06665214550206927 0.14180816888480954
1 0.8158353299934655 0.44653510784763656 0.061642343715966025 0.12849931161083067
1 0.8122413417556088 0.6011932078935291 0.05445436724025267 0.12482790270766407
