1 0.8918249380677127 0.3237043330501274 0.1348747591522158 0.09798923817615406
1 0.785851913019543 0.2529028603794959 0.12001101018442059 0.08836023789294817
1 0.7219928433801266 0.3227131124327386 0.14368290668868705 0.08864344378363069
1 0.7277731902009359 0.39946190880770316 0.11120286264794936 0.06711979609175871
1 0.8714560968896229 0.4156046445766072 0.11230388109000826 0.06315491362220334
1 0.8552160748692541 0.5308694420843953 0.11450591797412607 0.05352591333899745
14 0.8956785026149188 0.47125460209572356 0.1001926782273603 0.05777400169923534
1 0.6168455821635013 0.6122911356556217 0.13542526837324526 0.09175870858113848
14 0.5478943022295624 0.4551118663268196 0.10101844205890449 0.12404418011894647
1 0.6761629507294248 0.5303030303030303 0.07514450867052024 0.11299915038232795
1 0.7246077621800165 0.6441517983574058 0.0547756674924305 0.10676862078731238
1 0.772914946325351 0.706173888416879 0.109551334984861 0.07731520815632965
1 0.9289843104872006 0.6551968280940244 0.14203137902559868 0.06258850184083829
1 0.87682356179466 0.7550269045596149 0.11973575557390587 0.11781365052393089
1 0.7741535920726672 0.7925516850750495 0.05147261216625378 0.0994052676295667
1 0.7818607211670796 0.8758142169357123 0.06028075970272502 0.05465873690172755
1 0.606110652353427 0.7806570376663834 0.060556014313239745 0.10110450297366184
14 0.5192678227360308 0.8000566411781365 0.12083677401596477 0.06627017841971113
14 0.5099091659785302 0.8891248937977909 0.1252408477842004 0.0801472670631549
1 0.7181392788329205 0.8227131124327386 0.03963666391412056 0.0475785896346644
1 0.7299752270850537 0.8814783347493628 0.03358106248279659 0.05579156046445766
