14 0.964968152866242 0.2383435582822086 0.07006369426751592 0.1147239263803681
1 0.9842280861389142 0.32561349693251534 0.03154382772217167 0.06042944785276074
1 0.9305429178040643 0.48021472392638037 0.08735213830755233 0.08742331288343559
1 0.9256900212314225 0.5585889570552147 0.11950257810130421 0.10122699386503069
1 0.9585987261146497 0.6081288343558282 0.08280254777070065 0.11993865030674847
1 0.5456475583864119 0.5576687116564417 0.10615711252653928 0.10674846625766872
1 0.5717318774643616 0.6084355828220859 0.1091901728844404 0.09355828220858896
14 0.6383075523202912 0.693558282208589 0.1416439187139824 0.13128834355828223
14 0.5655141037306642 0.7127300613496933 0.06339096148013346 0.07085889570552148
14 0.607825295723385 0.7719325153374234 0.08795875037913255 0.0776073619631902
1 0.5181983621474068 0.7457055214723927 0.07006369426751592 0.08098159509202454
1 0.4234152259629967 0.6987730061349694 0.11101000909918107 0.09815950920245399
1 0.3257506824385805 0.6970858895705522 0.13709432817713074 0.15674846625766872
1 0.38732180770397334 0.8320552147239264 0.09341825902335457 0.1088957055214724
1 0.32044282681225356 0.8615030674846627 0.11131331513497118 0.1236196319018405
1 0.3685168334849864 0.9262269938650307 0.08977858659387322 0.0843558282208589
1 0.41734910524719443 0.9616564417177915 0.09038519866545344 0.07668711656441718
1 0.5165301789505611 0.9530674846625767 0.060661207158022444 0.05582822085889571
1 0.52699423718532 0.8723926380368099 0.08219593569912041 0.0834355828220859
1 0.5976645435244161 0.8788343558282209 0.05793145283591144 0.05582822085889571
1 0.5752198968759479 0.939877300613497 0.07249014255383682 0.07239263803680981
1 0.6072186836518046 0.9572085889570553 0.09766454352441614 0.08558282208588958
1 0.6602972399150744 0.8570552147239264 0.11889596602972399 0.10920245398773007
1 0.6872914771003943 0.9 0.10615711252653928 0.08834355828220859
