1 0.08378048780487805 0.11489746682750301 0.1675609756097561 0.1284680337756333
1 0.5753658536585365 0.4145054282267792 0.04780487804878049 0.1094692400482509
13 0.6382926829268293 0.5407117008443908 0.03951219512195122 0.08986731001206272
13 0.4740243902439024 0.5859469240048251 0.037317073170731706 0.07840772014475271
1 0.5095121951219512 0.5459891435464415 0.026341463414634145 0.10524728588661036
1 0.5248780487804878 0.6424909529553678 0.023414634146341463 0.06302774427020506
13 0.7130487804878048 0.531664656212304 0.07341463414634146 0.09288299155609167
1 0.6928048780487804 0.6177623642943305 0.05975609756097561 0.05880579010856453
1 0.815 0.5637816646562123 0.07 0.1456574185765983
1 0.8823170731707317 0.5497587454764776 0.05731707317073171 0.1338962605548854
1 0.8734146341463415 0.6539505428226778 0.07512195121951219 0.05036188178528347
1 0.7952439024390244 0.7886007237635705 0.032926829268292684 0.060313630880579006
1 0.8459756097560975 0.7747285886610373 0.06317073170731707 0.053075995174909525
1 0.695 0.7518094089264173 0.041707317073170734 0.04221954161640531
1 0.7429268292682927 0.7968938480096501 0.041463414634146344 0.057599517490952955
1 0.6410975609756098 0.7855850422195416 0.08073170731707317 0.08504221954161639
1 0.7113414634146341 0.8692702050663449 0.04853658536585366 0.07207478890229191
13 0.6164634146341463 0.8792219541616405 0.10121951219512196 0.07388419782870928
13 0.032926829268292684 0.3757539203860072 0.06585365853658537 0.18033775633293123
