1 0.9449003516998828 0.6753175041413584 0.11019929660023448 0.2562120375483159
1 0.82336850332161 0.6027056874654887 0.07033997655334115 0.3042517945886251
1 0.8751465416178196 0.8771397018221978 0.08167252833137945 0.20265046935394812
1 0.7540054708870653 0.8718939812258422 0.07073075420085971 0.17007178354500277
1 0.7200078155529505 0.6628934290447267 0.07698319656115671 0.1971286581998896
1 0.6639312231340367 0.36720044174489236 0.1633450566627589 0.24737713970182224
14 0.4939429464634623 0.17283268912203203 0.23524814380617431 0.34566537824406407
1 0.36322782336850334 0.42324682495858645 0.19968737788198515 0.14301490889011598
1 0.4917936694021102 0.5673660960795142 0.12075029308323565 0.10988404196576478
1 0.520125048847206 0.7321921590281613 0.19069949198905825 0.14467145223633354
1 0.6115670183665495 0.9210381004969631 0.08362641656897227 0.12589729431253452
