1 0.7353780313837375 0.32280800676628135 0.0442225392296719 0.11051592895404568
13 0.7977175463623395 0.36805751339159853 0.0833095577746077 0.07865802086270088
1 0.7049928673323823 0.4574288130814773 0.04621968616262482 0.07076402593741189
1 0.7017118402282454 0.5284747674090781 0.06761768901569187 0.062306174231745136
1 0.6758915834522111 0.4928108260501833 0.056490727532097 0.04849168311248943
1 0.5911554921540656 0.539188046236256 0.07931526390870186 0.053284465745700595
1 0.607132667617689 0.5904990132506344 0.08502139800285306 0.0493374682830561
1 0.49857346647646217 0.38060332675500425 0.06704707560627675 0.1060050747110234
1 0.5062767475035663 0.5063433887792501 0.07161198288159772 0.10093036368762334
1 0.4356633380884451 0.4715252325909219 0.07075606276747504 0.09106287003101213
1 0.6196861626248217 0.40273470538483225 0.046790299572039944 0.07471102340005639
13 0.27346647646219685 0.4767409078094164 0.17375178316690443 0.07612066535100084
13 0.19101283880171183 0.3583309839300818 0.06761768901569187 0.1234846349027347
13 0.15021398002853067 0.5365097265294615 0.052781740370898715 0.148858190019735
1 0.09229671897289586 0.33648153369044265 0.07845934379457917 0.07020016915703411
1 0.07646219686162625 0.4448829997180716 0.030242510699001426 0.07330138144911193
13 0.34407988587731814 0.5606146038906118 0.14664764621968615 0.09444601071327882
1 0.2216833095577746 0.6009303636876233 0.09072753209700428 0.09613758105441218
1 0.2848787446504993 0.3858190019734987 0.05962910128388017 0.06512545813363406
