1 0.40666306986781764 0.036830357142857144 0.08551389263555435 0.06845238095238095
1 0.28635014836795253 0.0783110119047619 0.10331804693822498 0.10007440476190475
1 0.32168869705961695 0.15904017857142858 0.09036957108173725 0.06138392857142857
1 0.5323711896412193 0.25 0.11842460210412732 0.1324404761904762
1 0.4757216077690855 0.13671875 0.060156460749932555 0.13355654761904762
1 0.4445643377394119 0.296875 0.04424062584299973 0.16592261904761904
14 0.5747234960884813 0.0939360119047619 0.08335581332613973 0.14620535714285712
14 0.2616671162665228 0.21354166666666666 0.0927974103048287 0.0818452380952381
1 0.24399784192069057 0.33742559523809523 0.14594011329916373 0.10267857142857142
1 0.3049635824116536 0.5083705357142857 0.10547612624763959 0.22730654761904762
1 0.40194227137847316 0.39992559523809523 0.1073644456433774 0.11532738095238095
1 0.5477475047207985 0.6380208333333333 0.05314270299433504 0.13095238095238093
1 0.6428378742918802 0.6422991071428571 0.10520636633396277 0.09040178571428571
1 0.6610466684650661 0.765438988095238 0.11087132452117615 0.11123511904761904
1 0.37995683841381167 0.7105654761904762 0.05206366333962773 0.13988095238095238
1 0.3760453196654977 0.8565848214285714 0.06204478014567035 0.10974702380952381
1 0.5281899109792285 0.8292410714285714 0.07553277582951173 0.05357142857142857
1 0.32694901537631504 0.76953125 0.0517939034259509 0.11421130952380952
1 0.4421364985163205 0.929501488095238 0.1084434852980847 0.04724702380952381
1 0.5191529538710548 0.9521949404761905 0.06123550040463987 0.06361607142857142
