1 0.32661027976577744 0.6933606041535557 0.17089568423335502 0.22435494021397107
1 0.28464541314248537 0.894430459408433 0.1563652136196053 0.21113908118313407
1 0.4238776837996096 0.907016991818754 0.17675124701800043 0.18596601636249216
1 0.4420949902407287 0.6401825047199498 0.13294296248102364 0.20925110132158592
1 0.5113858165256994 0.85509754562618 0.13532856213402733 0.18596601636249216
1 0.5867490782910432 0.7805223410950284 0.08913467794404684 0.14568911264946507
13 0.6284970722186076 0.9299874134675897 0.14617219692040773 0.14002517306482065
13 0.7443070917371503 0.9246381371932033 0.11711125569290826 0.15072372561359346
1 0.6976794621557145 0.7075204531151669 0.12708739969637822 0.15072372561359346
1 0.6421600520494469 0.5341409691629956 0.09325525916287139 0.16519823788546256
1 0.7508132726089785 0.5498741346758969 0.1570158317067881 0.23253618628067968
13 0.5754716981132075 0.36689741976085594 0.10952071134244198 0.11390811831340467
13 0.5896768596833658 0.2696664568911265 0.15354586857514638 0.13971050975456262
13 0.7371502927781391 0.3689427312775331 0.09325525916287139 0.09156702328508497
1 0.25103014530470613 0.26620516047828824 0.14985903274777704 0.30396475770925113
1 0.38321405335068315 0.25015733165512904 0.2199089134677944 0.2511013215859031
1 0.357297766211234 0.08967904342353682 0.18282368249837344 0.17935808684707363
1 0.2651268705270006 0.03366897419760856 0.08913467794404684 0.06733794839521712
13 0.11234005638690088 0.47278162366268095 0.12448492734764692 0.15827564505978603
