14 0.09259259259259259 0.14546748932130993 0.18518518518518517 0.29093497864261986
14 0.06688453159041394 0.739202657807309 0.13376906318082787 0.2121499762695776
14 0.16710239651416123 0.4269102990033223 0.26710239651416123 0.27954437588989084
14 0.48671023965141613 0.5481727574750831 0.16732026143790849 0.250593260560038
14 0.6381263616557734 0.4383009017560513 0.2522875816993464 0.40579022306597057
14 0.44793028322440087 0.7688656858092074 0.18736383442265794 0.17845277645942098
14 0.8320261437908496 0.5045087802562885 0.16949891067538125 0.273374466065496
14 0.7233115468409586 0.7548647365923113 0.1437908496732026 0.1741813004271476
14 0.4912854030501089 0.8621262458471761 0.355119825708061 0.27574750830564787
14 0.15642701525054467 0.910061699098244 0.17952069716775598 0.14950166112956811
