1 0.1827555289898386 0.0561963916001183 0.1473401075911536 0.1123927832002366
1 0.1213389121338912 0.0489500147885241 0.11237298266586969 0.0979000295770482
1 0.023161984459055585 0.2116237799467613 0.04632396891811117 0.08843537414965985
1 0.7144351464435146 0.9563738538893818 0.13717872086072921 0.08725229222123632
13 0.5739689181111775 0.9309375924282756 0.09115361625821876 0.08370304643596568
13 0.5155409444112372 0.8941141674060928 0.07531380753138074 0.0834072759538598
1 0.7656903765690376 0.6524696835255841 0.20920502092050208 0.20526471458148476
13 0.7489539748953974 0.7635314995563443 0.07591153616258219 0.07956225968648328
1 0.7163777644949193 0.683821354628808 0.08906156604901375 0.08991422656018928
1 0.9052600119545725 0.6393078970718722 0.16019127316198445 0.17243419106773142
13 0.8541542139868499 0.5029577048210588 0.13030484160191272 0.11919550428867198
1 0.7101016138673042 0.549097900029577 0.10340705319784817 0.09198461993493048
1 0.6049013747758517 0.5002957704821058 0.1422594142259414 0.13635019225081335
1 0.8024506873879258 0.37385388938183967 0.13448894202032277 0.15025140490979
1 0.6491332934847579 0.29000295770482104 0.13628212791392708 0.13457556935817805
1 0.8673042438732814 0.3070097604259095 0.18410041841004182 0.1940254362614611
1 0.7017334130304841 0.21295474711623777 0.1542139868499701 0.15675835551611947
13 0.7671846981470412 0.41866311742088136 0.07172743574417215 0.07364685004436557
1 0.5325762104004781 0.43522626441881096 0.0986252241482367 0.10322389825495415
1 0.42752540346682605 0.46687370600414074 0.1509264793783622 0.15113871635610765
1 0.4911835026897788 0.6033717834960071 0.1718469814704124 0.17391304347826086
1 0.38702928870292885 0.5807453416149068 0.16616855947399878 0.15527950310559005
1 0.2405857740585774 0.7261165335699497 0.2474596533173939 0.26027802425317953
1 0.29303646144650325 0.5726116533569949 0.1335923490735206 0.13191363501922507
1 0.1317991631799163 0.5968648328896775 0.18230723251643752 0.1585329784087548
1 0.2018828451882845 0.5041407867494824 0.07860131500298864 0.07660455486542442
1 0.299611476389719 0.4926057379473528 0.09772863120143455 0.09139307897071872
1 0.3596832038254632 0.27876367938479735 0.1473401075911536 0.13457556935817805
1 0.10221159593544529 0.5078379177758059 0.10280932456664674 0.09642117716651877
1 0.3456365809922295 0.33806566104702745 0.11207411835026897 0.1123927832002366
1 0.14689181111775254 0.40372670807453415 0.08936043036461445 0.08813960366755397
