1 0.939840134623475 0.04708614864864865 0.12031973075305007 0.0941722972972973
1 0.7543121581825831 0.06313344594594594 0.1750105174589819 0.10346283783783784
1 0.8266722759781238 0.1813766891891892 0.17332772402187632 0.21072635135135137
1 0.9631888935633152 0.20122466216216217 0.0736222128733698 0.15329391891891891
1 0.9600336558687421 0.3752111486486487 0.07993268826251577 0.14907094594594594
1 0.7467395877156079 0.3146114864864865 0.09087084560370215 0.2043918918918919
1 0.8855700462768196 0.46072635135135137 0.12368531762726126 0.15202702702702703
1 0.7452671434581405 0.582347972972973 0.15523769457299116 0.09797297297297297
1 0.8155237694572991 0.6948902027027027 0.16281026503996635 0.16680743243243243
14 0.928270929743374 0.8192567567567568 0.143458140513252 0.08023648648648649
14 0.8031131678586454 0.9199746621621622 0.1775347076146403 0.1423141891891892
1 0.6607067732435844 0.7512668918918919 0.1830037862852335 0.11402027027027027
1 0.513672696676483 0.5633445945945946 0.1464030290281868 0.2035472972972973
1 0.5458561211611275 0.21452702702702703 0.16701724863273035 0.3268581081081081
1 0.3611695414387884 0.17630912162162163 0.14177534707614642 0.3475506756756757
1 0.14766512410601598 0.27618243243243246 0.27513672696676483 0.2364864864864865
1 0.34350021034917966 0.5232263513513514 0.1501893142616744 0.25253378378378377
1 0.13651661758519143 0.10663006756756757 0.09045014724442575 0.09586148648648649
1 0.06331510307109803 0.07411317567567569 0.12663020614219606 0.14484797297297297
