1 0.051396886329707826 0.21793820071096526 0.049477500533162716 0.08148755810773858
1 0.030283642567711665 0.42808312824719713 0.06056728513542333 0.1069182389937107
1 0.03860098101940712 0.31514902925895544 0.07720196203881424 0.11621547716707684
13 0.9043506078055022 0.3122778233524747 0.10471315845596076 0.11648892534864642
1 0.8747067605033055 0.4042931364506426 0.13243761996161227 0.1473885698660104
1 0.8524205587545318 0.23940388296417828 0.06653870761356366 0.0883237626469784
1 0.7979313286415014 0.2828821438337435 0.15845596075922372 0.17582718074924802
1 0.7303262955854126 0.411402789171452 0.08210705907442951 0.09707410445720537
1 0.6869268500746427 0.27385835384194696 0.07762849221582427 0.11566858080393766
1 0.7439752612497333 0.18895269346458846 0.07613563659628919 0.1104730653541154
1 0.6812753252292599 0.12113754443532951 0.09746214544679035 0.1400054689636314
1 0.5890381744508424 0.19305441618813235 0.08786521646406482 0.1214109926168991
1 0.6133503945404137 0.0840853158326497 0.10322030283642568 0.140278917145201
14 0.564086159095756 0.2867104183757178 0.09511622947323523 0.1430133989608969
14 0.6310513968863297 0.28110473065354113 0.05715504371934314 0.06836204539239814
14 0.5987417359778204 0.3937653814602133 0.0855193004905097 0.13289581624282198
14 0.6723181915120494 0.3688815969373804 0.09788867562380038 0.14164615805304895
14 0.336425677116656 0.6115668580803938 0.06675197270206867 0.07191687175280284
14 0.2969716357432288 0.6956521739130435 0.10769886969503092 0.14766201804757997
1 0.25922371507784175 0.6162154771670768 0.05352953721475794 0.06918238993710692
1 0.26274258903817443 0.38747607328411265 0.049477500533162716 0.08148755810773858
1 0.10311367029217317 0.6024063439978125 0.08935807208359992 0.11703582171178561
1 0.13009170398805714 0.5175006836204539 0.08445297504798464 0.1069182389937107
1 0.1950309234378332 0.5421110199617173 0.0765621667732992 0.0992616899097621
1 0.2058008104073363 0.4591194968553459 0.10236724248240563 0.11648892534864642
