13 0.3535135135135135 0.5128007402837754 0.12972972972972974 0.12615669339913635
1 0.4944144144144144 0.5570635410240592 0.14486486486486486 0.14929056138186306
1 0.6378378378378379 0.5155768044417026 0.1354954954954955 0.12368908081431215
1 0.4704504504504505 0.43877236273904996 0.17621621621621622 0.0663170882171499
13 0.42252252252252254 0.351326341764343 0.10918918918918918 0.10240592227020358
1 0.5618018018018018 0.3810919185687847 0.06054054054054054 0.07557063541024059
1 0.5468468468468468 0.30829734731647135 0.13945945945945945 0.052745219000616905
1 0.5055855855855856 0.2202344231955583 0.1945945945945946 0.08451573103022826
1 0.74 0.22362739049969155 0.18342342342342344 0.08760024676125848
1 0.7126126126126127 0.3155459592843924 0.11927927927927928 0.05552128315854411
1 0.6223423423423423 0.11181369524984577 0.13477477477477479 0.16317088217149908
1 0.8230630630630631 0.4059222702035781 0.12684684684684686 0.0931523750771129
1 0.8735135135135135 0.48288093769278223 0.1354954954954955 0.07742134484885874
1 0.8450450450450451 0.5976249228871068 0.09081081081081081 0.11011721159777915
1 0.7073873873873874 0.5681677976557681 0.12900900900900902 0.09685379395434918
