1 0.9161255411255411 0.7377388535031847 0.09577922077922078 0.04936305732484076
1 0.7923430735930735 0.7552547770700636 0.10091991341991342 0.05700636942675159
1 0.8530844155844156 0.8162420382165605 0.06385281385281386 0.07579617834394904
1 0.8745941558441559 0.657484076433121 0.045725108225108224 0.029617834394904455
1 0.7978896103896104 0.6764331210191082 0.06872294372294373 0.04331210191082802
1 0.9284361471861472 0.5901273885350318 0.044642857142857144 0.08152866242038216
1 0.9713203463203464 0.5863057324840764 0.05735930735930736 0.10445859872611464
1 0.9249188311688311 0.4702229299363057 0.051677489177489176 0.10222929936305732
1 0.8507846320346321 0.5179936305732484 0.052759740259740256 0.06592356687898089
1 0.8561958874458875 0.40891719745222926 0.07278138528138528 0.06560509554140127
1 0.7655573593073594 0.4320063694267516 0.07927489177489178 0.05636942675159235
1 0.7909902597402597 0.3590764331210191 0.06466450216450216 0.10095541401273884
14 0.654491341991342 0.6194267515923566 0.07792207792207792 0.08152866242038216
1 0.6919642857142857 0.4831210191082802 0.10416666666666667 0.12738853503184713
1 0.5882034632034632 0.496656050955414 0.07575757575757576 0.14936305732484076
1 0.6712662337662337 0.33264331210191084 0.11255411255411256 0.13789808917197452
1 0.4787608225108225 0.3885350318471337 0.06737012987012987 0.09808917197452229
1 0.5427489177489178 0.2148089171974522 0.10335497835497835 0.041719745222929934
1 0.4281655844155844 0.23407643312101908 0.08685064935064934 0.06369426751592357
1 0.5395021645021645 0.13869426751592356 0.11525974025974026 0.05891719745222929
1 0.39109848484848486 0.15111464968152866 0.1176948051948052 0.04363057324840764
1 0.4475108225108225 0.08121019108280254 0.09036796536796536 0.1038216560509554
1 0.3640422077922078 0.3514331210191083 0.05654761904761905 0.07929936305732484
14 0.4441287878787879 0.46210191082802543 0.0808982683982684 0.10445859872611464
1 0.2903138528138528 0.41050955414012735 0.12608225108225107 0.0929936305732484
14 0.4180194805194805 0.5297770700636942 0.1038961038961039 0.10286624203821655
14 0.30654761904761907 0.590764331210191 0.09632034632034632 0.1700636942675159
1 0.22903138528138528 0.46894904458598724 0.0533008658008658 0.04681528662420382
14 0.19913419913419914 0.5777070063694267 0.039502164502164504 0.09872611464968152
1 0.13271103896103897 0.6170382165605095 0.054924242424242424 0.08503184713375796
1 0.042884199134199136 0.578343949044586 0.08576839826839827 0.06496815286624204
1 0.060064935064935064 0.6613057324840764 0.07251082251082251 0.1073248407643312
1 0.018804112554112556 0.4923566878980892 0.03760822510822511 0.08025477707006369
1 0.1350108225108225 0.3587579617834395 0.036255411255411256 0.03917197452229299
1 0.07751623376623376 0.3638535031847134 0.052759740259740256 0.04235668789808917
1 0.1757305194805195 0.2914012738853503 0.10957792207792208 0.05668789808917197
1 0.05965909090909091 0.2912420382165605 0.0873917748917749 0.06273885350318471
1 0.13839285714285715 0.24426751592356685 0.08955627705627706 0.0464968152866242
