1 0.9009745363093367 0.8500590318772137 0.1314052184847532 0.089728453364817
1 0.8324426281043696 0.9523809523809523 0.08990883370009431 0.09523809523809523
1 0.7419050613014775 0.8618654073199528 0.12134548883998741 0.0889413616686344
1 0.8527192706696007 0.7369146005509641 0.061930210625589434 0.051554506099960644
1 0.7444199937126689 0.7491145218417945 0.09430996541967934 0.07201889020070838
1 0.7797862307450487 0.6078315623770169 0.07639107198994026 0.11137347500983864
1 0.7353033637220999 0.4783549783549783 0.13392015089594467 0.1216056670602125
1 0.8355862936183589 0.4883903974813065 0.05344231373781829 0.11806375442739078
1 0.8931153725243633 0.6635182998819362 0.06853190820496699 0.10074773711137347
1 0.8549198365293932 0.4100747737111373 0.09713926438226972 0.06611570247933884
1 0.7879597610814209 0.3427784336875246 0.061930210625589434 0.09917355371900825
1 0.7382898459603897 0.4083038173947265 0.08959446714869537 0.06729634002361275
1 0.9520591009116629 0.6751279024006296 0.04998428167243005 0.16096025186934276
1 0.9184218799119773 0.503345139708776 0.06696007544797233 0.12514757969303422
1 0.9658912291732159 0.503345139708776 0.06821754165356805 0.11648957103502558
1 0.662055957246149 0.7020857929948838 0.03206538824269098 0.09130263675718221
14 0.6048412448915435 0.6231798504525777 0.0748192392329456 0.049193231011412826
14 0.5859792518076077 0.704840613931523 0.09116629990569003 0.08343171979535616
1 0.6714869537881168 0.22314049586776857 0.1747878025778057 0.16450216450216448
1 0.529707639107199 0.2481306572215663 0.08362150267211568 0.19086973632428178
1 0.6027978623074505 0.06591892955529319 0.11977365608299276 0.13183785911058638
1 0.3868280414963848 0.19382133018496653 0.0757623388871424 0.14128295946477765
1 0.29236089280100597 0.11294765840220385 0.10059729644765797 0.06296733569460841
1 0.2994341402074819 0.23671782762691854 0.08645080163470606 0.15308933490751672
14 0.200880226343917 0.35674931129476584 0.11568689091480666 0.1633215269578906
1 0.21832756994655766 0.18516332152695789 0.077648538195536 0.09878000787091695
1 0.4162213140521848 0.1135379771743408 0.07544797233574348 0.053128689492325853
1 0.41292046526249604 0.03325462416371507 0.06696007544797233 0.06650924832743015
1 0.045897516504243945 0.2286501377410468 0.09179503300848789 0.0905155450609996
1 0.0187048098082364 0.33766233766233766 0.0374096196164728 0.06611570247933884
1 0.14916692863879283 0.5112160566706021 0.07324740647595096 0.05824478551751279
14 0.15671172587236717 0.6286894923258559 0.0707324740647595 0.11373475009838646
1 0.09478151524677773 0.6341991341991342 0.04809808236403646 0.11216056670602124
1 0.028135806350204337 0.7014954742227469 0.056271612700408674 0.1058638331365604
