13 0.3827870903177383 0.9301003344481605 0.15211408556417313 0.09966555183946488
13 0.5037528146109582 0.9240802675585283 0.0537903427570678 0.08494983277591973
1 0.5621716287215411 0.8585284280936455 0.08156117087815862 0.11906354515050166
1 0.620090067550663 0.7576923076923077 0.06579934951213409 0.131438127090301
1 0.6841381035776832 0.7466555183946488 0.03427570678008506 0.14214046822742474
1 0.6608706529897422 0.620066889632107 0.04228171128346259 0.11237458193979932
1 0.6080810607955967 0.6162207357859532 0.023267450587940955 0.08060200668896321
1 0.588566424818614 0.6996655518394649 0.024768576432324243 0.06354515050167224
13 0.655241431073305 0.4760869565217391 0.07405554165624217 0.16153846153846152
1 0.5410307730798098 0.4852842809364548 0.060795596697523144 0.12508361204013377
1 0.4485864398298724 0.5789297658862876 0.12409306980235175 0.09498327759197324
1 0.4404553415061296 0.431438127090301 0.11633725293970477 0.16588628762541804
1 0.2982236677508131 0.5070234113712374 0.10557918438829121 0.08896321070234113
1 0.33500125093820365 0.588628762541806 0.05103827870903177 0.06622073578595318
1 0.3741556167125344 0.5182274247491638 0.02777082812109082 0.07391304347826086
1 0.4000500375281461 0.697324414715719 0.0705529146860145 0.05217391304347826
13 0.43107330497873403 0.7760869565217391 0.10357768326244683 0.10334448160535116
1 0.8638979234425819 0.5822742474916388 0.03952964723542657 0.0822742474916388
13 0.8129847385539154 0.5068561872909699 0.08081060795596698 0.06923076923076922
1 0.8789091818864148 0.49665551839464883 0.03252439329497123 0.056856187290969896
1 0.9774831123342507 0.6677257525083612 0.045033775331498625 0.05250836120401337
1 0.8487615711783838 0.7178929765886287 0.03527645734300725 0.08260869565217391
