13 0.4399038461538462 0.07743785850860421 0.10096153846153846 0.09904397705544933
13 0.47521033653846156 0.1621414913957935 0.07902644230769232 0.05736137667304015
1 0.559344951923077 0.047992351816443596 0.12830528846153846 0.09598470363288719
1 0.5951021634615385 0.15908221797323135 0.0694110576923077 0.0841300191204589
1 0.664813701923077 0.060611854684512426 0.061598557692307696 0.10975143403441683
1 0.7387319711538461 0.04282982791586998 0.0772235576923077 0.061950286806883366
1 0.7854567307692308 0.1164435946462715 0.05829326923076923 0.14493307839388145
13 0.8871694711538463 0.20267686424474188 0.11688701923076923 0.14608030592734225
1 0.7270132211538461 0.18967495219885278 0.06760817307692309 0.1361376673040153
1 0.7860576923076924 0.2755258126195029 0.10036057692307693 0.07074569789674952
13 0.5142728365384616 0.3464627151051625 0.12289663461538462 0.10554493307839388
13 0.6194411057692308 0.3061185468451243 0.05438701923076923 0.11434034416826004
1 0.6771334134615385 0.35678776290630976 0.09164663461538462 0.043594646271510516
1 0.6122295673076923 0.46806883365200763 0.07121394230769232 0.07189292543021032
1 0.7004206730769231 0.5078393881453155 0.051081730769230775 0.07189292543021032
1 0.6598557692307693 0.5525812619502868 0.03545673076923077 0.1017208413001912
1 0.5899939903846154 0.5367112810707457 0.08082932692307693 0.06539196940726577
13 0.8182091346153847 0.7441682600382409 0.09375 0.13078393881453154
1 0.8455528846153847 0.6108986615678776 0.06911057692307693 0.1464627151051625
13 0.7313701923076924 0.7866156787762906 0.033052884615384616 0.06959847036328871
1 0.7074819711538461 0.9072657743785851 0.07061298076923077 0.03173996175908222
1 0.7934194711538461 0.8776290630975143 0.05679086538461539 0.048948374760994263
1 0.5872896634615385 0.8504780114722753 0.057992788461538464 0.11854684512428298
1 0.5078125 0.9435946462715105 0.10757211538461539 0.06233269598470363
1 0.49173677884615385 0.8080305927342256 0.11748798076923078 0.17667304015296367
