1 0.34296513045598637 0.3159722222222222 0.13533284564740308 0.11979166666666666
1 0.3649109973177274 0.13368055555555555 0.11923920994879299 0.2109375
1 0.5173128505242623 0.2185329861111111 0.1528895391367959 0.13758680555555555
1 0.4631797122653012 0.07248263888888888 0.09924408680809559 0.14496527777777776
1 0.4836625213362595 0.3993055555555555 0.11338697878566203 0.1388888888888889
1 0.6171665447451842 0.4312065972222222 0.09070958302852963 0.2026909722222222
1 0.5915630334064862 0.6827256944444444 0.06144842721287491 0.2204861111111111
1 0.662521336259449 0.552734375 0.11168007802974884 0.16449652777777776
13 0.6965374298951476 0.28190104166666663 0.12021458180931481 0.07248263888888888
13 0.8083394294074616 0.24131944444444442 0.06437454279444038 0.08506944444444443
1 0.8329675688856377 0.37369791666666663 0.07217751767861498 0.09288194444444443
13 0.7161667885881493 0.39279513888888884 0.08632040965618143 0.078125
1 0.867349426969032 0.4759114583333333 0.055108510119483055 0.1271701388888889
1 0.9219702511582542 0.388671875 0.044379419653742994 0.23567708333333331
1 0.9270909534259937 0.5659722222222222 0.050719336747134844 0.08246527777777778
1 0.9661058278468666 0.638454861111111 0.05023165081687393 0.140625
13 0.9134357473786882 0.7291666666666666 0.07559131919044136 0.11458333333333333
1 0.7598146793465009 0.7328559027777778 0.10143867349426969 0.1306423611111111
13 0.8618629602535968 0.8109809027777777 0.07388441843452817 0.0759548611111111
1 0.8378444281882468 0.9312065972222222 0.07998049256278957 0.13758680555555555
1 0.710680321872714 0.8656684027777777 0.15679102657888322 0.1072048611111111
1 0.47390880273104125 0.67578125 0.12509144111192394 0.23090277777777776
1 0.25335284077054376 0.4911024305555555 0.06486222872470129 0.2165798611111111
1 0.3227261643501585 0.7189670138888888 0.09680565715679103 0.14887152777777776
1 0.17251889782979762 0.5010850694444444 0.10217020238966107 0.2938368055555555
1 0.23360156059497683 0.8174913194444444 0.09022189709826872 0.2556423611111111
1 0.1210680321872714 0.7339409722222222 0.12070226773957572 0.19184027777777776
