1 0.9184521206821163 0.23293029871977242 0.16134674245736774 0.11948790896159318
1 0.785089637079143 0.14847083926031296 0.1569742020113686 0.1511379800853485
1 0.7184083952776563 0.25195590327169276 0.19414079580236118 0.08712660028449502
1 0.8917796239615217 0.33783783783783783 0.12024486226497595 0.041963015647226175
1 0.9505902929602099 0.4235419630156472 0.09881941407958024 0.11308677098150782
1 0.7020113686051597 0.442923186344239 0.14560559685177088 0.08001422475106686
14 0.43397463926541324 0.30778805120910385 0.1910800174901618 0.17603129445234708
1 0.5365107127240927 0.4647937411095306 0.11980760822037605 0.11735419630156473
1 0.7715347616965457 0.5915718349928877 0.17533887188456493 0.09281650071123755
1 0.9254481853957149 0.6664295874822191 0.14910362920857018 0.15149359886201993
1 0.2210319195452558 0.46177098150782364 0.17009182334936598 0.09708392603129445
1 0.09772627896808046 0.30778805120910385 0.0940096195889812 0.22866287339971553
1 0.31963270660253607 0.6970128022759602 0.22212505465675558 0.07396870554765292
1 0.02929602098819414 0.5960170697012802 0.05859204197638828 0.10312944523470839
1 0.11281154350677744 0.7135490753911807 0.09444687363358112 0.09139402560455193
