1 0.7358146798542425 0.373682361208714 0.06038521603331598 0.1577652846099789
13 0.8114263404476835 0.3171117357695011 0.09448204060385215 0.12614195361911454
1 0.7041905257678293 0.1960646521433591 0.058563248308172826 0.09276177090653549
1 0.6209005726184279 0.23366127898805342 0.06376887038001042 0.09276177090653549
1 0.6646277980218636 0.1022487702037948 0.08042686100989069 0.059030217849613494
1 0.5503643935450286 0.08134223471539002 0.1038521603331598 0.05516514406184118
1 0.5468505986465383 0.030217849613492623 0.1140031233732431 0.05130007027406887
1 0.6734773555439875 0.054813773717498245 0.09031754294638208 0.06113843991567112
1 0.5376106194690266 0.16075193253689388 0.038261322228006246 0.08046380885453268
1 0.4971369078604893 0.3222066057624737 0.07027589796980739 0.19255094869992972
1 0.47579385736595525 0.14300773014757553 0.07027589796980739 0.10470836261419536
13 0.2881311816762103 0.21275474349964862 0.1889640812077043 0.13387210119465917
13 0.1829776158250911 0.4040758959943781 0.07860489328474753 0.20309205903021785
1 0.29021343050494536 0.35523541813070975 0.06611140031233732 0.10892480674631061
13 0.27850078084331076 0.5175685172171469 0.08797501301405518 0.04708362614195362
1 0.10905778240499739 0.5309205903021785 0.05726184279021343 0.09838369641602249
1 0.09877667881311816 0.4146170063246662 0.06376887038001042 0.08924806746310611
1 0.03435710567412806 0.5028109627547435 0.06871421134825612 0.13000702740688685
1 0.026158250910983862 0.3689388615600843 0.04398750650702759 0.06394940267041462
1 0.08042686100989069 0.28952916373858045 0.061946902654867256 0.084328882642305
13 0.1747787610619469 0.1595221363316936 0.08563248308172827 0.18833450456781448
1 0.04593961478396669 0.19448348559381587 0.05075481520041645 0.12614195361911454
1 0.026158250910983862 0.29813773717498243 0.052316501821967724 0.07062543921293044
13 0.38951067152524727 0.1326423049894589 0.11374284226965123 0.10576247364722417
