1 0.822029576746558 0.8607254179654293 0.10708822029576748 0.09492774156984982
1 0.7313870474247833 0.9094644375177104 0.07164711881693014 0.1238311136299235
1 0.7573941866394697 0.7684896571266648 0.07266700662927078 0.12241428166619439
1 0.6828148903620602 0.7595636157551715 0.05150433452320245 0.08926041371493341
1 0.6616522182559919 0.6813544913573251 0.06374298827129016 0.03995466137716067
1 0.6636919938806731 0.8544913573250214 0.037225905150433454 0.060357041654859736
14 0.671341152473228 0.615188438651176 0.0693523712391637 0.09634457353357892
14 0.6176695563488017 0.627798243128365 0.045130035696073434 0.07565882686313403
1 0.5907700152983172 0.7769906489090395 0.08057113717491077 0.0765089260413715
1 0.5151708312085671 0.725701331822046 0.10071392146863846 0.13374893737602722
1 0.5105813360530342 0.8153867951260981 0.0823559408465069 0.057523377727401535
1 0.6160122386537481 0.8808444318503826 0.07241203467618562 0.07169169736469255
1 0.6119326874043856 0.9328421649192407 0.10198878123406425 0.060073675262113914
1 0.6096379398266191 0.9743553414565033 0.11473737888832229 0.05128931708699348
1 0.5056093829678736 0.887928591669028 0.09077001529831719 0.07509209407764239
1 0.5036970933197349 0.9291584018135449 0.08847526772055074 0.07764239161235478
1 0.4190464048954615 0.7557381694531029 0.06501784803671597 0.07027486540096345
1 0.4560173380928098 0.821904222159252 0.05838857725650179 0.09152734485689998
1 0.4678735339112698 0.7214508359308587 0.056093829678735344 0.08614338339472939
1 0.36588475267720555 0.6453669594786059 0.12442631310555839 0.16803627089827147
1 0.3997960224375319 0.5242278265797676 0.12595614482406936 0.09577784074808728
1 0.2725650178480367 0.5712666477755739 0.10504844467108619 0.11618022102578635
1 0.3231769505354411 0.4107395862850666 0.04309026007139215 0.07169169736469255
1 0.37723100458949516 0.39274582034570704 0.10224375318714941 0.08557665060923775
1 0.41292707802141765 0.31935392462453954 0.12519122896481388 0.09974497024652877
1 0.33579806221315656 0.30419382261263817 0.05201427842937277 0.09662793992632475
1 0.3861550229474758 0.24227826579767642 0.07113717491075983 0.07480872768489658
14 0.5019122896481387 0.23831113629923492 0.12519122896481388 0.11277982431283651
1 0.30316165221825603 0.33763105695664497 0.03314635390107088 0.04845565315953528
1 0.25994390617032126 0.40025502975347127 0.07113717491075983 0.06659110229526778
1 0.25777664456909744 0.30447718900538395 0.09127995920448752 0.11192972513459905
1 0.21277409484956655 0.4232077075658827 0.0537990821009689 0.11929725134599037
1 0.18090260071392147 0.39685463304052143 0.05124936257011729 0.10626239727968263
1 0.21468638449770527 0.27486540096344575 0.07292197858235594 0.10201190138849534
1 0.4326874043855176 0.07410031170303202 0.0790413054563998 0.12496457920090678
1 0.5016573176950536 0.05950694247662228 0.046659867414584395 0.06460753754604705
1 0.595996940336563 0.20799093227543214 0.04563997960224376 0.07480872768489658
1 0.6685364609892912 0.22655143100028338 0.08312085670576237 0.07565882686313403
1 0.6778429372768996 0.1686030036837631 0.07980622131565528 0.05497308019268915
1 0.7326619071902091 0.11575517143666762 0.07215706272310046 0.06659110229526778
14 0.7732024477307496 0.04548030603570417 0.09918408975012749 0.09096061207140833
1 0.7097144314125446 0.032728818362142253 0.057878633350331464 0.06545763672428451
1 0.6240438551759306 0.06843298384811562 0.07419683834778175 0.08529328421649193
