13 0.7813260340632604 0.4932692307692308 0.09367396593673966 0.10833333333333334
1 0.8654197080291971 0.5262820512820513 0.05809002433090024 0.0673076923076923
1 0.7995742092457421 0.5932692307692308 0.06934306569343066 0.05512820512820513
13 0.9227493917274939 0.6315705128205128 0.04440389294403893 0.05096153846153846
1 0.898874695863747 0.725801282051282 0.03315085158150852 0.07596153846153846
1 0.854014598540146 0.31009615384615385 0.09914841849148419 0.16698717948717948
1 0.9390206812652069 0.2546474358974359 0.0787712895377129 0.09455128205128205
1 0.8327250608272506 0.19118589743589742 0.10583941605839417 0.0375
1 0.8786496350364964 0.11025641025641025 0.09002433090024331 0.03397435897435897
1 0.7344890510948905 0.36923076923076925 0.05535279805352798 0.0891025641025641
1 0.753345498783455 0.2814102564102564 0.07116788321167883 0.06153846153846154
1 0.6876520681265207 0.2826923076923077 0.031630170316301706 0.06153846153846154
1 0.6643856447688564 0.2221153846153846 0.08546228710462288 0.041025641025641026
1 0.5772506082725061 0.2467948717948718 0.06751824817518248 0.028846153846153848
1 0.5812043795620438 0.41057692307692306 0.031630170316301706 0.08141025641025641
13 0.739051094890511 0.20833333333333334 0.06265206812652069 0.05641025641025641
13 0.5824209245742092 0.3057692307692308 0.06204379562043796 0.04294871794871795
