1 0.5243741765480896 0.02402665731322343 0.15195432586736934 0.04805331462644686
1 0.16337285902503296 0.06155734829884251 0.0992534036012297 0.09435285864608908
1 0.3298199385155907 0.19098561908102418 0.14317083882301274 0.11259207295685723
1 0.11945542380324989 0.15222728867064186 0.16337285902503296 0.1094352858646089
1 0.23803249890206413 0.27516660820764643 0.12648221343873517 0.1673097158891617
1 0.10276679841897234 0.2686776569624693 0.18620992534036013 0.1473167309715889
1 0.7933684672815108 0.6392493861802876 0.16381203337725078 0.12592072956857242
1 0.6589811155028547 0.660645387583304 0.10847606499780413 0.17222027358821465
1 0.919850680720246 0.8937215012276394 0.16029863855950813 0.14521220624342335
1 0.8129117259552042 0.8193616274991231 0.1238471673254282 0.14100315678709224
1 0.49472990777338605 0.9456331111890565 0.1901624945103206 0.10873377762188705
1 0.23232323232323232 0.8293581199579094 0.16776460254721126 0.1876534549280954
1 0.3179622310057093 0.9098561908102419 0.12121212121212122 0.10171869519466853
1 0.09376372419850681 0.8709224833391792 0.16820377689942909 0.1781830936513504
14 0.5469916556873079 0.7699052963872325 0.1137461572244181 0.07927043142756927
14 0.4435660957400088 0.691687127323746 0.155467720685112 0.18519817607856892
1 0.5799297321036452 0.8512802525429674 0.13746157224418096 0.06664328305857593
14 0.4148001756697409 0.8230445457734128 0.11550285463328942 0.08733777621887057
