1 0.4946165677872995 0.6303079416531604 0.07778510217534608 0.13646677471636953
1 0.47022632388486046 0.7325769854132901 0.06943528894748408 0.06612641815235007
1 0.5508679411118436 0.7 0.06767743353109207 0.07034035656401945
1 0.4204570424082619 0.8176661264181523 0.061305207646671064 0.06969205834683954
1 0.6382113821138211 0.8359805510534846 0.07492858712370908 0.08363047001620745
1 0.5610854757196221 0.8982171799027552 0.05295539441880905 0.08752025931928686
1 0.6292023731048122 0.9500810372771474 0.10217534607778511 0.09983792544570502
1 0.4882443419028785 0.8215559157212317 0.05844869259503406 0.0359805510534846
1 0.5466930344979126 0.839708265802269 0.045704240826192045 0.039222042139384114
1 0.5881125027466492 0.7948136142625607 0.02922434629751703 0.06547811993517018
1 0.8127883981542519 0.8055105348460291 0.0848165238409141 0.07131280388978929
1 0.898264117776313 0.7478119935170178 0.05449351790815206 0.06612641815235007
1 0.8362997143484949 0.8918962722852511 0.07031421665568008 0.12025931928687195
1 0.9121072291804 0.8987034035656402 0.051856734783564055 0.1578606158833063
1 0.8160843770599868 0.5482982171799027 0.04746209624258405 0.08914100486223663
1 0.8594814326521644 0.6290113452188006 0.023950780048341024 0.08460291734197731
1 0.8609096901779829 0.5551053484602917 0.04130960228521204 0.0826580226904376
1 0.7121511755658098 0.5235008103727714 0.07734563832124808 0.03889789303079416
1 0.7440123049879148 0.4564019448946515 0.05844869259503406 0.07455429497568881
1 0.7835640518567348 0.6437601296596434 0.05800922874093606 0.05056726094003241
