14 0.7994532003859762 0.6138211382113821 0.08073335477645545 0.15880758807588075
1 0.7865873271148279 0.49349593495934957 0.020907044065615953 0.07967479674796749
1 0.715664200707623 0.6382113821138211 0.06175619170151174 0.13821138211382114
1 0.6471534255387584 0.5623306233062331 0.08362817626246381 0.25420054200542
1 0.6072692183981988 0.3880758807588076 0.08555805725313606 0.06287262872628727
1 0.7462206497266002 0.4195121951219512 0.039884207140559666 0.11707317073170731
1 0.7048890318430363 0.43062330623306233 0.06529430685107751 0.06883468834688347
1 0.5125442264393696 0.47235772357723577 0.08009006111289804 0.23685636856368564
1 0.4038275972981666 0.3119241192411924 0.18173045995496945 0.13604336043360435
1 0.510453522032808 0.2138211382113821 0.07269218398198778 0.1989159891598916
1 0.577356063042779 0.2775067750677507 0.03859761981344484 0.11490514905149052
1 0.6212608555805725 0.17154471544715447 0.1244773238983596 0.0981029810298103
1 0.7462206497266002 0.27127371273712736 0.08941781923448054 0.13062330623306234
1 0.76117722740431 0.16720867208672086 0.106465101318752 0.09376693766937669
1 0.6297844966227083 0.0951219512195122 0.13058861370215502 0.07642276422764227
13 0.3044387262785462 0.4802168021680217 0.0833065294306851 0.1940379403794038
13 0.38806690254100995 0.6230352303523036 0.15020907044065615 0.11436314363143632
1 0.3478610485686716 0.7523035230352304 0.055001608234158894 0.10298102981029811
13 0.26986169186233516 0.7344173441734417 0.05853972338372467 0.1886178861788618
1 0.17835316822129302 0.9452574525745258 0.04406561595368286 0.10840108401084012
1 0.15020907044065615 0.8116531165311653 0.06368607269218399 0.1013550135501355
1 0.17787069797362495 0.7281842818428185 0.0598263107108395 0.08401084010840108
1 0.10147957542618205 0.8281842818428184 0.08587970408491476 0.17018970189701896
1 0.035702798327436475 0.9013550135501355 0.07140559665487295 0.197289972899729
1 0.02910903827597298 0.7235772357723578 0.05821807655194596 0.0953929539295393
1 0.06063042779028627 0.6371273712737128 0.03827597298166613 0.12303523035230353
1 0.07687359279511097 0.497289972899729 0.09778063686072692 0.07967479674796749
1 0.0643293663557414 0.37859078590785905 0.10228369250562881 0.12195121951219512
1 0.14618848504342233 0.24688346883468834 0.1341267288517208 0.21842818428184282
1 0.2188806690254101 0.3978319783197832 0.14377613380508203 0.12574525745257453
1 0.19025410099710519 0.5298102981029811 0.08973946606625925 0.0959349593495935
