1 0.9409471556453942 0.12040332147093713 0.11810568870921168 0.18623962040332148
1 0.12243719318509963 0.5474495848161328 0.12359226104533642 0.17912218268090155
1 0.22191741264799308 0.5484381178331357 0.09269419578400231 0.1644918940292606
1 0.15420155934161134 0.8250296559905101 0.17557031475599194 0.2147093712930012
1 0.1885648281836558 0.6884143930407276 0.10337857349119262 0.1542111506524318
1 0.35835980363846376 0.7997232107552392 0.13976321108865147 0.16488730723606168
1 0.38030609298296275 0.9100434954527481 0.16401963615362403 0.17991300909450375
1 0.47646549234767543 0.8792012653222618 0.1253248628356916 0.2036378015025702
1 0.4083164885937049 0.5968762356662712 0.13572047357782271 0.18940292605773032
14 0.3023390124169795 0.5013839462238039 0.0843199537972856 0.10992487149070779
14 0.40268553277505054 0.4988137603795967 0.07825584753104245 0.09450375642546462
14 0.32341900086630093 0.3971925662317122 0.12359226104533642 0.18623962040332148
1 0.4893156222928097 0.4901146698299723 0.09269419578400231 0.13483590351917754
1 0.49754548079699684 0.3904705417160933 0.14380594859948023 0.22736259391063662
1 0.6036673404562518 0.38691182285488335 0.12907883338146117 0.18623962040332148
1 0.6139185677158534 0.5340055357848952 0.10857637886225817 0.17754052985369712
1 0.5675714698238522 0.5695927243969948 0.07536817788045048 0.11822854883353104
1 0.5964481663297719 0.6757611704230921 0.10193473866589663 0.12890470541716093
1 0.5189142362113774 0.7740213523131673 0.11146404851285013 0.13167259786476868
1 0.5664164019636154 0.8527085804665876 0.13543170661276352 0.17042309213127718
1 0.647848686110309 0.745353894820087 0.1048224083164886 0.13839462238038752
