14 0.4776931447225245 0.6357184241019699 0.11425462459194777 0.18221320973348784
14 0.39649075081610446 0.5585168018539977 0.10799782372143635 0.15353418308227115
14 0.5636561479869423 0.46480301274623403 0.10282916213275299 0.13991888760139048
14 0.6230957562568009 0.6688876013904983 0.191240478781284 0.21205098493626884
14 0.3599020674646355 0.7979432213209733 0.16811751904243744 0.1839513325608343
14 0.47837323177366703 0.23638470451911936 0.15369967355821545 0.13093858632676708
14 0.19436887921653972 0.4062862108922364 0.12595212187159957 0.11210892236384705
14 0.19980957562568008 0.25 0.1515233949945593 0.15237543453070684
14 0.17097388465723612 0.11080533024333719 0.23258977149075083 0.10283893395133256
14 0.2833242655059848 0.044322132097334876 0.13737758433079433 0.08864426419466975
14 0.10473340587595212 0.5266512166859791 0.20946681175190424 0.16859791425260717
