13 0.6647168928404306 0.30161544523246653 0.1272812353766963 0.13278171788810086
13 0.6078614880673843 0.3914499605988968 0.04632662611137108 0.09810874704491726
1 0.5622367805334582 0.42139479905437355 0.06410856340664484 0.13750985027580773
1 0.5761581656527843 0.26753349093774625 0.07370145063172673 0.12923561859732074
1 0.541413196069256 0.11091410559495667 0.050538137576041184 0.12253743104806936
1 0.4906410856340665 0.15799842395587077 0.07159569489939167 0.13317572892040977
1 0.45671502105755735 0.23739164696611506 0.061300889096864764 0.09101654846335698
1 0.5170800187178287 0.23817966903073287 0.07487131492746842 0.08313632781717889
1 0.48280299485259714 0.40898345153664306 0.05825924192793636 0.11426319936958236
13 0.38476836686944316 0.3049645390070922 0.09288722508189051 0.12765957446808512
13 0.42723444080486667 0.24960598896769112 0.04258306036499766 0.11623325453112687
13 0.377047262517548 0.4954688731284476 0.06200280767430978 0.09968479117415288
1 0.379153018249883 0.5789992119779355 0.05264389330837623 0.08234830575256108
1 0.33703790360318203 0.5315208825847124 0.033926064576509124 0.08037825059101655
1 0.3467477772578381 0.7322695035460993 0.04305100608329434 0.05713159968479118
1 0.37903603182030887 0.7600472813238771 0.04258306036499766 0.0764381402679275
1 0.38979878334113244 0.7157210401891253 0.043518951801591016 0.050827423167848704
1 0.27550304164716893 0.7588652482269505 0.041881141787552645 0.07171000788022065
1 0.25292466073935427 0.806146572104019 0.038839494618624244 0.0748620961386919
13 0.24485259709873655 0.7013396375098503 0.034861956013102484 0.10559495665878646
1 0.377749181094993 0.8414105594956659 0.03439401029480581 0.050827423167848704
1 0.3291998128217127 0.8433806146572105 0.03322414599906411 0.04925137903861308
1 0.3647636874122602 0.8772655634357762 0.027608797379503978 0.04846335697399527
