13 0.2993015612161052 0.1783625730994152 0.16310599835661463 0.16023391812865498
13 0.4170090386195563 0.14873294346978558 0.09531635168447 0.1337231968810916
13 0.34778142974527526 0.3001949317738791 0.13352506162695152 0.10760233918128655
1 0.46055875102711585 0.27914230019493175 0.14215283483976993 0.10292397660818713
1 0.5887428101889893 0.24717348927875243 0.061626951520131465 0.10136452241715399
1 0.6489317995069843 0.26666666666666666 0.07847165160230074 0.10292397660818713
1 0.6353738701725554 0.35146198830409353 0.06778964667214461 0.10175438596491228
1 0.5696384552177486 0.42846003898635476 0.10312243221035332 0.11306042884990253
13 0.3989317995069844 0.3797270955165692 0.15119145439605586 0.12787524366471734
13 0.3646261298274445 0.4914230019493177 0.19186524239934263 0.11345029239766082
1 0.5082169268693508 0.4922027290448343 0.10599835661462613 0.13060428849902533
1 0.2060394412489729 0.7224171539961013 0.10312243221035332 0.14269005847953217
13 0.09572719802793754 0.7713450292397661 0.17502054231717337 0.14385964912280702
13 0.14112571898110107 0.8732943469785575 0.17543138866064092 0.11929824561403508
1 0.2880032867707477 0.8167641325536062 0.09449465899753491 0.06471734892787524
1 0.45357436318816763 0.915204678362573 0.19884963023829086 0.10955165692007797
