1 0.2590401051939514 0.6285460992907802 0.14398422090729784 0.15567375886524823
1 0.3535502958579882 0.6872340425531915 0.10486522024983563 0.11276595744680852
1 0.3246219592373439 0.5586879432624113 0.12064431295200527 0.13085106382978726
1 0.37787639710716636 0.5021276595744681 0.11209730440499671 0.12056737588652483
14 0.34796186719263644 0.4450354609929078 0.1193293885601578 0.12836879432624115
1 0.35831689677843526 0.3230496453900709 0.1722550953320184 0.1872340425531915
1 0.4944115713346483 0.4019503546099291 0.1413543721236029 0.15141843971631205
1 0.5379684418145957 0.2943262411347518 0.11209730440499671 0.12127659574468086
1 0.6094674556213018 0.2730496453900709 0.09796186719263643 0.10638297872340426
1 0.8206771860618015 0.3615248226950355 0.14365548980933596 0.1549645390070922
1 0.7353714661406969 0.423936170212766 0.0861275476660092 0.09326241134751774
1 0.73767258382643 0.33031914893617026 0.07955292570677186 0.08546099290780143
1 0.6821170282708745 0.4661347517730497 0.09072978303747535 0.09822695035460993
1 0.5795529257067719 0.4468085106382979 0.0992767915844839 0.10709219858156029
1 0.5489809335963183 0.6601063829787235 0.1334648257725181 0.1443262411347518
14 0.596646942800789 0.7175531914893617 0.13740959894806049 0.14858156028368796
1 0.5004930966469429 0.5115248226950355 0.08645627876397108 0.09397163120567377
1 0.542077580539119 0.8189716312056738 0.11374095989480605 0.1223404255319149
1 0.4451019066403682 0.8801418439716313 0.10190664036817884 0.10921985815602837
1 0.3427021696252466 0.824468085106383 0.11275476660092046 0.12127659574468086
1 0.30111768573307035 0.773581560283688 0.10256410256410257 0.10957446808510639
14 0.5854700854700855 0.5725177304964539 0.13740959894806049 0.14787234042553193
14 0.23487836949375412 0.6950354609929078 0.10880999342537805 0.11843971631205674
