14 0.24647213585266683 0.7564817853626518 0.13226500837120306 0.20019691499835904
14 0.284381726859603 0.6471939612733836 0.08466873953599617 0.12930751558910403
1 0.2204018177469505 0.6425992779783393 0.07342740971059555 0.09255004922874958
1 0.22685960296579766 0.5608795536593371 0.06099019373355657 0.09648834919593041
1 0.19504903133221718 0.555956678700361 0.07103563740731883 0.10370856580242861
1 0.2147811528342502 0.48014440433212996 0.043530255919636454 0.05841811617984903
1 0.3123654628079407 0.4479816212668198 0.07366658694092323 0.10567771578601903
1 0.3438172685960297 0.3560879553659337 0.11982779239416408 0.14506071545782737
1 0.24384118631906243 0.34870364292746964 0.08108108108108109 0.11847719067935673
1 0.3185840707964602 0.29356744338693797 0.10523798134417604 0.12241549064653758
1 0.6163597225544128 0.3107975057433541 0.10236785458024397 0.1535936987200525
1 0.4982061707725425 0.39366590088611747 0.07605835924419996 0.08828355759763702
14 0.4976082276967233 0.3088283557597637 0.10978234872040182 0.13718411552346568
14 0.5452044965319301 0.2799474893337709 0.052858167902415695 0.08270429931079751
1 0.5678067447978953 0.22924187725631767 0.07223152355895719 0.09747292418772563
14 0.5116000956708922 0.22070889399409255 0.052140636211432674 0.06399737446668854
1 0.6307103563740732 0.2157860190351165 0.03970342023439369 0.05021332458155563
1 0.486845252331978 0.15162454873646208 0.07821095431714901 0.10567771578601903
1 0.43673762257833054 0.1294716114210699 0.09471418320975844 0.10206760748276993
1 0.49653193016024877 0.0662947161142107 0.05548911743602009 0.07614046603216278
14 0.6897871322650084 0.24958976042008532 0.06457785218847166 0.10272399081063341
1 0.6340588375986607 0.12422054479816212 0.06888304233436977 0.10141122415490646
1 0.6884716574982062 0.09074499507712504 0.09973690504663957 0.14013784049885133
1 0.6012915570437695 0.044469970462750245 0.06218607988519493 0.07975057433541187
1 0.6474527624970103 0.039218903839842466 0.06888304233436977 0.07843780767968493
1 0.5236785458024397 0.12618969478175254 0.03276728055489118 0.04561864128651132
