14 0.11801242236024845 0.37475461327051435 0.12040133779264213 0.14566156262269336
14 0.2529861442904921 0.4144091087553985 0.07405637840420448 0.13074204946996468
14 0.2584806497849976 0.2232037691401649 0.1051122790253225 0.13466823714173537
14 0.13879598662207357 0.22654102866117 0.07596751075011944 0.11385944248135062
14 0.4816053511705685 0.49548488417746367 0.11849020544672718 0.14212799371809973
14 0.6438127090301003 0.5959952885747939 0.09794553272814142 0.2033765213977228
14 0.5981844242713807 0.8849627012171182 0.16149068322981366 0.08873184138201806
14 0.6825131390348781 0.80427954456223 0.10081223124701386 0.09305064782096584
14 0.7317247969421882 0.9354142127993719 0.06641184902054467 0.11582253631723596
14 0.8150979455327281 0.903219473890852 0.09555661729574773 0.13231252453867295
14 0.7742474916387959 0.762465645857872 0.0941232680363115 0.09344326658814292
