14 0.43601843722563655 0.7810775722168127 0.10381913959613696 0.09250243427458617
14 0.5834064969271291 0.71502758844531 0.08647936786654961 0.0934761441090555
14 0.6240122914837577 0.8089905874716001 0.07199297629499561 0.15417072379097696
14 0.567603160667252 0.620253164556962 0.07594381035996488 0.06037000973709834
14 0.6741659350307287 0.6324245374878286 0.07967515364354698 0.08211619604024667
14 0.6668129938542581 0.7130801687763713 0.06672519754170325 0.06037000973709834
14 0.829126426690079 0.5115222330412204 0.10206321334503951 0.083089905874716
14 0.5330333625987709 0.45894190197987667 0.08450395083406496 0.09152872444011684
14 0.4845258999122037 0.3412852969814995 0.11742756804214223 0.0827653359298929
14 0.3216637401229148 0.3481012658227848 0.05684811237928007 0.11652061019149626
14 0.3703906935908692 0.2977929243752028 0.056409130816505705 0.07562479714378448
14 0.29971466198419666 0.25348912690684844 0.06738366988586479 0.054527750730282376
14 0.32144424934152765 0.19993508601103538 0.07791922739244951 0.07530022719896137
14 0.3979367866549605 0.23937033430704316 0.056189640035118525 0.07108081791626095
14 0.2967515364354697 0.026290165530671858 0.08647936786654961 0.05128205128205128
14 0.3924495171202809 0.0347289840960727 0.0504828797190518 0.0694579681921454
