1 0.07035928143712575 0.9334167361690298 0.1407185628742515 0.1331665276619405
1 0.7855538922155688 0.49638587711982207 0.2891716566866267 0.2916319154851265
1 0.6585578842315368 0.3060884070058382 0.18238522954091815 0.22741173199888798
1 0.6136477045908183 0.5582429802613289 0.24875249500998 0.2924659438420906
1 0.467065868263473 0.5119544064498193 0.19910179640718562 0.2521545732554907
1 0.5250748502994012 0.28134556574923547 0.15044910179640716 0.18571031415068112
13 0.4119261477045908 0.09174311926605505 0.1806387225548902 0.1834862385321101
1 0.14595808383233533 0.10884070058381985 0.23403193612774448 0.2176814011676397
1 0.19174151696606784 0.23867111481790382 0.24775449101796404 0.25660272449263277
1 0.2684630738522954 0.3680845148735057 0.12425149700598802 0.1651376146788991
1 0.34119261477045904 0.6041145398943564 0.1963572854291417 0.19905476786210732
1 0.24875249500998 0.6480400333611342 0.1337325349301397 0.12732832916319156
1 0.18874750499001994 0.7260216847372811 0.1719061876247505 0.18098415346121768
1 0.1783932135728543 0.5315540728384766 0.08183632734530938 0.07951070336391437
1 0.34543413173652693 0.22087850986933558 0.12400199600798402 0.16430358632193495
