13 0.5370566999362922 0.6040209790209791 0.0768740709280102 0.12482517482517483
13 0.5169887449564664 0.5274475524475525 0.07156508812911447 0.11013986013986014
1 0.4629433000637078 0.48041958041958044 0.11297515396050117 0.16503496503496504
1 0.404225950307921 0.672027972027972 0.0702909322573795 0.12167832167832168
1 0.3311743469951157 0.5919580419580419 0.06944149500955617 0.12867132867132866
1 0.38065406668082397 0.7243006993006993 0.06774262051390954 0.12832167832167832
1 0.30983223614355493 0.6276223776223776 0.07007857294542366 0.14405594405594405
1 0.3869186663835209 0.3916083916083916 0.10193246973879805 0.14545454545454545
1 0.3054788702484604 0.4784965034965035 0.0936504565725207 0.1409090909090909
1 0.3023996602251009 0.3449300699300699 0.1095774049692079 0.20804195804195805
13 0.3957315778296878 0.22202797202797203 0.09025270758122744 0.17692307692307693
13 0.3220428965810151 0.20856643356643356 0.095774049692079 0.1458041958041958
13 0.3931832660862179 0.08146853146853147 0.07751114886387768 0.11398601398601399
1 0.299745168825653 0.07744755244755244 0.06009768528349968 0.11223776223776223
1 0.2651306009768528 0.1451048951048951 0.09025270758122744 0.17272727272727273
1 0.26449352304098533 0.14493006993006993 0.09025270758122744 0.17307692307692307
1 0.2067317901889998 0.04248251748251748 0.0762369929921427 0.08496503496503496
1 0.18984922488851136 0.13653846153846153 0.10830324909747292 0.17727272727272728
