13 0.08165137614678898 0.13914299470389985 0.09619921363040629 0.26095329802599904
13 0.16474442988204455 0.25252768415984594 0.07732634338138925 0.09581126624939817
13 0.0836173001310616 0.3440057775637939 0.05766710353866317 0.10351468464130958
1 0.20340760157273918 0.3606162734713529 0.09698558322411534 0.10784785748675975
1 0.1563564875491481 0.5296100144439094 0.027522935779816512 0.11651420317766008
1 0.254521625163827 0.6100144439094848 0.1509829619921363 0.10399614829080404
1 0.04980340760157274 0.49374097255657196 0.06605504587155964 0.14684641309581126
1 0.0982961992136304 0.6307173808377468 0.03984272608125819 0.10495907558979296
13 0.2038007863695937 0.7496389022628791 0.04482306684141547 0.17043813192103996
1 0.1672346002621232 0.6360134809821858 0.03564875491480996 0.07992296581608088
13 0.5332896461336828 0.6321617717862301 0.04272608125819135 0.1059220028887819
1 0.5710353866317169 0.637217140105922 0.017562254259501964 0.09773712084737603
1 0.5695937090432504 0.7197881559942224 0.022542595019659238 0.043331728454501686
1 0.7256880733944954 0.608088589311507 0.047968545216251636 0.14155031295137216
1 0.673656618610747 0.6446798266730862 0.03669724770642202 0.09436687530091478
1 0.7800786369593709 0.716177178623014 0.04980340760157274 0.0967741935483871
1 0.819659239842726 0.6468464130958113 0.037221494102228046 0.1295137217140106
1 0.8370904325032765 0.7388059701492538 0.053735255570117955 0.054405392392874334
1 0.8204456094364351 0.8218584496870486 0.03879423328964613 0.04814636494944632
1 0.7142857142857143 0.7147327876745305 0.050851900393184796 0.05344246509388541
1 0.7585845347313237 0.9675012036591237 0.04246395806028833 0.06499759268175252
13 0.698951507208388 0.9629272989889263 0.06107470511140236 0.07414540202214732
1 0.7353866317169069 0.8637457871930669 0.03328964613368283 0.03948001925854598
