1 0.8694552976327281 0.046633057256031694 0.03355550448172834 0.09326611451206339
1 0.812112158124569 0.05365502340655384 0.05538956561709952 0.10731004681310768
1 0.8502643070558492 0.18725243068059058 0.060445874511606525 0.20021606049693916
1 0.8920937715467708 0.13161685271876125 0.03240634336934038 0.064458048253511
1 0.7356929441507699 0.19157364061937343 0.04596644449551827 0.09650702196615053
1 0.802574120891749 0.227403673028448 0.03263617559181797 0.04789341015484336
13 0.744656400827396 0.29942383867482897 0.07860262008733625 0.07454087144400433
13 0.6940933118823259 0.37144400432120994 0.08963456676626062 0.04861361181130717
1 0.8065961847851069 0.3246308966510623 0.06412319007124799 0.05725603168887289
1 0.8800275798666973 0.3046453006841916 0.05929671339921857 0.06265754411235146
13 0.7296023902551138 0.4594886568239107 0.0930820501034245 0.06985956067698956
13 0.7685589519650655 0.38638818869283403 0.027120202252355778 0.054735325891249555
1 0.8860032176511147 0.40565358300324095 0.07308664674787405 0.07886208138278719
1 0.8007354631119282 0.4787540511343176 0.0717076534130085 0.07814187972632337
1 0.8722132843024591 0.5012603528988117 0.06711100896345668 0.08930500540151243
1 0.39715008044127786 0.666726683471372 0.03815214893128017 0.05653583003240908
13 0.43748563548609515 0.5702196615052215 0.022753390025281543 0.08174288800864242
13 0.3686508848540565 0.5767014764133958 0.08136060675706734 0.10334893770255672
1 0.34130085037922314 0.7945624774936982 0.0611353711790393 0.08462369463449766
1 0.3231441048034934 0.86388188692834 0.0799816134222018 0.07346056895930861
1 0.39669041599632265 0.8786460208858481 0.05240174672489083 0.0792221822110191
1 0.4247299471385888 0.7871804105149443 0.04596644449551827 0.07562117392870005
1 0.4929901172144335 0.8451566438602809 0.05148241783498046 0.056175729204177176
