1 0.39019123997532384 0.5227731334678583 0.09068476249228871 0.06428365523205536
1 0.43933785728973884 0.4326895358893053 0.04709027349372815 0.13202652061112713
1 0.3876208101994653 0.4319688671086769 0.05305367057371992 0.1098299221677717
1 0.5087394612379189 0.4805419429230326 0.07279457125231338 0.10204669933698472
1 0.49917746247172523 0.6043528394349957 0.055726917540612785 0.0637071202075526
1 0.4714168208924532 0.6984721821850678 0.09315237507711288 0.11761314499855867
1 0.5371170059633971 0.6893917555491497 0.027966275961340735 0.09022773133467858
1 0.5863664404688463 0.563562986451427 0.05120296113510179 0.057653502450273855
1 0.4995887312358626 0.8059959642548286 0.08287065597367879 0.09455174401844912
1 0.5392761669751182 0.7777457480541944 0.0499691548426897 0.040933986739694436
1 0.5816368496812667 0.7597290285384838 0.050791692370964425 0.03891611415393485
1 0.6146411680032902 0.8224272124531565 0.033312769895126465 0.05073508215624099
1 0.6430187127287682 0.8653790717786106 0.044828295290972646 0.08590371865090805
1 0.694838577010076 0.7765926780051888 0.06785934608266501 0.08129143845488614
1 0.7118034135307423 0.8580282502162007 0.08574953732264035 0.07523782069760739
1 0.6109397491260539 0.6958777745748055 0.05181986428130783 0.06745459786682041
1 0.6933991363355952 0.5384837128855579 0.10281719103434094 0.09570481406745461
1 0.6199876619370759 0.5148457768809456 0.050997326753033104 0.13548573075814357
1 0.4714168208924532 0.3454886134332661 0.04174377955994242 0.08676852118766215
1 0.5526424018095826 0.23306428365523207 0.07670162451161834 0.09311040645719228
1 0.5055521283158544 0.12698183914672817 0.1314003701418877 0.08215624099164025
1 0.5638494756323257 0.04511386566733929 0.09212420316676947 0.06889593542807726
1 0.6421961752004934 0.08993946382242722 0.10117211597779148 0.07033727298933411
1 0.6590581945301254 0.17670798501008939 0.10117211597779148 0.05477082732776017
1 0.7089245321817808 0.14975497261458634 0.0532593049557886 0.09887575670221967
1 0.7715402015216943 0.18074373018160855 0.06785934608266501 0.10838858460651485
1 0.7030639522928234 0.30729316805995965 0.08636644046884638 0.05015854713173826
1 0.630577832613613 0.3565869126549438 0.04462266090890397 0.09743441914096282
1 0.7751388032078963 0.2912943211300087 0.10220028788813489 0.13173825309887577
13 0.8396051819864281 0.28884404727587204 0.0703269586674892 0.11184779475353128
1 0.8391939132222908 0.400835975785529 0.06744807731852766 0.09541654655520324
1 0.7983754883816574 0.4485442490631306 0.04832407978614024 0.07264341308734507
1 0.7914867365823566 0.5030268088786394 0.0658030022619782 0.047852407033727305
1 0.7425457536500102 0.46036321706543676 0.03578038247995065 0.09512827904295186
1 0.6822948797038865 0.4309599308157971 0.06868188361093974 0.1821850677428654
1 0.8255192268147233 0.5887863937734218 0.06312975529508534 0.08215624099164025
1 0.78470080197409 0.707985010089363 0.04236068270614846 0.12049582012107236
1 0.8376516553567755 0.6957336408186798 0.05654945506888751 0.10867685211876622
