1 0.8363105462040537 0.9344634743096819 0.1679835108210237 0.13107305138063613
13 0.9747509446925455 0.9122684376092275 0.05049811061490897 0.06780845858091576
1 0.9613534867743044 0.8163229639986018 0.07729302645139127 0.11010136315973434
1 0.8545173479903814 0.7341838518000698 0.11645482652009619 0.11429570080391471
1 0.9536241841291653 0.5872072701852499 0.09275163174166953 0.13981125480601186
1 0.7081758845757472 0.6475008738203425 0.19271727928546892 0.16183152743795876
1 0.8802816901408451 0.6088780146801817 0.09515630367571282 0.08458580915763718
1 0.8488491927172793 0.524466969591052 0.1621435932669186 0.15623907724571826
13 0.6137066300240467 0.3745193988116043 0.21332875300583992 0.24501922404753582
13 0.41051185159738923 0.36211114994757077 0.19237375472346274 0.16637539321915412
13 0.6095843352799726 0.23907724571828032 0.19271727928546892 0.16987067458930444
13 0.7543799381655789 0.40300594197832923 0.20061834421161115 0.22998951415588953
1 0.4498454139470972 0.20989164627752532 0.09515630367571282 0.09122684376092274
1 0.32531776021985576 0.17406501223348478 0.09412572998969426 0.09716882209017826
1 0.2823771899690828 0.276651520447396 0.14702851253864652 0.13596644529884655
1 0.20594297492270697 0.22527088430618664 0.17416695293713502 0.1555400209716882
1 0.5216420474063895 0.44809507165326806 0.11782892476812093 0.11953862285914016
13 0.46839574029543113 0.5391471513456833 0.08622466506355204 0.10870325061167423
