1 0.027555110220440878 0.115 0.055110220440881756 0.08222222222222222
13 0.04809619238476953 0.0475 0.09619238476953906 0.06166666666666667
13 0.32151803607214424 0.38958333333333334 0.029809619238476952 0.07916666666666666
1 0.34581663326653306 0.31833333333333336 0.034819639278557114 0.11666666666666667
1 0.407940881763527 0.5288888888888889 0.17560120240480961 0.15388888888888888
1 0.32715430861723444 0.6094444444444445 0.1097194388777555 0.10666666666666666
13 0.3430611222444889 0.7111111111111111 0.10195390781563125 0.07944444444444444
13 0.4496492985971943 0.7361111111111112 0.09969939879759518 0.13333333333333333
1 0.5538577154308617 0.6761111111111111 0.1097194388777555 0.0661111111111111
1 0.6629509018036072 0.5870833333333333 0.08441883767535069 0.09916666666666667
1 0.6004509018036072 0.76125 0.12474949899799598 0.11638888888888889
1 0.7606462925851702 0.6597222222222222 0.18011022044088174 0.12611111111111112
1 0.7436122244488977 0.7593055555555556 0.15656312625250499 0.09972222222222223
1 0.5918086172344689 0.2513888888888889 0.1345190380761523 0.24
1 0.7459919839679358 0.24041666666666667 0.16082164328657314 0.20916666666666667
1 0.7416082164328657 0.4116666666666667 0.16808617234468937 0.1
13 0.6352705410821643 0.5119444444444444 0.047094188376753505 0.07111111111111111
