14 0.539669019226089 0.154775440591245 0.1506449257726941 0.2009664582148948
14 0.6847164760282307 0.2572484366117112 0.11852032124604527 0.13928368391131324
14 0.45144804088586027 0.3823194997157476 0.131418836699927 0.17282546901648663
14 0.4028960817717206 0.26506537805571345 0.1647602823071307 0.18732234223990904
14 0.40326113409588704 0.5278567367822626 0.11681674373326843 0.1534963047185901
14 0.2889997566317839 0.610574189880614 0.1321489413482599 0.1512222853894258
14 0.6867851058651739 0.5285673678226265 0.12557799951326357 0.13956793632745879
14 0.5769043562910684 0.5731949971574758 0.0990508639571672 0.1299033541785105
14 0.3363348746653687 0.6864695849914724 0.12168410805548795 0.14837976122797042
14 0.45485519591141393 0.8953951108584423 0.10756875152105135 0.1404206935758954
14 0.6651253346312971 0.6387151790790221 0.16305670479435386 0.18078453666856167
14 0.5445363835483086 0.8278851620238772 0.10391822827938671 0.11682774303581579
14 0.5721586760769043 0.9323479249573621 0.16403017765879777 0.13530415008527572
