14 0.1560964716391246 0.5516717325227964 0.09468512728896829 0.21681864235055726
14 0.21348816435908888 0.4997467071935157 0.07815989280928985 0.16869300911854104
14 0.2942161679321125 0.6466565349544073 0.0770433229120143 0.1474164133738602
14 0.354845913354176 0.5015197568389058 0.050022331397945506 0.14589665653495443
14 0.24519874944171505 0.37715298885511656 0.0741402411790978 0.13728470111448834
14 0.40933452434122375 0.542806484295846 0.08977221974095578 0.207193515704154
14 0.5304823581956231 0.7375886524822696 0.05113890129522108 0.18642350557244175
14 0.6009379187137115 0.6344984802431611 0.09736489504242965 0.15552178318135765
14 0.591223760607414 0.37740628166160084 0.07436355515855292 0.1833839918946302
14 0.4561188030370701 0.31458966565349544 0.09892809289861544 0.23606889564336375
14 0.3537293434569004 0.15805471124620063 0.08351942831621259 0.14184397163120568
14 0.24307726663689147 0.16691995947315097 0.07838320678874497 0.12512664640324217
14 0.22990174184903975 0.04609929078014185 0.11188030370701205 0.0921985815602837
14 0.3363108530594015 0.04964539007092199 0.08887896382313533 0.09929078014184398
