1 0.749515503875969 0.26036608143444157 0.07073643410852713 0.08218154650728428
14 0.7301356589147286 0.12252521479267837 0.0625 0.12327231976092641
1 0.6282703488372093 0.23515128875607025 0.09035852713178294 0.08853193873739261
1 0.8339389534883721 0.36384011953679496 0.10828488372093023 0.1419499439671274
1 0.8619186046511628 0.4962644751587598 0.10707364341085271 0.15577138587971612
1 0.8524709302325582 0.6525961897646619 0.0872093023255814 0.13896152409413523
1 0.7659883720930233 0.6451251400821816 0.07412790697674418 0.13970862906238327
1 0.7840358527131783 0.4815091520358611 0.06758720930232558 0.09562943593574898
1 0.721656976744186 0.517930519237953 0.05571705426356589 0.13410534180052297
1 0.6477713178294574 0.3705640642510273 0.054748062015503876 0.1688457228240568
1 0.5721899224806202 0.32947329099738515 0.08139534883720931 0.22786701531565187
1 0.4596656976744186 0.441912588718715 0.1509205426356589 0.14568546880836758
1 0.5457848837209303 0.5707881957415017 0.11046511627906977 0.14643257377661562
1 0.640625 0.5663055659320134 0.05886627906976744 0.1382144191258872
13 0.16424418604651161 0.5044826298094882 0.03924418604651163 0.10048561822936122
13 0.2101501937984496 0.5558460963765409 0.04433139534883721 0.07022786701531565
13 0.14849806201550386 0.5889054912215167 0.05813953488372093 0.05341800522973478
13 0.3003875968992248 0.6285020545386627 0.03343023255813953 0.09077325364213673
1 0.14825581395348836 0.8057527082555099 0.1327519379844961 0.10459469555472545
1 0.22238372093023256 0.8612252521479268 0.07994186046511628 0.06088905491221517
13 0.1501937984496124 0.9350018677624207 0.056686046511627904 0.10085917071348525
13 0.21984011627906977 0.9314531191632425 0.07146317829457365 0.07060141949943967
1 0.03343023255813953 0.5351139335076579 0.06686046511627906 0.18789689951438177
1 0.0594718992248062 0.7306686589465821 0.03609496124031008 0.10907732536421368
1 0.029190891472868217 0.9437803511393351 0.058381782945736434 0.11243929772132985
