13 0.09789691943127962 0.6221117285756069 0.15669431279620855 0.13629716291313249
13 0.24155805687203794 0.6035390465048259 0.08027251184834124 0.1284001169932729
13 0.11063388625592419 0.4909330213512723 0.1318127962085308 0.06288388417665984
1 0.2734004739336493 0.48947060544018717 0.08886255924170616 0.14068441064638784
1 0.25725710900473936 0.34834747002047384 0.10811611374407584 0.040362679145949105
1 0.2917654028436019 0.29160573267037143 0.10071090047393366 0.060836501901140684
1 0.3827014218009479 0.3288973384030418 0.10011848341232228 0.048259725065808716
1 0.45008886255924174 0.4208832992102954 0.09922985781990522 0.08248025738520035
13 0.3603376777251185 0.5741444866920152 0.10930094786729859 0.12927756653992395
13 0.4702310426540285 0.636443404504241 0.0856042654028436 0.18543433752559227
1 0.5068127962085308 0.49707516817782976 0.12618483412322276 0.07984790874524715
1 0.6710604265402844 0.8639953202690845 0.14780805687203794 0.0713658964609535
1 0.692239336492891 0.954518865165253 0.11196682464454977 0.090962269669494
13 0.8204976303317536 0.94793799356537 0.09597156398104266 0.10412401286926001
1 0.7892476303317536 0.8088622404211757 0.050651658767772514 0.09388710149166422
1 0.8976599526066351 0.7954080140391927 0.05005924170616114 0.05352442234571512
1 0.9363151658767773 0.6536999122550453 0.06575829383886256 0.1778297747879497
1 0.9629739336492892 0.7570927171687628 0.0740521327014218 0.05937408599005557
