1 0.4519230769230769 0.7898379473328833 0.06548198636806232 0.10297096556380825
14 0.4337877312560857 0.9125590817015531 0.07254138266796495 0.07629979743416611
14 0.4455939629990263 0.8501012829169481 0.06256085686465433 0.03038487508440243
1 0.5309152872444012 0.9358541525995949 0.06377799415774099 0.09588116137744768
14 0.512414800389484 0.8136394328156652 0.04284323271665044 0.1323430114787306
1 0.48624634858812077 0.6971640783254558 0.03821811100292113 0.07629979743416611
1 0.5815481986368063 0.9039500337609724 0.04138266796494645 0.03612424037812289
1 0.6341285296981499 0.924206617150574 0.06572541382667965 0.03139770425388251
1 0.573636806231743 0.7893315327481432 0.06937682570593963 0.05266711681296422
1 0.6512901655306719 0.7711006076975018 0.08495618305744888 0.04321404456448346
1 0.6148977604673808 0.8337272113436868 0.055501460564751706 0.060432140445644836
1 0.6478821811100293 0.637069547602971 0.07132424537487829 0.05469277515192438
1 0.6579844206426485 0.5666779203241054 0.07156767283349562 0.0462525320729237
1 0.6231742940603701 0.5222822417285619 0.04625121713729309 0.03713706954760297
1 0.5793573515092503 0.5422012153950034 0.06767283349561831 0.02970965563808238
1 0.5242210321324245 0.6603646185010129 0.03773125608568647 0.05941931127616476
1 0.6296251217137293 0.6963200540175557 0.061100292112950344 0.02599594868332208
13 0.4807692307692308 0.5236326806212019 0.06572541382667965 0.07900067521944633
1 0.5450340798442065 0.5827143821742067 0.028237585199610518 0.0837272113436867
1 0.49878286270691335 0.6033085752869684 0.06037000973709835 0.0661715057393653
1 0.4838120740019474 0.3776164753544902 0.04746835443037975 0.16171505739365294
1 0.46616358325219087 0.2636731937879811 0.06572541382667965 0.06549628629304524
1 0.5345666991236612 0.31397704253882514 0.06134371957156767 0.10668467251856854
1 0.552458617332035 0.23885887913571913 0.05477117818889971 0.04085077650236327
1 0.5137536514118792 0.16036461850101283 0.07960077896786757 0.05401755570560433
1 0.6284079844206427 0.13217420661715057 0.058666017526777026 0.09149223497636733
1 0.562317429406037 0.07646860229574612 0.05063291139240506 0.04085077650236327
1 0.6256085686465434 0.07765023632680622 0.06037000973709835 0.07224848075624578
1 0.624634858812074 0.2084740040513167 0.05111976630963973 0.026671168129642136
13 0.6733203505355404 0.35482781904118843 0.04527750730282376 0.11411208642808914
13 0.7091041869522883 0.32174206617150575 0.059883154819863685 0.06076975016880486
13 0.7049659201557936 0.20509790681971643 0.03213242453748783 0.054355165428764354
13 0.6258519961051607 0.3104321404456449 0.033106134371957155 0.07056043214044565
