1 0.059809264305177114 0.570880452342488 0.055858310626702996 0.17649434571890146
1 0.08392370572207085 0.7774636510500809 0.056675749318801094 0.10177705977382877
1 0.1728882833787466 0.7427302100161551 0.06294277929155313 0.10096930533117933
1 0.12057220708446867 0.8891357027463651 0.08147138964577658 0.06017770597738288
1 0.2388283378746594 0.9244749596122779 0.10653950953678475 0.053311793214862686
1 0.2401907356948229 0.9798061389337642 0.11743869209809264 0.04038772213247173
1 0.10926430517711172 0.9428513731825525 0.09209809264305177 0.06179321486268175
1 0.2565395095367847 0.8344103392568659 0.036239782016348775 0.08966074313408724
1 0.3066757493188011 0.6534733441033926 0.06403269754768393 0.21567043618739903
1 0.3200272479564033 0.8612681744749596 0.06839237057220708 0.114297253634895
13 0.5196185286103543 0.800080775444265 0.19237057220708448 0.13570274636510501
13 0.6389645776566758 0.5908723747980614 0.07247956403269755 0.22697899838449112
1 0.5243869209809264 0.6363085621970921 0.06403269754768393 0.1191437802907916
13 0.5446866485013624 0.4513327948303716 0.09046321525885559 0.04563812600969305
1 0.7224795640326975 0.45294830371567046 0.05531335149863761 0.10783521809369952
1 0.7275204359673025 0.5872374798061389 0.06267029972752045 0.09693053311793215
1 0.8059945504087194 0.4931340872374798 0.08010899182561308 0.1421647819063005
1 0.8948228882833787 0.4317447495961228 0.09209809264305177 0.21163166397415187
1 0.8690735694822889 0.5961227786752827 0.08365122615803815 0.07592891760904685
1 0.8010899182561309 0.6470113085621971 0.04305177111716622 0.06946688206785137
1 0.7403269754768392 0.7326332794830372 0.06049046321525886 0.0912762520193861
13 0.6354223433242507 0.872172859450727 0.08065395095367847 0.20961227786752828
1 0.7717983651226158 0.845113085621971 0.04713896457765668 0.14095315024232635
1 0.8129427792915531 0.7298061389337642 0.08256130790190735 0.07350565428109855
13 0.4098092643051771 0.8818659127625202 0.11444141689373298 0.11106623586429726
