1 0.2578664620107444 0.6977077363896849 0.059350217446917375 0.13212352753900033
13 0.19480685597339475 0.66189111747851 0.08774622665643388 0.10633556192295447
1 0.2594013814274751 0.5420248328557784 0.05372217958557176 0.08882521489971347
1 0.24891276541314916 0.46275071633237824 0.0706062931696086 0.08436803565743393
1 0.2784599641852136 0.4961795606494747 0.058582757738552066 0.06653931868831582
1 0.3440777692504477 0.4253422476918179 0.07930416986441545 0.07704552690226042
1 0.3204144282425173 0.3724928366762178 0.08365310821181889 0.07386182744348933
1 0.4548477871578409 0.5794333014963388 0.07828089025326171 0.13244189748487742
1 0.42478894858019955 0.4420566698503661 0.08160654898951139 0.1276663482967208
1 0.492964952673318 0.4646609360076409 0.07879253005883859 0.11684177013689907
1 0.34433358915323614 0.5826170009551098 0.055257099002302384 0.0929640241961159
13 0.6345612688667178 0.42136262336835406 0.16653875671527246 0.12384590894619549
13 0.7289588129956511 0.5334288443170965 0.08211818879508827 0.1518624641833811
13 0.7315170120235355 0.32712511938872973 0.07393195190585829 0.1766953199617956
1 0.8195190585827578 0.5348615090735435 0.08211818879508827 0.09551098376313276
1 0.8132514709644411 0.4116523400191022 0.039907904834996163 0.08787010506208214
13 0.5569199283704273 0.34511302133078636 0.14632898439498593 0.1381725565106654
1 0.6568176004093119 0.2723654886978669 0.09746738296239447 0.12702960840496658
1 0.6414684062420056 0.5243553008595989 0.06472243540547455 0.08595988538681949
