1 0.25896700143472023 0.4872223912382111 0.0856049736967958 0.13355643443869789
1 0.24127211860353898 0.3810465470033465 0.08751793400286945 0.1378156373592942
1 0.31276901004304164 0.35503498630970487 0.09230033476805356 0.14542135686035898
1 0.3589191774270684 0.43595984180103436 0.1477761836441894 0.17401886218436263
1 0.3336920133907222 0.5506540918770916 0.10832137733142037 0.12777608761788864
1 0.42718794835007173 0.5905080620626711 0.10306073648971785 0.1186492242166109
1 0.44607843137254904 0.4193793732887131 0.12649450023912004 0.11712808031639793
1 0.4921090387374462 0.5526315789473684 0.10616929698708752 0.12442957103742014
1 0.5863223338115734 0.49254639488895646 0.08512673362027738 0.13081837541831456
1 0.5020325203252033 0.6676300578034682 0.13845050215208035 0.21508974749011256
1 0.629842180774749 0.5707331913599026 0.12290769966523195 0.15515667782172193
1 0.5884744141559063 0.7181320352905385 0.13055954088952654 0.1980529358077274
14 0.6596126255380201 0.7131122604198357 0.09445241511238642 0.1831457255856404
14 0.75 0.6247337998174627 0.1131037780966045 0.15789473684210525
1 0.6929698708751794 0.48281107392759354 0.09947393591582976 0.15393976270155155
1 0.6268531802965088 0.33267417097657437 0.13845050215208035 0.15424399148159415
1 0.43758967001434723 0.25768177669607545 0.20755619320899094 0.2020079099482811
1 0.45779531324725015 0.12366899908731366 0.21257771401243425 0.1907514450867052
1 0.5567910090865614 0.06677821721934894 0.18388330942132952 0.13355643443869789
1 0.6432329029172645 0.20809248554913293 0.16499282639885224 0.17036811682385153
1 0.038498326159732185 0.2709157286279282 0.07699665231946437 0.1378156373592942
1 0.02175992348158776 0.18801338606632187 0.04351984696317552 0.14542135686035898
