13 0.5941349758971612 0.488849765258216 0.06722013926084627 0.15845070422535212
13 0.5309319764327799 0.46742957746478875 0.05329405463310123 0.1602112676056338
1 0.4643813604713444 0.5519366197183099 0.0723085163363685 0.2693661971830986
1 0.5494108194965185 0.8603286384976526 0.0731119442956615 0.12910798122065728
1 0.4484467059453669 0.9524647887323944 0.0848955543652919 0.09507042253521127
1 0.5674879485806106 0.9556924882629109 0.0867702196036422 0.0886150234741784
1 0.3556507766470273 0.6508215962441315 0.05945366898768077 0.25
1 0.35765934654525977 0.9058098591549296 0.06614890198178897 0.18838028169014084
1 0.2688805570433851 0.807218309859155 0.14140332083556506 0.1625586854460094
13 0.25160685591858595 0.4785798122065728 0.12453133369041243 0.1238262910798122
13 0.19349223352972683 0.6393779342723005 0.06989823245848956 0.2165492957746479
13 0.1586770219603642 0.3597417840375587 0.050080342795929295 0.18427230046948356
1 0.028119978575254417 0.25880281690140844 0.056239957150508835 0.18427230046948356
1 0.0934654525977504 0.5751173708920188 0.07498660953401179 0.09272300469483569
1 0.11408677021960364 0.7165492957746479 0.11890733797536154 0.13145539906103287
1 0.11355115158007498 0.7177230046948357 0.11890733797536154 0.13145539906103287
1 0.05811462238885913 0.8849765258215962 0.09694697375468667 0.21948356807511737
1 0.021424745581146223 0.6103286384976526 0.04284949116229245 0.07276995305164319
