0 0.8896713615023475 0.07994186046511628 0.22065727699530516 0.15988372093023256
0 0.6830985915492958 0.1511627906976744 0.3051643192488263 0.18604651162790697
0 0.9553990610328639 0.3866279069767442 0.0892018779342723 0.3313953488372093
0 0.835680751173709 0.5218023255813954 0.1971830985915493 0.5087209302325582
0 0.9025821596244131 0.7776162790697674 0.16666666666666666 0.35174418604651164
0 0.6161971830985916 0.4011627906976744 0.08685446009389672 0.29069767441860467
0 0.6584507042253521 0.7180232558139534 0.17136150234741784 0.5290697674418604
0 0.4612676056338028 0.502906976744186 0.20422535211267606 0.45930232558139533
0 0.3685446009389671 0.7703488372093024 0.13615023474178403 0.12790697674418605
0 0.4107981220657277 0.9316860465116279 0.3051643192488263 0.13662790697674418
0 0.24647887323943662 0.6337209302325582 0.17370892018779344 0.436046511627907
0 0.11267605633802817 0.9026162790697674 0.22535211267605634 0.15406976744186046
0 0.142018779342723 0.7703488372093024 0.11032863849765258 0.11046511627906977
0 0.06338028169014084 0.501453488372093 0.1267605633802817 0.44476744186046513
0 0.20657276995305165 0.25290697674418605 0.3098591549295775 0.1569767441860465
0 0.12089201877934272 0.10174418604651163 0.24178403755868544 0.19186046511627908
0 0.41431924882629106 0.12063953488372092 0.2746478873239437 0.24127906976744184
