14 0.2511441647597254 0.13258078795927403 0.16361556064073227 0.06949977866312528
14 0.2597254004576659 0.18503762726870296 0.06521739130434782 0.033643204957945996
14 0.37585812356979403 0.07392651615759185 0.06750572082379863 0.054006197432492256
14 0.6129862700228833 0.07481186365648518 0.14702517162471396 0.10270030987162461
14 0.7960526315789473 0.1730854360336432 0.12299771167048056 0.15847720230190349
14 0.6175629290617849 0.33200531208499334 0.18478260869565216 0.0796812749003984
14 0.5640732265446224 0.45196989818503763 0.20709382151029748 0.13103142983621072
14 0.4568077803203661 0.6896857016378929 0.13329519450800914 0.1407702523240372
14 0.5557780320366132 0.5706064630367419 0.18707093821510298 0.08322266489597167
14 0.046052631578947366 0.963036741921204 0.09210526315789473 0.07392651615759185
