7 0.00859375 0.225 0.0171875 0.15000000000000002
7 0.06015625 0.08125 0.1203125 0.10625000000000001
7 0.49765625 0.31796875 0.060937500000000006 0.1078125
7 0.5015625 0.46640625 0.15937500000000002 0.11093750000000001
3 0.36484375 0.55390625 0.0671875 0.1484375
3 0.44062500000000004 0.6000000000000001 0.09062500000000001 0.096875
3 0.50390625 0.56953125 0.0203125 0.0765625
3 0.6578125 0.44062500000000004 0.065625 0.084375
3 0.59921875 0.42500000000000004 0.0546875 0.08750000000000001
3 0.8210937500000001 0.9593750000000001 0.1015625 0.08125
3 0.77109375 0.8109375000000001 0.0734375 0.07187500000000001
3 0.7359375 0.7234375000000001 0.08125 0.08125
3 0.44765625000000003 0.9906250000000001 0.0421875 0.018750000000000003
3 0.35703125 0.815625 0.1265625 0.13125
7 0.85546875 0.05078125 0.1046875 0.1015625
3 0.95703125 0.8382812500000001 0.0578125 0.0859375
7 0.509375 0.203125 0.0625 0.08125
3 0.49375 0.40390625 0.043750000000000004 0.051562500000000004
7 0.21328125 0.36250000000000004 0.045312500000000006 0.043750000000000004
3 0.7734375 0.30078125 0.065625 0.11406250000000001
