3 0.20625000000000002 0.13593750000000002 0.059375000000000004 0.09062500000000001
7 0.5867187500000001 0.403125 0.15781250000000002 0.21875
3 0.64375 0.5234375 0.06875 0.08750000000000001
7 0.4546875 0.45625000000000004 0.109375 0.15000000000000002
7 0.43046875 0.6515625 0.2015625 0.278125
7 0.259375 0.5375 0.134375 0.16562500000000002
7 0.38593750000000004 0.39453125 0.146875 0.18281250000000002
7 0.4078125 0.20703125 0.134375 0.1921875
3 0.578125 0.18671875000000002 0.1125 0.1453125
7 0.246875 0.42031250000000003 0.10625000000000001 0.125
7 0.23593750000000002 0.265625 0.06875 0.1
7 0.6570312500000001 0.290625 0.07968750000000001 0.109375
7 0.021875000000000002 0.21328125 0.043750000000000004 0.0765625
