7 0.44843750000000004 0.35000000000000003 0.1625 0.09375
4 0.94453125 0.12421875 0.11093750000000001 0.2171875
7 0.13125 0.7734375 0.06875 0.059375000000000004
7 0.078125 0.9203125000000001 0.1125 0.1
7 0.184375 0.9109375000000001 0.07500000000000001 0.059375000000000004
7 0.29609375 0.84375 0.0859375 0.05
7 0.30546875 0.6140625000000001 0.1234375 0.078125
7 0.82421875 0.675 0.1296875 0.15000000000000002
7 0.09453125000000001 0.46328125000000003 0.1546875 0.08281250000000001
7 0.72265625 0.403125 0.051562500000000004 0.07187500000000001
3 0.40078125000000003 0.246875 0.1484375 0.08125
3 0.8914062500000001 0.421875 0.060937500000000006 0.10625000000000001
7 0.30234375 0.765625 0.051562500000000004 0.053125000000000006
3 0.3140625 0.7203125 0.05 0.018750000000000003
4 0.7898437500000001 0.32578125 0.1265625 0.0765625
