3 0.9234375 0.290625 0.084375 0.05625
3 0.7265625 0.35703125 0.23750000000000002 0.051562500000000004
7 0.12734375 0.24453125 0.2515625 0.1046875
7 0.32343750000000004 0.15781250000000002 0.07187500000000001 0.05625
7 0.46953125 0.15156250000000002 0.0890625 0.037500000000000006
7 0.61328125 0.5625 0.3140625 0.19687500000000002
3 0.7820312500000001 0.5984375000000001 0.0734375 0.053125000000000006
3 0.8359375 0.7109375 0.134375 0.0625
3 0.70625 0.7234375000000001 0.043750000000000004 0.028125
3 0.9304687500000001 0.8421875000000001 0.13593750000000002 0.1125
3 0.17265625 0.5296875 0.0703125 0.034375
3 0.08046875 0.48203125 0.1296875 0.0578125
