7 0.52734375 0.578125 0.07968750000000001 0.09062500000000001
7 0.52265625 0.4109375 0.2890625 0.134375
3 0.7117187500000001 0.33906250000000004 0.1765625 0.11875000000000001
3 0.2171875 0.26328125 0.13125 0.1609375
3 0.03671875 0.28984375 0.0546875 0.0734375
7 0.42890625000000004 0.80078125 0.1171875 0.0703125
7 0.8070312500000001 0.7265625 0.1796875 0.08750000000000001
7 0.609375 0.84140625 0.13125 0.1171875
7 0.80859375 0.6195312500000001 0.08281250000000001 0.0734375
3 0.3359375 0.6328125 0.15000000000000002 0.034375
3 0.32109375 0.58515625 0.1296875 0.0328125
3 0.27890625 0.36640625000000004 0.09531250000000001 0.045312500000000006
3 0.36875 0.38906250000000003 0.034375 0.10312500000000001
3 0.8601562500000001 0.371875 0.0734375 0.096875
3 0.9070312500000001 0.28203125 0.0390625 0.0578125
7 0.70703125 0.9 0.0703125 0.078125
3 0.035937500000000004 0.8671875 0.07187500000000001 0.025
3 0.15078125 0.6171875 0.0546875 0.053125000000000006
3 0.3671875 0.4921875 0.046875 0.0625
7 0.06406250000000001 0.5710937500000001 0.05625 0.0546875
3 0.37734375000000003 0.671875 0.0734375 0.0625
3 0.49296875 0.6890625 0.0734375 0.0625
3 0.2078125 0.721875 0.06875 0.05
3 0.37578125 0.7250000000000001 0.07968750000000001 0.046875
