3 0.5632812500000001 0.36015625 0.1265625 0.0484375
3 0.50625 0.45546875000000003 0.11875000000000001 0.1390625
3 0.37890625 0.55859375 0.1234375 0.06406250000000001
7 0.32265625000000003 0.76171875 0.1078125 0.0484375
3 0.22031250000000002 0.7234375000000001 0.0625 0.03125
3 0.5046875000000001 0.275 0.18125000000000002 0.034375
3 0.8757812500000001 0.38984375000000004 0.0890625 0.051562500000000004
3 0.28203125 0.925 0.0765625 0.059375000000000004
3 0.6101562500000001 0.15546875000000002 0.0421875 0.0578125
3 0.9609375 0.4890625 0.05 0.05
3 0.60703125 0.6898437500000001 0.07968750000000001 0.0328125
3 0.23046875 0.25078125 0.0921875 0.0671875
3 0.4890625 0.203125 0.07187500000000001 0.021875000000000002
3 0.7609375 0.5 0.059375000000000004 0.028125
3 0.2328125 0.51796875 0.028125 0.0171875
