3 0.06406250000000001 0.00703125 0.10625000000000001 0.0140625
3 0.06171875 0.11953125 0.0484375 0.0328125
3 0.7640625000000001 0.04453125 0.05 0.0390625
3 0.8382812500000001 0.04453125 0.0578125 0.035937500000000004
7 0.40468750000000003 0.20625000000000002 0.05625 0.05625
3 0.31562500000000004 0.0625 0.037500000000000006 0.025
3 0.8343750000000001 0.30390625000000004 0.05625 0.0578125
3 0.8953125000000001 0.28046875 0.053125000000000006 0.0484375
3 0.24296875 0.29453125 0.0734375 0.060937500000000006
7 0.33828125000000003 0.24296875 0.029687500000000002 0.0234375
3 0.41250000000000003 0.2671875 0.025 0.0125
7 0.43671875000000004 0.28359375000000003 0.0421875 0.051562500000000004
7 0.309375 0.328125 0.0625 0.037500000000000006
7 0.10390625 0.2234375 0.0421875 0.018750000000000003
3 0.0078125 0.31562500000000004 0.015625 0.040625
3 0.0328125 0.909375 0.065625 0.028125
3 0.3171875 0.9515625000000001 0.059375000000000004 0.034375
7 0.30546875 0.7250000000000001 0.1546875 0.084375
7 0.296875 0.8359375 0.09062500000000001 0.059375000000000004
3 0.39609375 0.7937500000000001 0.0390625 0.046875
3 0.50234375 0.8453125 0.035937500000000004 0.025
3 0.52578125 0.91953125 0.026562500000000003 0.035937500000000004
3 0.7117187500000001 0.6734375 0.026562500000000003 0.028125
3 0.81015625 0.6890625 0.051562500000000004 0.10625000000000001
3 0.79609375 0.78515625 0.045312500000000006 0.0390625
3 0.7640625000000001 0.7875000000000001 0.046875 0.0625
3 0.7015625000000001 0.8250000000000001 0.053125000000000006 0.040625
3 0.8203125 0.9656250000000001 0.034375 0.043750000000000004
3 0.9890625000000001 0.69921875 0.021875000000000002 0.0671875
7 0.23750000000000002 0.9640625 0.065625 0.043750000000000004
3 0.12187500000000001 0.97265625 0.07500000000000001 0.0171875
3 0.9515625000000001 0.5750000000000001 0.0625 0.065625
3 0.6296875000000001 0.10546875 0.16562500000000002 0.0703125
3 0.478125 0.134375 0.0625 0.05
3 0.6648437500000001 0.14375000000000002 0.026562500000000003 0.025
3 0.8070312500000001 0.09843750000000001 0.0484375 0.034375
