4 0.6921875000000001 0.64609375 0.44062500000000004 0.4421875
4 0.42578125 0.8367187500000001 0.2703125 0.2390625
4 0.11640625 0.8812500000000001 0.22968750000000002 0.22187500000000002
3 0.521875 0.16796875 0.043750000000000004 0.0421875
3 0.4609375 0.20234375000000002 0.05 0.045312500000000006
3 0.36171875000000003 0.19296875000000002 0.026562500000000003 0.026562500000000003
3 0.1375 0.28671875 0.07500000000000001 0.045312500000000006
3 0.34218750000000003 0.6578125 0.06875 0.046875
3 0.37890625 0.5921875 0.0390625 0.03125
3 0.8859375 0.5515625000000001 0.096875 0.05625
3 0.971875 0.8601562500000001 0.040625 0.0484375
3 0.8984375 0.915625 0.07187500000000001 0.07500000000000001
3 0.29375 0.7742187500000001 0.043750000000000004 0.0390625
3 0.4703125 0.87265625 0.07187500000000001 0.045312500000000006
3 0.22031250000000002 0.9226562500000001 0.037500000000000006 0.051562500000000004
3 0.775 0.44062500000000004 0.125 0.1
3 0.9187500000000001 0.453125 0.0625 0.025
7 0.028125 0.19062500000000002 0.05625 0.1
3 0.94140625 0.19140625 0.06406250000000001 0.06406250000000001
