4 0.24296875 0.2484375 0.1859375 0.496875
3 0.28046875 0.09296875 0.060937500000000006 0.09843750000000001
7 0.4453125 0.7015625000000001 0.10312500000000001 0.1
7 0.34140625 0.3640625 0.1296875 0.140625
7 0.34687500000000004 0.59609375 0.1 0.1265625
7 0.525 0.6453125000000001 0.1 0.1125
7 0.65625 0.8656250000000001 0.171875 0.134375
7 0.6687500000000001 0.765625 0.14375000000000002 0.171875
7 0.7578125 0.8093750000000001 0.046875 0.065625
7 0.8359375 0.6781250000000001 0.053125000000000006 0.153125
4 0.5796875 0.18203125 0.1375 0.31093750000000003
3 0.6117187500000001 0.08125 0.029687500000000002 0.043750000000000004
4 0.3203125 0.8578125000000001 0.203125 0.18125000000000002
4 0.15546875000000002 0.546875 0.1046875 0.1375
