7 0.37109375 0.47265625 0.1234375 0.18906250000000002
4 0.39453125 0.53828125 0.1609375 0.1328125
7 0.56640625 0.47109375000000003 0.1796875 0.1328125
4 0.6609375000000001 0.6156250000000001 0.178125 0.146875
3 0.49062500000000003 0.6429687500000001 0.053125000000000006 0.0390625
7 0.10390625 0.27265625 0.1203125 0.1046875
7 0.055468750000000004 0.1453125 0.1015625 0.0625
7 0.23515625 0.3015625 0.08281250000000001 0.084375
7 0.21171875 0.19765625 0.060937500000000006 0.0578125
3 0.75546875 0.2734375 0.0421875 0.028125
3 0.8625 0.0703125 0.05625 0.043750000000000004
3 0.8859375 0.021875000000000002 0.065625 0.040625
3 0.8828125 0.246875 0.11875000000000001 0.059375000000000004
3 0.9031250000000001 0.19296875000000002 0.09062500000000001 0.026562500000000003
