7 0.029687500000000002 0.8890625000000001 0.059375000000000004 0.10312500000000001
7 0.0671875 0.75546875 0.134375 0.09843750000000001
7 0.09765625 0.6414062500000001 0.08281250000000001 0.0546875
7 0.37343750000000003 0.7359375 0.296875 0.240625
7 0.43515625 0.57421875 0.21406250000000002 0.0890625
7 0.63671875 0.40546875000000004 0.1796875 0.1234375
3 0.83984375 0.41484375 0.09843750000000001 0.11406250000000001
3 0.9625 0.38828125 0.07500000000000001 0.0734375
7 0.7953125000000001 0.9437500000000001 0.1375 0.07500000000000001
3 0.53828125 0.93515625 0.045312500000000006 0.0390625
3 0.9382812500000001 0.89375 0.1171875 0.09375
3 0.7585937500000001 0.75390625 0.035937500000000004 0.035937500000000004
3 0.02109375 0.578125 0.0421875 0.0625
3 0.08281250000000001 0.5320312500000001 0.09062500000000001 0.0859375
3 0.11328125 0.29921875000000003 0.2265625 0.11406250000000001
7 0.8210937500000001 0.25 0.06406250000000001 0.034375
3 0.86640625 0.8382812500000001 0.045312500000000006 0.0703125
