7 0.26875 0.44453125000000004 0.246875 0.0734375
7 0.44296875 0.3375 0.0734375 0.16562500000000002
7 0.34687500000000004 0.321875 0.14375000000000002 0.109375
7 0.3671875 0.5953125 0.18125000000000002 0.11875000000000001
7 0.42578125 0.52265625 0.08281250000000001 0.0421875
7 0.465625 0.59140625 0.10625000000000001 0.0671875
7 0.5125000000000001 0.46796875000000004 0.0625 0.0421875
7 0.5437500000000001 0.49296875 0.06875 0.0484375
7 0.5828125000000001 0.5632812500000001 0.115625 0.1171875
7 0.53359375 0.6429687500000001 0.0546875 0.026562500000000003
7 0.41640625000000003 0.72265625 0.19843750000000002 0.1546875
7 0.6218750000000001 0.734375 0.07500000000000001 0.1
7 0.6585937500000001 0.47734375 0.1203125 0.051562500000000004
7 0.64765625 0.44375000000000003 0.0765625 0.053125000000000006
7 0.7132812500000001 0.5125000000000001 0.07968750000000001 0.043750000000000004
7 0.8250000000000001 0.61328125 0.146875 0.16718750000000002
7 0.83984375 0.73984375 0.08281250000000001 0.0703125
7 0.80859375 0.8679687500000001 0.1015625 0.0765625
7 0.61484375 0.8640625000000001 0.15781250000000002 0.11875000000000001
