4 0.43125 0.63203125 0.23750000000000002 0.1015625
4 0.07109375 0.55859375 0.1421875 0.1484375
4 0.6671875 0.46328125000000003 0.20625000000000002 0.21406250000000002
4 0.88984375 0.375 0.1421875 0.18125000000000002
4 0.50625 0.08281250000000001 0.21875 0.096875
3 0.375 0.18281250000000002 0.09375 0.03125
3 0.54921875 0.13203125000000002 0.08281250000000001 0.0421875
3 0.5085937500000001 0.08281250000000001 0.026562500000000003 0.021875000000000002
3 0.4453125 0.09140625000000001 0.043750000000000004 0.0421875
3 0.46328125000000003 0.029687500000000002 0.0484375 0.03125
3 0.5593750000000001 0.025 0.07500000000000001 0.040625
3 0.41171875 0.5078125 0.0859375 0.065625
3 0.46718750000000003 0.44609375 0.034375 0.010937500000000001
7 0.43984375000000003 0.35234375 0.051562500000000004 0.0578125
7 0.32265625000000003 0.38359375 0.0703125 0.06406250000000001
4 0.13125 0.7046875 0.046875 0.0625
3 0.72265625 0.8929687500000001 0.045312500000000006 0.0390625
7 0.9632812500000001 0.70078125 0.035937500000000004 0.026562500000000003
3 0.225 0.8515625 0.115625 0.059375000000000004
3 0.35390625000000003 0.7312500000000001 0.0703125 0.0625
4 0.31640625 0.6781250000000001 0.09531250000000001 0.1625
4 0.5890625 0.6203125 0.134375 0.09375
