4 0.484375 0.27187500000000003 0.19062500000000002 0.08125
4 0.7953125000000001 0.33984375 0.40937500000000004 0.15156250000000002
4 0.49531250000000004 0.08828125 0.49062500000000003 0.16718750000000002
4 0.2078125 0.7734375 0.225 0.11875000000000001
4 0.16640625 0.3828125 0.13593750000000002 0.146875
4 0.14921875 0.93125 0.2546875 0.1375
4 0.78125 0.08125 0.353125 0.153125
4 0.95625 0.0890625 0.06875 0.15625
4 0.5984375000000001 0.59140625 0.24375000000000002 0.1953125
4 0.6218750000000001 0.7679687500000001 0.14375000000000002 0.1796875
