3 0.4921875 0.93671875 0.08750000000000001 0.1203125
3 0.5984375000000001 0.6742187500000001 0.13125 0.22031250000000002
3 0.8500000000000001 0.7375 0.29375 0.1625
3 0.8390625 0.6468750000000001 0.12812500000000002 0.07500000000000001
3 0.7250000000000001 0.49765625 0.12187500000000001 0.0890625
3 0.20078125000000002 0.2625 0.0546875 0.084375
3 0.31484375000000003 0.31015625 0.1484375 0.09843750000000001
3 0.45937500000000003 0.28515625 0.2625 0.09531250000000001
3 0.5593750000000001 0.18203125 0.140625 0.060937500000000006
3 0.7296875 0.30781250000000004 0.10312500000000001 0.078125
