4 0.5203125000000001 0.22421875000000002 0.503125 0.2515625
4 0.2703125 0.08359375000000001 0.209375 0.1078125
4 0.7312500000000001 0.45703125 0.39687500000000003 0.1421875
4 0.30078125 0.34296875000000004 0.2609375 0.3828125
3 0.17421875 0.6296875000000001 0.1171875 0.034375
3 0.06796875000000001 0.71484375 0.08281250000000001 0.0546875
3 0.26171875 0.7195312500000001 0.0734375 0.06406250000000001
3 0.35625 0.703125 0.096875 0.05
3 0.74765625 0.55234375 0.060937500000000006 0.045312500000000006
3 0.8140625 0.43281250000000004 0.07500000000000001 0.0625
3 0.08125 0.30703125000000003 0.07187500000000001 0.11406250000000001
4 0.1 0.45156250000000003 0.19062500000000002 0.19062500000000002
3 0.884375 0.21875 0.10312500000000001 0.07500000000000001
3 0.73359375 0.25078125 0.08281250000000001 0.1265625
3 0.58046875 0.19921875 0.1453125 0.11093750000000001
3 0.31640625 0.1296875 0.0578125 0.037500000000000006
3 0.446875 0.20234375000000002 0.053125000000000006 0.0421875
3 0.57265625 0.039843750000000004 0.2515625 0.0734375
7 0.06406250000000001 0.047656250000000004 0.1125 0.09531250000000001
4 0.9007812500000001 0.33203125 0.1953125 0.1328125
