7 0.5710937500000001 0.1859375 0.34218750000000003 0.31875000000000003
7 0.7156250000000001 0.42109375000000004 0.14375000000000002 0.18281250000000002
7 0.48828125 0.3984375 0.20468750000000002 0.35000000000000003
7 0.278125 0.38203125000000004 0.10312500000000001 0.11406250000000001
7 0.18906250000000002 0.63828125 0.140625 0.22031250000000002
7 0.2765625 0.72578125 0.059375000000000004 0.0859375
7 0.41015625 0.66953125 0.1171875 0.1296875
7 0.6546875000000001 0.56875 0.109375 0.1125
7 0.7054687500000001 0.7921875 0.13593750000000002 0.140625
7 0.6218750000000001 0.74375 0.08750000000000001 0.078125
7 0.60078125 0.82421875 0.0859375 0.08281250000000001
7 0.15000000000000002 0.375 0.08125 0.11875000000000001
