3 0.09609375 0.140625 0.035937500000000004 0.021875000000000002
3 0.1375 0.1640625 0.03125 0.018750000000000003
3 0.11953125 0.2484375 0.026562500000000003 0.021875000000000002
3 0.18203125 0.2765625 0.0578125 0.025
3 0.2234375 0.2671875 0.043750000000000004 0.025
3 0.32421875 0.19609375 0.0140625 0.0203125
3 0.31640625 0.30234375 0.029687500000000002 0.0171875
3 0.47968750000000004 0.017968750000000002 0.021875000000000002 0.035937500000000004
3 0.45 0.15781250000000002 0.028125 0.03125
3 0.6742187500000001 0.2765625 0.035937500000000004 0.025
3 0.59296875 0.3609375 0.029687500000000002 0.018750000000000003
3 0.6015625 0.40156250000000004 0.028125 0.018750000000000003
3 0.5671875000000001 0.390625 0.025 0.018750000000000003
3 0.5734375 0.43359375 0.028125 0.0203125
3 0.39687500000000003 0.33906250000000004 0.025 0.025
3 0.35078125000000004 0.44843750000000004 0.026562500000000003 0.028125
3 0.3765625 0.45937500000000003 0.015625 0.009375000000000001
7 0.225 0.52265625 0.034375 0.026562500000000003
3 0.15078125 0.53359375 0.035937500000000004 0.0390625
3 0.44375000000000003 0.5375 0.034375 0.034375
3 0.48125 0.51875 0.03125 0.025
3 0.45625000000000004 0.62265625 0.028125 0.026562500000000003
3 0.5546875 0.6468750000000001 0.015625 0.021875000000000002
3 0.6000000000000001 0.6640625 0.028125 0.025
3 0.59921875 0.61640625 0.026562500000000003 0.0171875
3 0.625 0.6585937500000001 0.018750000000000003 0.0234375
7 0.72578125 0.540625 0.0390625 0.05625
7 0.8125 0.5953125 0.040625 0.025
3 0.7132812500000001 0.6156250000000001 0.0421875 0.03125
3 0.7406250000000001 0.65390625 0.018750000000000003 0.0234375
3 0.7484375000000001 0.6117187500000001 0.0125 0.0203125
3 0.78515625 0.41171875 0.0171875 0.0203125
3 0.8109375000000001 0.45546875000000003 0.0125 0.029687500000000002
3 0.434375 0.48828125 0.05 0.0078125
3 0.53671875 0.5140625 0.0203125 0.025
3 0.5750000000000001 0.5703125 0.021875000000000002 0.021875000000000002
3 0.5710937500000001 0.47265625 0.0203125 0.0203125
4 0.7289062500000001 0.046875 0.0328125 0.040625
3 0.8929687500000001 0.12734375 0.0328125 0.010937500000000001
3 0.9890625000000001 0.278125 0.021875000000000002 0.05
7 0.81015625 0.31484375000000003 0.045312500000000006 0.0328125
3 0.690625 0.32890625 0.037500000000000006 0.0203125
3 0.9398437500000001 0.5945312500000001 0.0140625 0.029687500000000002
3 0.9046875000000001 0.6296875000000001 0.028125 0.018750000000000003
7 0.8968750000000001 0.6585937500000001 0.05 0.0328125
7 0.6625000000000001 0.7046875 0.046875 0.03125
7 0.92109375 0.6726562500000001 0.0390625 0.0328125
7 0.9656250000000001 0.66328125 0.046875 0.0484375
7 0.87890625 0.69296875 0.0546875 0.0140625
7 0.8640625000000001 0.70703125 0.037500000000000006 0.0203125
7 0.95234375 0.7109375 0.0234375 0.034375
7 0.9890625000000001 0.7039062500000001 0.021875000000000002 0.029687500000000002
7 0.984375 0.6453125000000001 0.03125 0.034375
7 0.83125 0.52265625 0.043750000000000004 0.0328125
3 0.6820312500000001 0.64609375 0.0234375 0.0390625
3 0.6843750000000001 0.5398437500000001 0.025 0.026562500000000003
7 0.6765625000000001 0.50234375 0.03125 0.0171875
