4 0.87109375 0.4734375 0.2578125 0.384375
4 0.32890625 0.49843750000000003 0.44843750000000004 0.30000000000000004
3 0.83125 0.5203125000000001 0.07500000000000001 0.078125
3 0.92890625 0.5125000000000001 0.1015625 0.037500000000000006
3 0.97578125 0.6039062500000001 0.0484375 0.1171875
3 0.9234375 0.22578125000000002 0.0625 0.0765625
3 0.45625000000000004 0.27890625 0.1375 0.1296875
3 0.46171875 0.21484375 0.3828125 0.11406250000000001
3 0.38125000000000003 0.1015625 0.45625000000000004 0.134375
3 0.65625 0.12812500000000002 0.05625 0.059375000000000004
3 0.665625 0.07187500000000001 0.043750000000000004 0.046875
3 0.7953125000000001 0.09921875000000001 0.1125 0.0703125
3 0.85859375 0.03359375 0.1390625 0.0671875
3 0.1953125 0.23046875 0.13125 0.08281250000000001
3 0.017968750000000002 0.41875 0.035937500000000004 0.043750000000000004
3 0.004687500000000001 0.5296875 0.009375000000000001 0.065625
3 0.65546875 0.55 0.0203125 0.059375000000000004
3 0.6335937500000001 0.63828125 0.0390625 0.029687500000000002
3 0.6296875000000001 0.696875 0.03125 0.043750000000000004
3 0.02109375 0.16171875000000002 0.0421875 0.07968750000000001
3 0.446875 0.00625 0.053125000000000006 0.0125
