7 0.24609375 0.58125 0.1046875 0.140625
7 0.32343750000000004 0.7195312500000001 0.134375 0.1796875
7 0.35000000000000003 0.53515625 0.07500000000000001 0.1015625
7 0.171875 0.43828125 0.184375 0.2671875
7 0.52578125 0.51953125 0.2859375 0.3984375
7 0.33359375 0.44453125000000004 0.1390625 0.1921875
7 0.46328125000000003 0.37421875000000004 0.2171875 0.31093750000000003
3 0.59609375 0.20546875 0.23593750000000002 0.3296875
3 0.6960937500000001 0.32343750000000004 0.1015625 0.12812500000000002
3 0.7445312500000001 0.24609375 0.0578125 0.0734375
7 0.31328125 0.25234375000000003 0.1609375 0.2265625
