3 0.27578125000000003 0.7109375 0.08281250000000001 0.05625
3 0.29531250000000003 0.86484375 0.1125 0.0765625
6 0.5750000000000001 0.6351562500000001 0.309375 0.2109375
6 0.54296875 0.42109375000000004 0.23593750000000002 0.18906250000000002
6 0.48125 0.5085937500000001 0.08750000000000001 0.06406250000000001
6 0.45 0.50625 0.059375000000000004 0.043750000000000004
6 0.5515625000000001 0.5078125 0.14375000000000002 0.125
6 0.40156250000000004 0.41015625 0.19062500000000002 0.17343750000000002
3 0.44140625 0.3765625 0.060937500000000006 0.05
6 0.5437500000000001 0.7585937500000001 0.27187500000000003 0.1859375
6 0.12734375 0.5 0.15781250000000002 0.109375
3 0.83515625 0.72265625 0.060937500000000006 0.0421875
