7 0.246875 0.6742187500000001 0.178125 0.2546875
7 0.540625 0.47578125000000004 0.21250000000000002 0.1203125
7 0.6421875 0.58203125 0.115625 0.0671875
7 0.58203125 0.05234375 0.1015625 0.1015625
7 0.546875 0.2625 0.1 0.125
7 0.94453125 0.7273437500000001 0.11093750000000001 0.22968750000000002
7 0.878125 0.534375 0.040625 0.09375
7 0.9632812500000001 0.48984375 0.06406250000000001 0.0578125
7 0.7406250000000001 0.7312500000000001 0.078125 0.10312500000000001
3 0.58203125 0.6429687500000001 0.0765625 0.0484375
3 0.032031250000000004 0.93671875 0.029687500000000002 0.051562500000000004
3 0.0484375 0.9617187500000001 0.028125 0.035937500000000004
3 0.3328125 0.95703125 0.05 0.06406250000000001
7 0.11484375000000001 0.69453125 0.06406250000000001 0.1296875
7 0.05234375 0.25546875 0.0546875 0.1328125
