3 0.8421875000000001 0.35546875 0.140625 0.2828125
3 0.53125 0.7117187500000001 0.0625 0.1203125
3 0.6101562500000001 0.6218750000000001 0.11406250000000001 0.234375
3 0.7562500000000001 0.7578125 0.09062500000000001 0.084375
3 0.5359375000000001 0.8851562500000001 0.11875000000000001 0.09531250000000001
2 0.58046875 0.87265625 0.045312500000000006 0.0859375
2 0.55 0.946875 0.096875 0.053125000000000006
2 0.78828125 0.66796875 0.1328125 0.1296875
3 0.90390625 0.9539062500000001 0.0546875 0.0921875
3 0.9734375000000001 0.10234375000000001 0.053125000000000006 0.1046875
3 0.18671875000000002 0.7171875000000001 0.060937500000000006 0.09375
3 0.1546875 0.5390625 0.084375 0.146875
3 0.75 0.9109375000000001 0.053125000000000006 0.07500000000000001
2 0.55390625 0.4453125 0.0484375 0.12187500000000001
