3 0.08359375000000001 0.07500000000000001 0.0921875 0.05625
3 0.03515625 0.29453125 0.0703125 0.0484375
3 0.0625 0.27890625 0.053125000000000006 0.0203125
3 0.0921875 0.625 0.1125 0.08750000000000001
3 0.178125 0.496875 0.09062500000000001 0.046875
3 0.12734375 0.42812500000000003 0.2171875 0.09375
3 0.1171875 0.925 0.10625000000000001 0.07500000000000001
3 0.9617187500000001 0.7468750000000001 0.0671875 0.07187500000000001
3 0.75 0.7265625 0.08125 0.05625
3 0.81796875 0.8140625 0.1484375 0.07187500000000001
3 0.9539062500000001 0.8640625000000001 0.07968750000000001 0.134375
3 0.9546875 0.41953125 0.05 0.045312500000000006
3 0.55 0.7296875 0.11875000000000001 0.065625
3 0.4609375 0.83515625 0.05 0.09531250000000001
3 0.340625 0.95078125 0.109375 0.09531250000000001
3 0.31953125000000004 0.8343750000000001 0.0765625 0.037500000000000006
3 0.390625 0.5320312500000001 0.059375000000000004 0.07968750000000001
3 0.7718750000000001 0.43515625 0.06875 0.051562500000000004
3 0.39453125 0.3875 0.1015625 0.053125000000000006
3 0.18515625000000002 0.34453125 0.19843750000000002 0.060937500000000006
3 0.7835937500000001 0.9031250000000001 0.0703125 0.040625
3 0.7765625 0.9437500000000001 0.059375000000000004 0.05
