7 0.4453125 0.1453125 0.265625 0.290625
7 0.2484375 0.22265625 0.09375 0.1203125
7 0.43046875 0.22734375 0.09531250000000001 0.1296875
7 0.3484375 0.253125 0.07500000000000001 0.10312500000000001
7 0.3796875 0.3140625 0.07500000000000001 0.09375
7 0.4234375 0.36953125000000003 0.08125 0.1015625
7 0.62109375 0.40468750000000003 0.09843750000000001 0.140625
7 0.71640625 0.44375000000000003 0.1078125 0.153125
7 0.7015625000000001 0.59140625 0.19375 0.2671875
7 0.484375 0.6375000000000001 0.140625 0.18125000000000002
7 0.2484375 0.14453125 0.08125 0.1015625
7 0.33906250000000004 0.1375 0.05625 0.07500000000000001
7 0.23203125000000002 0.39687500000000003 0.0703125 0.09062500000000001
3 0.703125 0.7523437500000001 0.040625 0.0546875
3 0.5906250000000001 0.5140625 0.12187500000000001 0.171875
3 0.61640625 0.6843750000000001 0.0765625 0.10312500000000001
3 0.9304687500000001 0.6492187500000001 0.1390625 0.2546875
