7 0.18671875000000002 0.5828125000000001 0.16718750000000002 0.203125
7 0.39921875 0.815625 0.1703125 0.259375
7 0.46015625000000004 0.6140625000000001 0.15156250000000002 0.18125000000000002
7 0.39609375 0.321875 0.1921875 0.26875
7 0.13828125 0.184375 0.1421875 0.203125
7 0.25703125 0.21250000000000002 0.1390625 0.19687500000000002
7 0.31328125 0.0328125 0.06406250000000001 0.065625
7 0.37109375 0.10312500000000001 0.0671875 0.08750000000000001
3 0.7921875 0.14765625000000002 0.028125 0.0484375
3 0.75 0.19765625 0.0625 0.1265625
7 0.29921875000000003 0.49843750000000003 0.0890625 0.09062500000000001
7 0.36328125 0.56640625 0.060937500000000006 0.0734375
