3 0.7875000000000001 0.41250000000000003 0.146875 0.084375
3 0.65234375 0.36328125 0.1640625 0.0765625
3 0.6828125 0.40468750000000003 0.059375000000000004 0.028125
3 0.94921875 0.35546875 0.1015625 0.1203125
3 0.9617187500000001 0.21796875000000002 0.0765625 0.0671875
7 0.83125 0.6109375 0.3375 0.22187500000000002
7 0.9343750000000001 0.7296875 0.13125 0.12812500000000002
3 0.8132812500000001 0.7781250000000001 0.1609375 0.09375
3 0.6734375 0.7835937500000001 0.096875 0.0734375
3 0.44140625 0.25859375 0.1265625 0.08281250000000001
7 0.2734375 0.59375 0.1 0.07500000000000001
7 0.38515625000000003 0.53515625 0.1640625 0.1203125
3 0.5515625000000001 0.6937500000000001 0.065625 0.05
3 0.634375 0.7250000000000001 0.12812500000000002 0.10312500000000001
4 0.7914062500000001 0.36328125 0.41718750000000004 0.3609375
4 0.84765625 0.6429687500000001 0.3046875 0.3484375
4 0.7515625 0.53671875 0.109375 0.1015625
4 0.6687500000000001 0.12578125 0.23125 0.1234375
4 0.44140625 0.25546875 0.2015625 0.1453125
3 0.3203125 0.24453125 0.05 0.0484375
3 0.46796875000000004 0.3296875 0.1015625 0.06875
7 0.16640625 0.7132812500000001 0.11093750000000001 0.09843750000000001
4 0.9546875 0.06953125 0.09062500000000001 0.09531250000000001
4 0.88984375 0.09375 0.1453125 0.11875000000000001
4 0.92578125 0.16796875 0.1484375 0.11093750000000001
4 0.10546875 0.6921875000000001 0.2109375 0.19062500000000002
4 0.09062500000000001 0.91796875 0.13125 0.1046875
4 0.184375 0.49765625 0.115625 0.1265625
