3 0.8851562500000001 0.3984375 0.051562500000000004 0.0625
3 0.95078125 0.33203125 0.0484375 0.0421875
3 0.23671875 0.1046875 0.0328125 0.043750000000000004
3 0.19453125000000002 0.09296875 0.035937500000000004 0.0671875
3 0.178125 0.19609375 0.07187500000000001 0.0546875
4 0.6101562500000001 0.18828125 0.4609375 0.20468750000000002
3 0.43828125 0.2609375 0.0734375 0.043750000000000004
3 0.45234375000000004 0.20234375000000002 0.0421875 0.026562500000000003
3 0.36875 0.48125 0.05625 0.07500000000000001
3 0.5234375 0.51953125 0.046875 0.0578125
3 0.46484375 0.57578125 0.0421875 0.026562500000000003
4 0.5320312500000001 0.634375 0.3765625 0.16875
3 0.45234375000000004 0.665625 0.0390625 0.040625
3 0.35234375 0.6023437500000001 0.09531250000000001 0.0390625
3 0.21796875000000002 0.61328125 0.026562500000000003 0.0234375
3 0.23046875 0.51328125 0.0546875 0.0671875
3 0.184375 0.45703125 0.043750000000000004 0.0390625
3 0.7000000000000001 0.8875000000000001 0.043750000000000004 0.053125000000000006
3 0.10859375 0.553125 0.0328125 0.043750000000000004
3 0.25625000000000003 0.35781250000000003 0.07500000000000001 0.025
3 0.23125 0.384375 0.037500000000000006 0.040625
