4 0.40234375 0.6882812500000001 0.5515625000000001 0.1703125
4 0.18515625000000002 0.6351562500000001 0.37031250000000004 0.1703125
4 0.7109375 0.8859375 0.34375 0.22812500000000002
4 0.29296875 0.9609375 0.3140625 0.078125
3 0.23515625 0.98203125 0.07968750000000001 0.035937500000000004
3 0.7351562500000001 0.9242187500000001 0.1546875 0.1453125
3 0.05078125 0.63671875 0.1015625 0.0765625
3 0.22265625 0.7015625000000001 0.15156250000000002 0.10312500000000001
3 0.46406250000000004 0.7156250000000001 0.28750000000000003 0.096875
4 0.3046875 0.11796875000000001 0.534375 0.23593750000000002
3 0.049218750000000006 0.017968750000000002 0.09843750000000001 0.035937500000000004
3 0.40390625 0.08281250000000001 0.24531250000000002 0.1375
