3 0.371875 0.9875 0.07187500000000001 0.025
3 0.58984375 0.68125 0.0421875 0.025
3 0.7296875 0.6039062500000001 0.046875 0.060937500000000006
3 0.34140625 0.515625 0.07968750000000001 0.059375000000000004
3 0.0328125 0.12890625 0.065625 0.051562500000000004
3 0.21796875000000002 0.11484375000000001 0.1390625 0.0859375
3 0.98828125 0.25625000000000003 0.0234375 0.06875
3 0.43125 0.1078125 0.13125 0.109375
3 0.55625 0.4375 0.10312500000000001 0.09062500000000001
3 0.6375000000000001 0.1265625 0.034375 0.028125
