3 0.6359375 0.2515625 0.1375 0.059375000000000004
4 0.8445312500000001 0.37031250000000004 0.3046875 0.240625
3 0.54296875 0.146875 0.0859375 0.08125
3 0.4453125 0.31015625 0.1375 0.1484375
3 0.3984375 0.63671875 0.09062500000000001 0.0859375
7 0.4078125 0.58984375 0.15000000000000002 0.1078125
3 0.8500000000000001 0.76171875 0.10312500000000001 0.0734375
3 0.73203125 0.7640625000000001 0.1046875 0.037500000000000006
3 0.8203125 0.14296875 0.059375000000000004 0.0765625
3 0.9375 0.2015625 0.11875000000000001 0.07500000000000001
3 0.325 0.38515625000000003 0.06875 0.029687500000000002
3 0.17734375000000002 0.51171875 0.1046875 0.045312500000000006
3 0.03671875 0.2 0.0390625 0.040625
3 0.29609375 0.29453125 0.0671875 0.1203125
3 0.215625 0.30781250000000004 0.09062500000000001 0.15625
3 0.15000000000000002 0.215625 0.15937500000000002 0.11875000000000001
3 0.15000000000000002 0.44765625000000003 0.043750000000000004 0.0171875
3 0.6335937500000001 0.353125 0.060937500000000006 0.037500000000000006
