7 0.25625000000000003 0.23515625 0.328125 0.22968750000000002
3 0.3140625 0.31015625 0.06875 0.045312500000000006
7 0.015625 0.45859375 0.03125 0.09843750000000001
7 0.59765625 0.5140625 0.1015625 0.178125
4 0.06484375 0.60546875 0.1296875 0.20468750000000002
4 0.4890625 0.76484375 0.42812500000000003 0.09531250000000001
4 0.9671875000000001 0.4734375 0.065625 0.28125
3 0.97421875 0.2578125 0.045312500000000006 0.034375
3 0.99609375 0.225 0.0078125 0.015625
7 0.5281250000000001 0.321875 0.0625 0.053125000000000006
7 0.24296875 0.5242187500000001 0.27968750000000003 0.15156250000000002
