3 0.38359375 0.4078125 0.035937500000000004 0.040625
3 0.46406250000000004 0.6078125000000001 0.17500000000000002 0.140625
6 0.42578125 0.54921875 0.31093750000000003 0.3515625
6 0.84140625 0.6734375 0.2390625 0.240625
6 0.14140625 0.7250000000000001 0.1765625 0.17500000000000002
6 0.06953125 0.92734375 0.1390625 0.11093750000000001
3 0.037500000000000006 0.9593750000000001 0.07500000000000001 0.03125
3 0.21875 0.95703125 0.05 0.029687500000000002
3 0.21015625000000002 0.9085937500000001 0.0421875 0.0328125
3 0.26953125 0.77890625 0.06406250000000001 0.0328125
3 0.39375000000000004 0.7625000000000001 0.05 0.03125
6 0.5859375 0.81171875 0.109375 0.1390625
