3 0.18359375 0.33828125000000003 0.11406250000000001 0.09843750000000001
3 0.15781250000000002 0.21875 0.10625000000000001 0.109375
3 0.43203125000000003 0.64453125 0.0578125 0.0734375
3 0.1015625 0.703125 0.09375 0.1125
3 0.54609375 0.6953125 0.0859375 0.06875
3 0.6843750000000001 0.5390625 0.07500000000000001 0.046875
3 0.8132812500000001 0.5171875 0.1265625 0.1125
3 0.7523437500000001 0.6671875 0.0546875 0.037500000000000006
3 0.21328125 0.8445312500000001 0.0859375 0.0578125
3 0.20546875 0.93515625 0.0546875 0.0546875
4 0.2734375 0.9750000000000001 0.15000000000000002 0.05
3 0.309375 0.4890625 0.115625 0.065625
3 0.56484375 0.46953125 0.06406250000000001 0.0421875
3 0.7875000000000001 0.35625 0.07500000000000001 0.053125000000000006
3 0.56484375 0.30625 0.1703125 0.096875
3 0.54453125 0.37343750000000003 0.0890625 0.0625
7 0.6312500000000001 0.065625 0.23125 0.13125
7 0.40234375 0.284375 0.37031250000000004 0.375
