7 0.371875 0.87265625 0.171875 0.1265625
7 0.9046875000000001 0.76484375 0.19062500000000002 0.15156250000000002
7 0.58359375 0.92734375 0.1953125 0.1453125
7 0.42265625 0.96015625 0.07968750000000001 0.07968750000000001
7 0.29921875000000003 0.6296875000000001 0.1171875 0.125
7 0.57578125 0.75 0.0890625 0.09062500000000001
7 0.5671875000000001 0.58203125 0.12812500000000002 0.0703125
4 0.1875 0.3359375 0.203125 0.09375
7 0.2 0.39296875000000003 0.10625000000000001 0.0390625
4 0.25625000000000003 0.6703125000000001 0.21875 0.275
4 0.5789062500000001 0.5859375 0.18281250000000002 0.09062500000000001
4 0.88203125 0.7585937500000001 0.23593750000000002 0.18906250000000002
4 0.57578125 0.9125000000000001 0.2328125 0.17500000000000002
