5 0.71796875 0.051562500000000004 0.1953125 0.10312500000000001
5 0.08671875000000001 0.49843750000000003 0.1453125 0.10625000000000001
5 0.7507812500000001 0.29765625 0.2578125 0.21406250000000002
5 0.9750000000000001 0.37734375000000003 0.05 0.1859375
5 0.9359375000000001 0.484375 0.12812500000000002 0.11875000000000001
5 0.7734375 0.42812500000000003 0.11875000000000001 0.084375
5 0.61328125 0.415625 0.3140625 0.23750000000000002
5 0.5203125000000001 0.5640625 0.25 0.19062500000000002
3 0.21328125 0.41640625000000003 0.15156250000000002 0.11093750000000001
3 0.36171875000000003 0.38046875 0.1171875 0.0859375
3 0.5078125 0.049218750000000006 0.15937500000000002 0.09843750000000001
3 0.19687500000000002 0.571875 0.140625 0.1
3 0.1078125 0.8734375000000001 0.134375 0.10625000000000001
5 0.67734375 0.7015625000000001 0.24531250000000002 0.19062500000000002
5 0.6609375000000001 0.521875 0.1125 0.084375
5 0.8093750000000001 0.54921875 0.14375000000000002 0.09843750000000001
3 0.31093750000000003 0.48125 0.05625 0.040625
3 0.61640625 0.82421875 0.08281250000000001 0.0578125
3 0.2828125 0.63984375 0.096875 0.0734375
