3 0.9265625000000001 0.059375000000000004 0.140625 0.07500000000000001
3 0.9453125 0.23203125000000002 0.109375 0.07968750000000001
7 0.87109375 0.20625000000000002 0.0546875 0.065625
7 0.94453125 0.19453125000000002 0.0390625 0.0203125
7 0.81171875 0.15078125 0.09843750000000001 0.0390625
3 0.7367187500000001 0.2609375 0.0578125 0.065625
3 0.8539062500000001 0.43281250000000004 0.11093750000000001 0.084375
3 0.9421875000000001 0.44062500000000004 0.078125 0.059375000000000004
3 0.515625 0.47421875 0.0625 0.0484375
3 0.571875 0.53671875 0.0625 0.0859375
3 0.5906250000000001 0.46328125000000003 0.043750000000000004 0.0390625
3 0.521875 0.38593750000000004 0.10625000000000001 0.03125
3 0.5242187500000001 0.296875 0.0703125 0.043750000000000004
3 0.59609375 0.2625 0.035937500000000004 0.046875
3 0.43828125 0.2625 0.0734375 0.040625
3 0.47890625000000003 0.06875 0.051562500000000004 0.05625
3 0.17500000000000002 0.34218750000000003 0.05625 0.037500000000000006
3 0.1375 0.37578125 0.034375 0.0203125
3 0.14453125 0.44375000000000003 0.060937500000000006 0.05625
3 0.22812500000000002 0.5640625 0.10312500000000001 0.096875
3 0.31562500000000004 0.603125 0.096875 0.15625
3 0.45234375000000004 0.5015625 0.0421875 0.05
3 0.5140625 0.5390625 0.134375 0.125
3 0.6468750000000001 0.5671875000000001 0.09375 0.078125
3 0.06015625 0.9234375 0.1203125 0.065625
3 0.7078125000000001 0.9617187500000001 0.021875000000000002 0.0671875
3 0.60078125 0.953125 0.1296875 0.05
3 0.921875 0.8250000000000001 0.046875 0.037500000000000006
3 0.9265625000000001 0.6664062500000001 0.034375 0.0421875
3 0.9812500000000001 0.5703125 0.028125 0.034375
3 0.9703125 0.6195312500000001 0.040625 0.045312500000000006
3 0.6218750000000001 0.628125 0.096875 0.034375
3 0.03359375 0.6062500000000001 0.0671875 0.065625
3 0.0234375 0.5390625 0.034375 0.028125
3 0.08671875000000001 0.36328125 0.0390625 0.029687500000000002
3 0.2 0.07578125000000001 0.09375 0.0546875
3 0.1234375 0.17578125 0.059375000000000004 0.0546875
3 0.42890625000000004 0.35078125000000004 0.060937500000000006 0.0890625
