7 0.28515625 0.07578125000000001 0.1015625 0.1484375
7 0.36171875000000003 0.12734375 0.0390625 0.0921875
7 0.44140625 0.06953125 0.0578125 0.0890625
7 0.640625 0.035937500000000004 0.10312500000000001 0.06875
7 0.7117187500000001 0.14296875 0.3171875 0.18281250000000002
7 0.24453125 0.45 0.18906250000000002 0.11875000000000001
7 0.3765625 0.578125 0.1625 0.07500000000000001
7 0.3984375 0.665625 0.15937500000000002 0.1875
7 0.7914062500000001 0.45546875000000003 0.2390625 0.1453125
3 0.11171875 0.96796875 0.07968750000000001 0.0171875
7 0.47968750000000004 0.84296875 0.040625 0.08281250000000001
7 0.52109375 0.8125 0.0703125 0.05625
7 0.5750000000000001 0.8203125 0.059375000000000004 0.07500000000000001
3 0.65546875 0.7351562500000001 0.0546875 0.0234375
