7 0.4734375 0.65625 0.203125 0.22812500000000002
3 0.3609375 0.75 0.10625000000000001 0.109375
7 0.60859375 0.43203125000000003 0.07968750000000001 0.1328125
3 0.5632812500000001 0.240625 0.07968750000000001 0.07500000000000001
7 0.7585937500000001 0.140625 0.0734375 0.12812500000000002
3 0.7468750000000001 0.3203125 0.046875 0.05
7 0.8812500000000001 0.209375 0.05625 0.065625
7 0.6507812500000001 0.18906250000000002 0.0703125 0.26875
7 0.8289062500000001 0.7625000000000001 0.1015625 0.1125
7 0.8601562500000001 0.5421875 0.15156250000000002 0.12187500000000001
3 0.9578125000000001 0.5164062500000001 0.028125 0.0671875
3 0.15625 0.4703125 0.08750000000000001 0.19062500000000002
