7 0.2515625 0.1875 0.13125 0.12812500000000002
7 0.35703125 0.046875 0.11406250000000001 0.09375
3 0.29453125 0.06328125 0.0703125 0.0390625
3 0.31875000000000003 0.10625000000000001 0.053125000000000006 0.034375
7 0.5 0.34609375000000003 0.22812500000000002 0.3046875
7 0.42734375 0.4625 0.1171875 0.19375
7 0.5789062500000001 0.1875 0.1546875 0.31562500000000004
7 0.8859375 0.40937500000000004 0.22812500000000002 0.23750000000000002
7 0.6625000000000001 0.6726562500000001 0.22812500000000002 0.3203125
7 0.94140625 0.70078125 0.09843750000000001 0.1921875
7 0.9695312500000001 0.90390625 0.060937500000000006 0.1921875
3 0.68359375 0.98203125 0.1390625 0.035937500000000004
