3 0.53125 0.021875000000000002 0.053125000000000006 0.043750000000000004
3 0.4265625 0.03359375 0.08750000000000001 0.0671875
3 0.2515625 0.040625 0.084375 0.08125
3 0.83984375 0.2171875 0.0671875 0.05
3 0.7765625 0.34765625 0.09062500000000001 0.1390625
3 0.26406250000000003 0.784375 0.125 0.09062500000000001
3 0.7039062500000001 0.8453125 0.035937500000000004 0.0625
3 0.67109375 0.8539062500000001 0.026562500000000003 0.0890625
3 0.09062500000000001 0.6453125000000001 0.021875000000000002 0.1
3 0.0546875 0.6359375 0.028125 0.06875
3 0.50703125 0.978125 0.0390625 0.043750000000000004
