3 0.45859375 0.71875 0.1046875 0.15000000000000002
3 0.35859375000000004 0.61484375 0.06406250000000001 0.0765625
3 0.46015625000000004 0.6015625 0.0734375 0.07187500000000001
3 0.7015625000000001 0.5671875000000001 0.12812500000000002 0.08750000000000001
3 0.3046875 0.2546875 0.16562500000000002 0.078125
3 0.43671875000000004 0.209375 0.08281250000000001 0.05625
3 0.88828125 0.14765625000000002 0.0578125 0.1078125
3 0.96640625 0.045312500000000006 0.051562500000000004 0.059375000000000004
4 0.9617187500000001 0.696875 0.0765625 0.096875
4 0.9109375000000001 0.79453125 0.09375 0.0546875
3 0.6843750000000001 0.3125 0.034375 0.034375
