5 0.45625000000000004 0.15937500000000002 0.11875000000000001 0.209375
5 0.065625 0.16484375 0.13125 0.09531250000000001
4 0.31328125 0.5296875 0.21406250000000002 0.253125
4 0.48515625 0.6531250000000001 0.15156250000000002 0.246875
4 0.45546875000000003 0.8078125 0.2109375 0.1875
5 0.34687500000000004 0.15234375 0.1 0.13593750000000002
5 0.26875 0.08515625 0.1375 0.15156250000000002
5 0.48671875000000003 0.93671875 0.13593750000000002 0.1265625
5 0.7429687500000001 0.49375 0.1078125 0.13125
4 0.8515625 0.5398437500000001 0.11875000000000001 0.1609375
3 0.115625 0.32421875 0.07500000000000001 0.035937500000000004
3 0.0546875 0.34687500000000004 0.028125 0.065625
3 0.2484375 0.7445312500000001 0.059375000000000004 0.09531250000000001
3 0.1296875 0.45546875000000003 0.034375 0.0484375
3 0.290625 0.5875 0.096875 0.125
3 0.3125 0.48750000000000004 0.046875 0.043750000000000004
3 0.56796875 0.5437500000000001 0.0890625 0.09062500000000001
3 0.7664062500000001 0.5421875 0.0546875 0.053125000000000006
4 0.84140625 0.33125000000000004 0.1453125 0.21250000000000002
3 0.6781250000000001 0.21796875000000002 0.040625 0.09531250000000001
3 0.7914062500000001 0.33125000000000004 0.051562500000000004 0.059375000000000004
3 0.8718750000000001 0.32421875 0.028125 0.0484375
3 0.8539062500000001 0.53046875 0.045312500000000006 0.0859375
3 0.8640625000000001 0.8078125 0.021875000000000002 0.037500000000000006
3 0.022656250000000003 0.95703125 0.0390625 0.0859375
