5 0.43281250000000004 0.44921875 0.14375000000000002 0.1453125
5 0.55390625 0.41484375 0.1078125 0.1203125
5 0.36796875 0.54609375 0.1640625 0.0890625
5 0.45390625 0.58203125 0.1328125 0.1171875
5 0.52890625 0.6125 0.1203125 0.20625000000000002
5 0.6023437500000001 0.5632812500000001 0.0734375 0.1390625
3 0.16640625 0.17734375000000002 0.0234375 0.0484375
4 0.6375000000000001 0.31953125000000004 0.05625 0.18906250000000002
3 0.63203125 0.240625 0.0171875 0.025
3 0.63984375 0.3796875 0.0234375 0.053125000000000006
3 0.51484375 0.31328125 0.0203125 0.026562500000000003
3 0.6234375000000001 0.3921875 0.021875000000000002 0.034375
3 0.8109375000000001 0.79296875 0.08125 0.0734375
3 0.8914062500000001 0.91953125 0.0171875 0.0546875
3 0.97421875 0.89375 0.0484375 0.0625
