3 0.57421875 0.79296875 0.07968750000000001 0.1203125
3 0.7054687500000001 0.84296875 0.0390625 0.06406250000000001
3 0.5046875000000001 0.43671875000000004 0.037500000000000006 0.0859375
3 0.38906250000000003 0.07890625000000001 0.05625 0.0703125
3 0.28984375 0.384375 0.060937500000000006 0.13125
3 0.3296875 0.34765625 0.025 0.0671875
7 0.70859375 0.24296875 0.11406250000000001 0.1171875
3 0.65234375 0.004687500000000001 0.026562500000000003 0.009375000000000001
7 0.85078125 0.4421875 0.0546875 0.134375
3 0.8625 0.51484375 0.034375 0.0234375
7 0.78046875 0.22421875000000002 0.0390625 0.0390625
3 0.33984375 0.66796875 0.0578125 0.0578125
3 0.3828125 0.6273437500000001 0.034375 0.0328125
