3 0.16484375 0.16718750000000002 0.0578125 0.034375
3 0.11484375000000001 0.20468750000000002 0.051562500000000004 0.018750000000000003
7 0.15703125 0.22421875000000002 0.1953125 0.035937500000000004
7 0.36562500000000003 0.24765625000000002 0.29375 0.060937500000000006
7 0.33046875000000003 0.51953125 0.1078125 0.09843750000000001
7 0.1078125 0.44375000000000003 0.21250000000000002 0.16875
7 0.15546875000000002 0.32265625000000003 0.060937500000000006 0.0578125
7 0.215625 0.25859375 0.053125000000000006 0.029687500000000002
7 0.25 0.28750000000000003 0.096875 0.043750000000000004
7 0.30781250000000004 0.4375 0.084375 0.059375000000000004
7 0.33515625000000004 0.38203125000000004 0.0421875 0.0390625
7 0.5 0.36171875000000003 0.1875 0.060937500000000006
7 0.5828125000000001 0.42421875000000003 0.078125 0.060937500000000006
7 0.7265625 0.45625000000000004 0.10625000000000001 0.08125
7 0.8289062500000001 0.5421875 0.3171875 0.07500000000000001
7 0.5007812500000001 0.58046875 0.1078125 0.0578125
7 0.665625 0.7289062500000001 0.115625 0.0578125
7 0.878125 0.71484375 0.153125 0.1421875
3 0.9796875 0.7453125 0.037500000000000006 0.034375
7 0.5007812500000001 0.7265625 0.19843750000000002 0.1375
7 0.7328125000000001 0.8757812500000001 0.109375 0.0734375
3 0.62109375 0.96640625 0.1859375 0.06406250000000001
7 0.14140625 0.9656250000000001 0.0921875 0.065625
7 0.29140625000000003 0.96796875 0.11093750000000001 0.060937500000000006
7 0.4578125 0.9656250000000001 0.1375 0.06875
