7 0.4375 0.28203125 0.19062500000000002 0.1484375
7 0.62421875 0.21171875 0.11406250000000001 0.1015625
7 0.8601562500000001 0.20625000000000002 0.15156250000000002 0.146875
7 0.7484375000000001 0.24296875 0.043750000000000004 0.045312500000000006
7 0.7140625 0.33671875 0.096875 0.08281250000000001
7 0.48750000000000004 0.37812500000000004 0.08750000000000001 0.05
7 0.478125 0.478125 0.125 0.125
7 0.58203125 0.5140625 0.06406250000000001 0.059375000000000004
7 0.07890625000000001 0.38984375000000004 0.1015625 0.1015625
7 0.29296875 0.6203125 0.2484375 0.19687500000000002
7 0.4109375 0.6023437500000001 0.13125 0.09531250000000001
7 0.5109375 0.68671875 0.12812500000000002 0.09531250000000001
7 0.60078125 0.640625 0.0921875 0.09375
7 0.27890625 0.8875000000000001 0.2390625 0.1125
7 0.40468750000000003 0.7453125 0.1 0.084375
7 0.49531250000000004 0.77265625 0.08750000000000001 0.051562500000000004
7 0.465625 0.85546875 0.1375 0.1453125
7 0.8070312500000001 0.434375 0.2765625 0.1875
3 0.8875000000000001 0.46406250000000004 0.07500000000000001 0.046875
