4 0.4890625 0.67109375 0.309375 0.4140625
3 0.49453125000000003 0.58984375 0.27968750000000003 0.1421875
3 0.4734375 0.775 0.15000000000000002 0.1
4 0.6960937500000001 0.9007812500000001 0.2328125 0.19843750000000002
3 0.71015625 0.8984375 0.18906250000000002 0.171875
3 0.97265625 0.7375 0.0546875 0.12187500000000001
3 0.72578125 0.65 0.1265625 0.1
4 0.9460937500000001 0.9281250000000001 0.1078125 0.14375000000000002
4 0.8625 0.9171875 0.115625 0.109375
4 0.1375 0.47187500000000004 0.19062500000000002 0.17500000000000002
3 0.95234375 0.6375000000000001 0.09531250000000001 0.040625
3 0.1203125 0.9906250000000001 0.0625 0.018750000000000003
7 0.0921875 0.95625 0.053125000000000006 0.046875
