3 0.41875 0.5390625 0.171875 0.115625
3 0.753125 0.07265625 0.034375 0.045312500000000006
3 0.58515625 0.33125000000000004 0.0421875 0.034375
3 0.6101562500000001 0.5171875 0.1390625 0.040625
3 0.48671875000000003 0.93359375 0.045312500000000006 0.029687500000000002
3 0.6117187500000001 0.88984375 0.0703125 0.0390625
3 0.759375 0.67109375 0.040625 0.060937500000000006
3 0.26796875000000003 0.5375 0.0671875 0.034375
3 0.20078125000000002 0.5703125 0.0671875 0.053125000000000006
3 0.6953125 0.60546875 0.043750000000000004 0.051562500000000004
3 0.22968750000000002 0.5015625 0.03125 0.059375000000000004
3 0.28671875 0.3953125 0.0484375 0.046875
3 0.34375 0.41718750000000004 0.03125 0.015625
3 0.38359375 0.36640625000000004 0.0890625 0.0578125
3 0.41875 0.40859375000000003 0.06875 0.029687500000000002
3 0.21875 0.265625 0.046875 0.05625
7 0.97578125 0.17421875 0.0484375 0.045312500000000006
