7 0.76953125 0.6820312500000001 0.2609375 0.17343750000000002
7 0.8343750000000001 0.37890625 0.053125000000000006 0.1046875
7 0.70234375 0.58203125 0.0765625 0.08281250000000001
7 0.75 0.465625 0.059375000000000004 0.065625
7 0.6898437500000001 0.46015625000000004 0.0390625 0.0859375
7 0.62265625 0.5265625 0.045312500000000006 0.08750000000000001
7 0.47187500000000004 0.665625 0.096875 0.065625
7 0.39453125 0.759375 0.1015625 0.07500000000000001
7 0.32109375 0.6140625000000001 0.1640625 0.153125
7 0.42734375 0.3765625 0.0859375 0.15000000000000002
7 0.8812500000000001 0.4234375 0.040625 0.09375
7 0.80859375 0.553125 0.0390625 0.053125000000000006
7 0.7351562500000001 0.24296875 0.0390625 0.07968750000000001
3 0.2234375 0.5515625000000001 0.025 0.043750000000000004
3 0.42812500000000003 0.5296875 0.1125 0.08750000000000001
3 0.3125 0.44921875 0.05 0.07968750000000001
3 0.10859375 0.87421875 0.1078125 0.22968750000000002
