7 0.1765625 0.5609375 0.05 0.059375000000000004
7 0.2515625 0.33203125 0.05 0.0859375
7 0.22890625 0.45625000000000004 0.0546875 0.06875
7 0.2515625 0.2578125 0.0625 0.0625
7 0.2984375 0.240625 0.05625 0.078125
7 0.4625 0.10546875 0.10312500000000001 0.16718750000000002
7 0.51796875 0.5710937500000001 0.0703125 0.0921875
7 0.61328125 0.42890625000000004 0.0234375 0.06406250000000001
7 0.66015625 0.5945312500000001 0.0671875 0.060937500000000006
3 0.5750000000000001 0.7195312500000001 0.05625 0.060937500000000006
3 0.6671875 0.9320312500000001 0.021875000000000002 0.0421875
7 0.265625 0.6492187500000001 0.140625 0.13593750000000002
7 0.24453125 0.50625 0.0734375 0.040625
7 0.3046875 0.5281250000000001 0.028125 0.03125
7 0.30625 0.45390625 0.053125000000000006 0.11406250000000001
