7 0.69296875 0.35078125000000004 0.19843750000000002 0.2890625
7 0.8265625000000001 0.53125 0.178125 0.23125
7 0.95625 0.60859375 0.08750000000000001 0.1421875
7 0.64609375 0.54296875 0.1234375 0.17343750000000002
7 0.5281250000000001 0.30625 0.15625 0.2
7 0.33359375 0.61484375 0.27968750000000003 0.3359375
3 0.8187500000000001 0.11875000000000001 0.19062500000000002 0.23750000000000002
3 0.40703125 0.9328125 0.22968750000000002 0.134375
3 0.31796875 0.9421875000000001 0.08281250000000001 0.08750000000000001
3 0.035937500000000004 0.46015625000000004 0.07187500000000001 0.16718750000000002
3 0.0203125 0.51953125 0.040625 0.09531250000000001
3 0.5046875000000001 0.5703125 0.065625 0.078125
3 0.5164062500000001 0.665625 0.1203125 0.1375
3 0.9242187500000001 0.31015625 0.060937500000000006 0.0734375
3 0.8375 0.23515625 0.053125000000000006 0.060937500000000006
