7 0.19140625 0.55625 0.3046875 0.115625
7 0.1859375 0.6765625000000001 0.084375 0.07187500000000001
7 0.34609375000000003 0.6312500000000001 0.051562500000000004 0.034375
7 0.178125 0.4546875 0.146875 0.09062500000000001
7 0.275 0.4296875 0.084375 0.06875
7 0.38359375 0.23125 0.11093750000000001 0.053125000000000006
7 0.4734375 0.4625 0.084375 0.096875
3 0.35546875 0.49296875 0.060937500000000006 0.0671875
3 0.4578125 0.38515625000000003 0.07187500000000001 0.0328125
3 0.5554687500000001 0.553125 0.0390625 0.03125
4 0.671875 0.57578125 0.359375 0.1078125
3 0.80859375 0.6570312500000001 0.0703125 0.045312500000000006
3 0.7390625000000001 0.31562500000000004 0.12812500000000002 0.040625
3 0.5750000000000001 0.1546875 0.08750000000000001 0.025
3 0.73984375 0.09296875 0.029687500000000002 0.035937500000000004
3 0.71875 0.13593750000000002 0.037500000000000006 0.037500000000000006
3 0.80078125 0.1328125 0.0390625 0.037500000000000006
3 0.86484375 0.17500000000000002 0.0234375 0.015625
3 0.48828125 0.037500000000000006 0.045312500000000006 0.040625
3 0.41640625000000003 0.06171875 0.0203125 0.0203125
3 0.328125 0.05625 0.037500000000000006 0.034375
