2 0.259375 0.4625 0.25 0.1
3 0.065625 0.846875 0.07500000000000001 0.05
3 0.04609375 0.8125 0.08281250000000001 0.037500000000000006
3 0.20078125000000002 0.6734375 0.051562500000000004 0.06875
2 0.32109375 0.6843750000000001 0.1421875 0.23750000000000002
2 0.48750000000000004 0.5789062500000001 0.140625 0.18281250000000002
2 0.7046875 0.43593750000000003 0.08750000000000001 0.178125
2 0.6828125 0.5281250000000001 0.034375 0.034375
2 0.70859375 0.33437500000000003 0.08281250000000001 0.046875
2 0.571875 0.42265625 0.08125 0.06406250000000001
4 0.84375 0.43593750000000003 0.13125 0.05
3 0.9945312500000001 0.48125 0.010937500000000001 0.043750000000000004
4 0.9375 0.40937500000000004 0.0625 0.078125
3 0.62265625 0.5398437500000001 0.051562500000000004 0.0703125
3 0.6484375 0.74375 0.059375000000000004 0.043750000000000004
3 0.71015625 0.83359375 0.060937500000000006 0.026562500000000003
2 0.85703125 0.69921875 0.0921875 0.051562500000000004
