3 0.71796875 0.6531250000000001 0.0203125 0.05
3 0.8171875000000001 0.83125 0.07187500000000001 0.034375
3 0.478125 0.915625 0.10312500000000001 0.040625
3 0.68671875 0.57421875 0.08281250000000001 0.06406250000000001
3 0.25859375 0.5640625 0.0921875 0.03125
3 0.6828125 0.33203125 0.034375 0.0890625
3 0.7328125000000001 0.36953125000000003 0.05625 0.0390625
3 0.19062500000000002 0.43359375 0.065625 0.0484375
3 0.21171875 0.47734375 0.045312500000000006 0.0328125
3 0.71015625 0.22578125000000002 0.060937500000000006 0.035937500000000004
3 0.9593750000000001 0.24375000000000002 0.05625 0.065625
3 0.70703125 0.43046875 0.0671875 0.0578125
3 0.5921875 0.49296875 0.05 0.0703125
3 0.76953125 0.49609375 0.06406250000000001 0.0421875
3 0.4765625 0.65234375 0.03125 0.029687500000000002
3 0.29453125 0.7390625000000001 0.0484375 0.05
3 0.53515625 0.8140625 0.0546875 0.040625
3 0.603125 0.83515625 0.028125 0.0328125
