3 0.17421875 0.5484375 0.1390625 0.059375000000000004
3 0.31015625 0.47421875 0.0765625 0.051562500000000004
3 0.32343750000000004 0.28046875 0.03125 0.0328125
3 0.5578125 0.45859375 0.043750000000000004 0.029687500000000002
3 0.675 0.49375 0.06875 0.037500000000000006
3 0.8367187500000001 0.44765625000000003 0.051562500000000004 0.0328125
3 0.6078125000000001 0.6062500000000001 0.05 0.037500000000000006
4 0.3640625 0.4734375 0.24375000000000002 0.178125
4 0.5164062500000001 0.38906250000000003 0.0921875 0.07500000000000001
4 0.41171875 0.2671875 0.19843750000000002 0.10312500000000001
4 0.39687500000000003 0.1640625 0.15937500000000002 0.09062500000000001
4 0.66796875 0.38828125 0.045312500000000006 0.029687500000000002
7 0.022656250000000003 0.7445312500000001 0.045312500000000006 0.0546875
3 0.017968750000000002 0.24140625000000002 0.035937500000000004 0.035937500000000004
3 0.7578125 0.7289062500000001 0.065625 0.051562500000000004
3 0.94140625 0.5625 0.0734375 0.028125
3 0.7054687500000001 0.30390625000000004 0.0578125 0.035937500000000004
3 0.76171875 0.2890625 0.035937500000000004 0.03125
3 0.484375 0.17890625000000002 0.08750000000000001 0.0234375
