3 0.5703125 0.12734375 0.08125 0.0578125
7 0.6781250000000001 0.11171875 0.07500000000000001 0.035937500000000004
7 0.32421875 0.21015625000000002 0.1390625 0.1296875
3 0.3171875 0.15546875000000002 0.03125 0.0328125
7 0.49375 0.19062500000000002 0.078125 0.06875
3 0.5109375 0.15859375 0.018750000000000003 0.026562500000000003
3 0.22890625 0.3875 0.2546875 0.125
3 0.16640625 0.5437500000000001 0.1546875 0.125
7 0.5750000000000001 0.4859375 0.20625000000000002 0.125
3 0.04609375 0.36875 0.0859375 0.05
7 0.359375 0.53046875 0.109375 0.1015625
3 0.9875 0.9226562500000001 0.025 0.0546875
3 0.8460937500000001 0.8460937500000001 0.0421875 0.0890625
3 0.77734375 0.9234375 0.06406250000000001 0.034375
3 0.68515625 0.76171875 0.11093750000000001 0.0921875
3 0.5164062500000001 0.9554687500000001 0.1640625 0.0890625
3 0.2265625 0.925 0.053125000000000006 0.0625
3 0.8031250000000001 0.5242187500000001 0.05625 0.035937500000000004
3 0.87109375 0.55390625 0.051562500000000004 0.0484375
3 0.20234375000000002 0.17109375000000002 0.0421875 0.045312500000000006
3 0.032031250000000004 0.23750000000000002 0.0546875 0.037500000000000006
3 0.5085937500000001 0.68125 0.0390625 0.046875
3 0.565625 0.7132812500000001 0.040625 0.0203125
