3 0.484375 0.80390625 0.11875000000000001 0.13593750000000002
3 0.38906250000000003 0.9632812500000001 0.078125 0.035937500000000004
3 0.35000000000000003 0.8718750000000001 0.037500000000000006 0.037500000000000006
3 0.58984375 0.93125 0.0390625 0.037500000000000006
3 0.625 0.98828125 0.07500000000000001 0.0203125
3 0.6734375 0.9500000000000001 0.040625 0.08750000000000001
3 0.87265625 0.6257812500000001 0.0703125 0.06406250000000001
3 0.96875 0.6109375 0.05625 0.040625
3 0.89375 0.540625 0.10625000000000001 0.028125
3 0.603125 0.47421875 0.09375 0.0421875
3 0.478125 0.15859375 0.10625000000000001 0.1265625
3 0.05 0.37890625 0.09062500000000001 0.07968750000000001
3 0.47109375000000003 0.45078125 0.0421875 0.0328125
3 0.43125 0.37890625 0.037500000000000006 0.0484375
3 0.9164062500000001 0.37343750000000003 0.0859375 0.10625000000000001
