3 0.5375 0.4765625 0.059375000000000004 0.07187500000000001
3 0.35234375 0.43046875 0.2609375 0.1609375
3 0.13593750000000002 0.45937500000000003 0.06875 0.13125
3 0.23203125000000002 0.58203125 0.11093750000000001 0.11093750000000001
3 0.41484375 0.66796875 0.21406250000000002 0.1203125
3 0.35625 0.8 0.043750000000000004 0.053125000000000006
3 0.30000000000000004 0.90625 0.059375000000000004 0.05625
3 0.8851562500000001 0.9710937500000001 0.09531250000000001 0.0484375
4 0.20468750000000002 0.21250000000000002 0.321875 0.16562500000000002
4 0.19062500000000002 0.94453125 0.12812500000000002 0.11093750000000001
7 0.6882812500000001 0.78515625 0.0578125 0.15781250000000002
