4 0.8992187500000001 0.65 0.1453125 0.309375
7 0.67578125 0.68671875 0.1296875 0.29531250000000003
4 0.61484375 0.5484375 0.11093750000000001 0.1125
4 0.7312500000000001 0.52578125 0.06875 0.07968750000000001
7 0.20703125 0.30312500000000003 0.1265625 0.109375
7 0.08828125 0.2625 0.1421875 0.09375
7 0.23984375000000002 0.38906250000000003 0.1265625 0.10312500000000001
7 0.35625 0.39140625 0.08750000000000001 0.11406250000000001
3 0.14765625000000002 0.7835937500000001 0.0328125 0.07968750000000001
3 0.11875000000000001 0.7195312500000001 0.059375000000000004 0.051562500000000004
3 0.259375 0.87109375 0.046875 0.0765625
4 0.096875 0.17578125 0.16562500000000002 0.1078125
4 0.153125 0.047656250000000004 0.11875000000000001 0.08281250000000001
4 0.2859375 0.10859375 0.15625 0.0734375
4 0.47421875 0.10312500000000001 0.0484375 0.08750000000000001
4 0.38125000000000003 0.021875000000000002 0.10625000000000001 0.043750000000000004
4 0.8851562500000001 0.23046875 0.1171875 0.18906250000000002
7 0.5398437500000001 0.11484375000000001 0.045312500000000006 0.0890625
7 0.6195312500000001 0.1375 0.0921875 0.046875
3 0.28359375000000003 0.57421875 0.051562500000000004 0.06406250000000001
4 0.17109375000000002 0.9617187500000001 0.051562500000000004 0.0671875
4 0.62109375 0.95703125 0.11406250000000001 0.0671875
7 0.47890625000000003 0.63671875 0.09531250000000001 0.1078125
7 0.5593750000000001 0.7578125 0.05625 0.08750000000000001
7 0.496875 0.54609375 0.084375 0.0421875
3 0.296875 0.67109375 0.05625 0.0484375
7 0.47187500000000004 0.3171875 0.16562500000000002 0.084375
