3 0.71796875 0.3453125 0.0203125 0.05
3 0.8171875000000001 0.16718750000000002 0.07187500000000001 0.034375
3 0.478125 0.08281250000000001 0.10312500000000001 0.040625
3 0.68671875 0.42421875000000003 0.08281250000000001 0.06406250000000001
3 0.25859375 0.434375 0.0921875 0.03125
3 0.6828125 0.6664062500000001 0.034375 0.0890625
3 0.7328125000000001 0.628125 0.05625 0.037500000000000006
3 0.19062500000000002 0.56484375 0.065625 0.0484375
3 0.21171875 0.52109375 0.045312500000000006 0.0328125
3 0.71015625 0.77265625 0.060937500000000006 0.035937500000000004
3 0.9593750000000001 0.7546875000000001 0.05625 0.065625
3 0.70703125 0.56796875 0.0671875 0.0578125
3 0.5921875 0.50546875 0.05 0.0703125
3 0.76953125 0.50234375 0.06406250000000001 0.0421875
3 0.4765625 0.34609375000000003 0.03125 0.029687500000000002
3 0.29453125 0.259375 0.0484375 0.05
3 0.53515625 0.184375 0.0546875 0.040625
3 0.603125 0.16328125000000002 0.028125 0.0328125
