4 0.63984375 0.6109375 0.2171875 0.278125
4 0.25234375000000003 0.6109375 0.3296875 0.225
3 0.6015625 0.6421875 0.05625 0.05625
3 0.6703125000000001 0.63984375 0.07187500000000001 0.029687500000000002
3 0.7039062500000001 0.7046875 0.051562500000000004 0.084375
3 0.8796875000000001 0.37109375 0.05625 0.0578125
3 0.90625 0.3328125 0.0625 0.018750000000000003
3 0.83515625 0.35625 0.029687500000000002 0.025
3 0.6820312500000001 0.43828125 0.0484375 0.0546875
3 0.353125 0.46171875 0.10312500000000001 0.09531250000000001
3 0.36015625 0.41640625000000003 0.2734375 0.0921875
3 0.31015625 0.33515625000000004 0.32656250000000003 0.1078125
3 0.5007812500000001 0.36250000000000004 0.0421875 0.043750000000000004
3 0.5109375 0.32343750000000004 0.034375 0.034375
3 0.6000000000000001 0.34609375000000003 0.08125 0.051562500000000004
3 0.64765625 0.30000000000000004 0.1015625 0.05625
3 0.17343750000000002 0.41875 0.096875 0.0625
3 0.026562500000000003 0.54453125 0.053125000000000006 0.0328125
3 0.0140625 0.6218750000000001 0.028125 0.046875
3 0.4765625 0.6570312500000001 0.018750000000000003 0.0421875
3 0.45625000000000004 0.71796875 0.028125 0.0234375
3 0.45078125 0.759375 0.0234375 0.03125
3 0.9460937500000001 0.246875 0.1046875 0.0625
3 0.88203125 0.08203125 0.1703125 0.1296875
3 0.659375 0.055468750000000004 0.05625 0.0578125
3 0.73046875 0.09609375 0.0578125 0.0421875
3 0.52890625 0.0765625 0.0421875 0.040625
3 0.3765625 0.11796875000000001 0.07500000000000001 0.029687500000000002
3 0.28125 0.046875 0.043750000000000004 0.034375
3 0.039843750000000004 0.36562500000000003 0.06406250000000001 0.059375000000000004
3 0.36250000000000004 0.25625000000000003 0.040625 0.040625
