4 0.3875 0.8328125000000001 0.22187500000000002 0.321875
4 0.66171875 0.7000000000000001 0.4453125 0.321875
4 0.7992187500000001 0.3875 0.40156250000000004 0.25
4 0.115625 0.30390625000000004 0.22812500000000002 0.1703125
4 0.3640625 0.2828125 0.31562500000000004 0.40937500000000004
3 0.35781250000000003 0.14765625000000002 0.203125 0.1390625
3 0.76875 0.7875000000000001 0.09375 0.140625
3 0.66328125 0.63671875 0.1453125 0.1015625
3 0.7781250000000001 0.49609375 0.09062500000000001 0.06406250000000001
3 0.7367187500000001 0.35234375 0.051562500000000004 0.06406250000000001
3 0.9703125 0.6351562500000001 0.043750000000000004 0.0765625
