7 0.1703125 0.24140625000000002 0.340625 0.0859375
7 0.08046875 0.6296875000000001 0.1546875 0.140625
7 0.017968750000000002 0.2984375 0.035937500000000004 0.0625
7 0.0546875 0.51328125 0.109375 0.0859375
7 0.08828125 0.43281250000000004 0.0578125 0.05625
7 0.32421875 0.40390625 0.2703125 0.0890625
7 0.4421875 0.49375 0.1125 0.08750000000000001
7 0.6484375 0.5390625 0.153125 0.115625
7 0.7835937500000001 0.66171875 0.43281250000000004 0.1078125
7 0.325 0.71640625 0.153125 0.08281250000000001
7 0.5593750000000001 0.92890625 0.16562500000000002 0.08281250000000001
7 0.86328125 0.9031250000000001 0.2171875 0.19375
3 0.9906250000000001 0.95234375 0.018750000000000003 0.0484375
7 0.325 0.9140625 0.284375 0.171875
