7 0.9296875 0.08125 0.140625 0.146875
7 0.74765625 0.2578125 0.1390625 0.11875000000000001
7 0.39296875000000003 0.2890625 0.2171875 0.246875
3 0.46484375 0.246875 0.0421875 0.040625
7 0.37734375000000003 0.43515625 0.1453125 0.1171875
7 0.36015625 0.5640625 0.1046875 0.078125
3 0.37343750000000003 0.571875 0.06875 0.037500000000000006
7 0.53671875 0.41953125 0.0890625 0.0765625
7 0.59375 0.521875 0.146875 0.14375000000000002
7 0.7359375 0.52578125 0.084375 0.13593750000000002
3 0.76171875 0.49453125000000003 0.029687500000000002 0.029687500000000002
7 0.64765625 0.6359375 0.1484375 0.059375000000000004
7 0.5140625 0.659375 0.16562500000000002 0.065625
7 0.6421875 0.69921875 0.096875 0.08281250000000001
7 0.134375 0.6742187500000001 0.24375000000000002 0.09531250000000001
7 0.22109375 0.78671875 0.1421875 0.1234375
7 0.40078125000000003 0.790625 0.18281250000000002 0.140625
