7 0.47421875 0.71640625 0.3984375 0.1953125
7 0.29453125 0.86484375 0.2109375 0.1953125
7 0.46015625000000004 0.3328125 0.1484375 0.284375
7 0.53125 0.40859375000000003 0.084375 0.11406250000000001
7 0.17109375000000002 0.07890625000000001 0.1765625 0.1015625
7 0.03359375 0.12890625 0.0671875 0.1796875
7 0.56640625 0.2671875 0.0703125 0.1125
7 0.7140625 0.5875 0.16562500000000002 0.11875000000000001
7 0.484375 0.52578125 0.03125 0.07968750000000001
3 0.9460937500000001 0.8929687500000001 0.0671875 0.0703125
7 0.15859375 0.53359375 0.09843750000000001 0.09843750000000001
