3 0.05078125 0.30781250000000004 0.0484375 0.16875
3 0.5859375 0.15859375 0.040625 0.060937500000000006
3 0.828125 0.4390625 0.021875000000000002 0.05
3 0.6429687500000001 0.49765625 0.0390625 0.0859375
5 0.59921875 0.63203125 0.15156250000000002 0.1265625
5 0.44453125000000004 0.52578125 0.0734375 0.1640625
3 0.46953125 0.25078125 0.029687500000000002 0.0421875
7 0.71875 0.19843750000000002 0.078125 0.07187500000000001
3 0.7796875000000001 0.1390625 0.043750000000000004 0.046875
7 0.84921875 0.035937500000000004 0.0671875 0.03125
