3 0.9343750000000001 0.13984375000000002 0.078125 0.051562500000000004
3 0.8421875000000001 0.11328125 0.053125000000000006 0.060937500000000006
7 0.8359375 0.2625 0.19062500000000002 0.178125
3 0.55078125 0.057031250000000006 0.1203125 0.1015625
7 0.8773437500000001 0.74765625 0.0859375 0.18281250000000002
7 0.6078125000000001 0.53125 0.13125 0.10312500000000001
7 0.64765625 0.665625 0.0890625 0.07187500000000001
7 0.578125 0.71484375 0.096875 0.1015625
7 0.384375 0.8929687500000001 0.153125 0.21406250000000002
3 0.33828125000000003 0.58125 0.1390625 0.18125000000000002
3 0.49843750000000003 0.39140625 0.07500000000000001 0.2234375
3 0.16171875000000002 0.38593750000000004 0.0703125 0.0625
3 0.12187500000000001 0.46015625000000004 0.040625 0.051562500000000004
3 0.0859375 0.7859375000000001 0.06875 0.10625000000000001
3 0.13515625 0.93359375 0.07968750000000001 0.1328125
7 0.240625 0.3515625 0.09062500000000001 0.20625000000000002
7 0.10312500000000001 0.14296875 0.12187500000000001 0.27968750000000003
7 0.34687500000000004 0.15234375 0.096875 0.17343750000000002
3 0.037500000000000006 0.8890625000000001 0.05 0.037500000000000006
