7 0.43203125000000003 0.33359375 0.22031250000000002 0.1390625
7 0.446875 0.44140625 0.19062500000000002 0.0703125
7 0.2546875 0.47734375 0.19375 0.1390625
7 0.29140625000000003 0.571875 0.2609375 0.08125
7 0.27187500000000003 0.7828125 0.21875 0.21875
7 0.49531250000000004 0.6640625 0.1375 0.1375
7 0.7195312500000001 0.4265625 0.0734375 0.040625
7 0.68671875 0.45625000000000004 0.1390625 0.03125
7 0.39609375 0.11328125 0.0734375 0.0859375
7 0.28828125 0.16953125000000002 0.1765625 0.060937500000000006
7 0.91328125 0.42031250000000003 0.1703125 0.07187500000000001
7 0.5984375000000001 0.11640625 0.06875 0.045312500000000006
7 0.509375 0.20546875 0.0625 0.0890625
