7 0.5281250000000001 0.01640625 0.178125 0.0328125
7 0.8539062500000001 0.084375 0.2078125 0.109375
7 0.9437500000000001 0.21796875000000002 0.1125 0.1453125
7 0.23515625 0.8125 0.4703125 0.30312500000000003
7 0.6960937500000001 0.85546875 0.2703125 0.2109375
4 0.509375 0.6984375 0.25 0.23125
3 0.6328125 0.8148437500000001 0.08125 0.026562500000000003
3 0.60703125 0.94296875 0.07968750000000001 0.06406250000000001
3 0.2484375 0.041406250000000006 0.12812500000000002 0.08281250000000001
4 0.5953125 0.46015625000000004 0.19375 0.13593750000000002
