7 0.5640625 0.7515625 0.078125 0.078125
7 0.8656250000000001 0.5015625 0.134375 0.09062500000000001
7 0.55703125 0.45234375000000004 0.11093750000000001 0.22031250000000002
7 0.6570312500000001 0.66015625 0.07968750000000001 0.1203125
7 0.58046875 0.671875 0.035937500000000004 0.05625
7 0.5476562500000001 0.60078125 0.029687500000000002 0.060937500000000006
7 0.45625000000000004 0.59765625 0.09375 0.21406250000000002
3 0.40546875000000004 0.540625 0.029687500000000002 0.09062500000000001
3 0.375 0.49140625000000004 0.043750000000000004 0.029687500000000002
3 0.45 0.47109375000000003 0.034375 0.0578125
3 0.38906250000000003 0.44843750000000004 0.028125 0.046875
3 0.6078125000000001 0.73359375 0.034375 0.029687500000000002
3 0.7039062500000001 0.68515625 0.0171875 0.0578125
3 0.496875 0.11093750000000001 0.07500000000000001 0.115625
3 0.5007812500000001 0.16562500000000002 0.060937500000000006 0.07187500000000001
7 0.33046875000000003 0.19062500000000002 0.06406250000000001 0.078125
7 0.48046875 0.2890625 0.1546875 0.12812500000000002
7 0.296875 0.340625 0.15625 0.15625
7 0.2015625 0.1296875 0.13125 0.209375
7 0.06640625 0.17500000000000002 0.1328125 0.19687500000000002
7 0.30312500000000003 0.047656250000000004 0.096875 0.09531250000000001
7 0.11093750000000001 0.01953125 0.140625 0.0390625
3 0.98359375 0.19062500000000002 0.026562500000000003 0.034375
