4 0.04296875 0.40546875000000004 0.0859375 0.15781250000000002
4 0.36250000000000004 0.6296875000000001 0.6000000000000001 0.49375
4 0.6898437500000001 0.45234375000000004 0.24531250000000002 0.1953125
4 0.8523437500000001 0.43359375 0.2328125 0.2671875
4 0.58984375 0.37031250000000004 0.1421875 0.09375
4 0.51328125 0.22890625 0.1328125 0.1203125
4 0.18125000000000002 0.18359375 0.14375000000000002 0.1421875
4 0.0484375 0.096875 0.096875 0.134375
4 0.33203125 0.12421875 0.1796875 0.0921875
3 0.321875 0.7421875 0.115625 0.125
3 0.30078125 0.60859375 0.11406250000000001 0.1203125
