3 0.39609375 0.69453125 0.0484375 0.026562500000000003
3 0.278125 0.6570312500000001 0.053125000000000006 0.0890625
3 0.4546875 0.6062500000000001 0.05 0.028125
3 0.28046875 0.51328125 0.08281250000000001 0.0578125
3 0.33437500000000003 0.7093750000000001 0.059375000000000004 0.03125
3 0.6765625000000001 0.28125 0.06875 0.025
3 0.76953125 0.6507812500000001 0.0328125 0.029687500000000002
3 0.23671875 0.703125 0.0484375 0.043750000000000004
3 0.03828125 0.5421875 0.0765625 0.05
3 0.00703125 0.734375 0.0140625 0.043750000000000004
3 0.0203125 0.31171875000000004 0.040625 0.0703125
