3 0.9296875 0.041406250000000006 0.096875 0.08281250000000001
3 0.9890625000000001 0.1546875 0.021875000000000002 0.07500000000000001
3 0.5015625 0.03828125 0.1125 0.0765625
3 0.17578125 0.421875 0.1328125 0.065625
3 0.21640625000000002 0.50625 0.1484375 0.05625
3 0.95078125 0.4234375 0.06406250000000001 0.046875
3 0.8921875 0.23984375000000002 0.059375000000000004 0.0421875
3 0.5859375 0.17109375000000002 0.125 0.0734375
3 0.9031250000000001 0.61328125 0.08750000000000001 0.1546875
3 0.9343750000000001 0.48828125 0.059375000000000004 0.0484375
3 0.8250000000000001 0.8125 0.06875 0.037500000000000006
3 0.6843750000000001 0.78828125 0.11875000000000001 0.045312500000000006
3 0.4578125 0.9 0.084375 0.09375
3 0.58984375 0.8984375 0.1046875 0.05
3 0.665625 0.86484375 0.05 0.035937500000000004
3 0.29765625 0.8578125000000001 0.1015625 0.115625
3 0.04453125 0.6421875 0.0890625 0.07187500000000001
3 0.28671875 0.9453125 0.2703125 0.096875
3 0.9828125000000001 0.9812500000000001 0.034375 0.037500000000000006
