3 0.7125 0.5546875 0.096875 0.078125
3 0.7250000000000001 0.46718750000000003 0.046875 0.034375
3 0.3765625 0.5593750000000001 0.08750000000000001 0.06875
3 0.33515625000000004 0.42500000000000004 0.11406250000000001 0.15625
3 0.7406250000000001 0.37343750000000003 0.037500000000000006 0.05625
6 0.8171875000000001 0.690625 0.275 0.1875
6 0.37343750000000003 0.48203125 0.209375 0.26406250000000003
6 0.31484375000000003 0.59296875 0.1546875 0.2765625
6 0.2 0.56953125 0.10312500000000001 0.2234375
3 0.1 0.434375 0.040625 0.05625
6 0.19921875 0.8484375000000001 0.1546875 0.225
6 0.55078125 0.35703125 0.0890625 0.3484375
6 0.6820312500000001 0.5640625 0.17343750000000002 0.13125
6 0.46718750000000003 0.7601562500000001 0.084375 0.09843750000000001
6 0.48828125 0.65390625 0.0765625 0.0890625
2 0.9031250000000001 0.0890625 0.040625 0.115625
