3 0.76171875 0.6781250000000001 0.0734375 0.05625
3 0.61328125 0.6960937500000001 0.17343750000000002 0.0703125
3 0.5710937500000001 0.6078125000000001 0.17343750000000002 0.043750000000000004
3 0.87265625 0.22421875000000002 0.2515625 0.0765625
3 0.80390625 0.35234375 0.19843750000000002 0.09531250000000001
3 0.66953125 0.27421875 0.09531250000000001 0.035937500000000004
3 0.73046875 0.18046875 0.1546875 0.1203125
3 0.52734375 0.24765625000000002 0.1203125 0.1203125
3 0.28984375 0.51484375 0.17343750000000002 0.0671875
3 0.38906250000000003 0.34140625 0.153125 0.1453125
3 0.35781250000000003 0.22421875000000002 0.09062500000000001 0.0671875
3 0.703125 0.46328125000000003 0.1375 0.045312500000000006
3 0.26484375 0.5632812500000001 0.0578125 0.0171875
3 0.321875 0.42265625 0.1125 0.0328125
