3 0.8421875000000001 0.1640625 0.0625 0.028125
3 0.89453125 0.21796875000000002 0.1609375 0.0328125
3 0.47187500000000004 0.15546875000000002 0.05 0.0234375
3 0.31953125000000004 0.37265625 0.029687500000000002 0.0171875
3 0.22109375 0.42734375 0.0328125 0.0421875
3 0.49375 0.4890625 0.05625 0.040625
3 0.8390625 0.7562500000000001 0.09375 0.034375
3 0.9515625000000001 0.6875 0.059375000000000004 0.037500000000000006
3 0.7468750000000001 0.759375 0.12187500000000001 0.034375
3 0.5796875 0.76953125 0.096875 0.0578125
3 0.75546875 0.86328125 0.0671875 0.0578125
3 0.83984375 0.8718750000000001 0.0484375 0.059375000000000004
3 0.030468750000000003 0.66953125 0.035937500000000004 0.0484375
3 0.43046875 0.7742187500000001 0.0921875 0.0765625
3 0.34375 0.54296875 0.07187500000000001 0.06406250000000001
3 0.2859375 0.7609375 0.025 0.018750000000000003
