7 0.9015625 0.1125 0.19062500000000002 0.084375
7 0.85703125 0.21640625000000002 0.11093750000000001 0.1171875
7 0.534375 0.06640625 0.15625 0.1296875
7 0.43671875000000004 0.19453125000000002 0.2578125 0.0703125
7 0.46015625000000004 0.55 0.0890625 0.09375
7 0.79453125 0.44453125000000004 0.4078125 0.43281250000000004
7 0.8546875 0.6781250000000001 0.28750000000000003 0.1625
7 0.6335937500000001 0.55078125 0.1296875 0.0671875
7 0.5945312500000001 0.634375 0.2015625 0.09375
7 0.64765625 0.70703125 0.1390625 0.1046875
7 0.3515625 0.62890625 0.22812500000000002 0.1546875
7 0.53671875 0.8406250000000001 0.09843750000000001 0.13125
7 0.47578125000000004 0.93359375 0.3515625 0.1328125
7 0.09375 0.3140625 0.184375 0.125
3 0.74765625 0.37109375 0.11093750000000001 0.09531250000000001
3 0.7976562500000001 0.884375 0.0703125 0.078125
3 0.3453125 0.72265625 0.11875000000000001 0.045312500000000006
