5 0.584375 0.5 0.21875 0.278125
5 0.4625 0.340625 0.22187500000000002 0.115625
5 0.45546875000000003 0.23046875 0.1640625 0.0546875
5 0.74921875 0.2859375 0.30781250000000004 0.059375000000000004
5 0.48281250000000003 0.12421875 0.184375 0.06406250000000001
5 0.58046875 0.043750000000000004 0.0734375 0.08750000000000001
3 0.1703125 0.01015625 0.078125 0.0203125
3 0.215625 0.06015625 0.043750000000000004 0.08281250000000001
3 0.13359375 0.06796875000000001 0.0328125 0.0703125
3 0.11171875 0.16640625 0.0390625 0.0703125
3 0.039843750000000004 0.18984375 0.0734375 0.0921875
3 0.453125 0.321875 0.1125 0.05
3 0.534375 0.4265625 0.10625000000000001 0.096875
3 0.62421875 0.5234375 0.09843750000000001 0.084375
3 0.5203125000000001 0.5328125 0.059375000000000004 0.07187500000000001
3 0.037500000000000006 0.39921875 0.06875 0.051562500000000004
3 0.07109375 0.3953125 0.045312500000000006 0.037500000000000006
3 0.032031250000000004 0.33515625000000004 0.06406250000000001 0.051562500000000004
3 0.21171875 0.40078125000000003 0.035937500000000004 0.051562500000000004
3 0.33359375 0.38828125 0.051562500000000004 0.0234375
3 0.7296875 0.69453125 0.15000000000000002 0.16718750000000002
3 0.44453125000000004 0.7078125000000001 0.035937500000000004 0.05625
3 0.35000000000000003 0.884375 0.13125 0.1125
3 0.23750000000000002 0.8929687500000001 0.06875 0.0421875
3 0.69921875 0.80390625 0.0421875 0.0328125
3 0.8992187500000001 0.8453125 0.1265625 0.040625
3 0.83203125 0.9796875 0.060937500000000006 0.037500000000000006
3 0.36953125000000003 0.5867187500000001 0.0328125 0.0328125
