3 0.675 0.290625 0.08750000000000001 0.05625
3 0.13203125000000002 0.2765625 0.09531250000000001 0.059375000000000004
3 0.2484375 0.30390625000000004 0.043750000000000004 0.029687500000000002
3 0.21171875 0.33984375 0.07968750000000001 0.0546875
3 0.32578125 0.12812500000000002 0.06406250000000001 0.046875
3 0.3140625 0.08281250000000001 0.07187500000000001 0.037500000000000006
3 0.4421875 0.013281250000000001 0.08125 0.026562500000000003
3 0.76875 0.0734375 0.06875 0.05625
3 0.6804687500000001 0.12187500000000001 0.0859375 0.08125
3 0.2234375 0.2234375 0.06875 0.043750000000000004
3 0.43046875 0.27421875 0.0890625 0.07968750000000001
3 0.08515625 0.33125000000000004 0.0734375 0.059375000000000004
3 0.4109375 0.5593750000000001 0.06875 0.046875
3 0.403125 0.6101562500000001 0.08125 0.0484375
