4 0.9390625 0.328125 0.109375 0.12812500000000002
4 0.8617187500000001 0.5 0.1046875 0.17500000000000002
3 0.9515625000000001 0.3296875 0.06875 0.115625
4 0.45078125 0.6726562500000001 0.4109375 0.5234375
4 0.53828125 0.3203125 0.1609375 0.19687500000000002
4 0.19843750000000002 0.14140625 0.39687500000000003 0.2734375
4 0.8625 0.83203125 0.27187500000000003 0.3359375
3 0.52734375 0.74921875 0.11093750000000001 0.1265625
3 0.4921875 0.50390625 0.1125 0.1328125
3 0.32578125 0.57578125 0.09531250000000001 0.060937500000000006
3 0.17500000000000002 0.0546875 0.184375 0.065625
3 0.26015625000000003 0.16875 0.1203125 0.07187500000000001
3 0.85859375 0.4765625 0.0890625 0.1
