3 0.42812500000000003 0.8562500000000001 0.043750000000000004 0.037500000000000006
3 0.74921875 0.403125 0.08281250000000001 0.034375
3 0.8890625000000001 0.4625 0.059375000000000004 0.028125
3 0.59296875 0.31953125000000004 0.051562500000000004 0.0546875
3 0.5796875 0.43984375000000003 0.10312500000000001 0.0234375
3 0.46796875000000004 0.45937500000000003 0.1203125 0.037500000000000006
3 0.15703125 0.27187500000000003 0.0859375 0.040625
3 0.22578125000000002 0.20546875 0.045312500000000006 0.0703125
3 0.484375 0.09140625000000001 0.043750000000000004 0.026562500000000003
7 0.2234375 0.1625 0.084375 0.043750000000000004
7 0.403125 0.5859375 0.021875000000000002 0.021875000000000002
3 0.53359375 0.64375 0.0765625 0.015625
3 0.43203125000000003 0.6421875 0.06406250000000001 0.018750000000000003
3 0.14921875 0.6453125000000001 0.035937500000000004 0.043750000000000004
3 0.44296875 0.690625 0.035937500000000004 0.05
7 0.69453125 0.5203125000000001 0.0921875 0.034375
3 0.88828125 0.56171875 0.0890625 0.0234375
3 0.82421875 0.61484375 0.0546875 0.035937500000000004
3 0.8671875 0.82578125 0.034375 0.0421875
3 0.35703125 0.79296875 0.0421875 0.0765625
3 0.85703125 0.22187500000000002 0.0234375 0.018750000000000003
3 0.9164062500000001 0.20078125000000002 0.0234375 0.0703125
