4 0.7195312500000001 0.73984375 0.32343750000000004 0.2703125
3 0.46640625 0.18515625000000002 0.0765625 0.11406250000000001
3 0.30078125 0.1 0.1796875 0.059375000000000004
3 0.35078125000000004 0.22578125000000002 0.1546875 0.08281250000000001
3 0.36171875000000003 0.17421875 0.0546875 0.045312500000000006
3 0.11328125 0.21484375 0.0765625 0.0671875
3 0.17265625 0.30078125 0.2546875 0.0921875
3 0.22265625 0.403125 0.2265625 0.1
3 0.1234375 0.453125 0.125 0.059375000000000004
3 0.92578125 0.66171875 0.1484375 0.1484375
4 0.9171875 0.790625 0.09062500000000001 0.1375
4 0.8523437500000001 0.8929687500000001 0.0859375 0.08281250000000001
4 0.63046875 0.91015625 0.1703125 0.1328125
4 0.275 0.8187500000000001 0.1625 0.209375
4 0.265625 0.68125 0.140625 0.07500000000000001
3 0.2765625 0.8171875000000001 0.13125 0.19687500000000002
3 0.24531250000000002 0.68125 0.08750000000000001 0.059375000000000004
3 0.6265625 0.9234375 0.14375000000000002 0.084375
3 0.6492187500000001 0.8523437500000001 0.1046875 0.029687500000000002
