7 0.60859375 0.35078125000000004 0.1234375 0.15781250000000002
7 0.4703125 0.28828125 0.153125 0.0765625
3 0.875 0.46015625000000004 0.06875 0.1640625
3 0.7156250000000001 0.95078125 0.07500000000000001 0.09843750000000001
3 0.42890625000000004 0.93671875 0.0921875 0.1015625
3 0.25703125 0.90234375 0.2015625 0.1953125
3 0.05859375 0.7156250000000001 0.1171875 0.115625
3 0.46328125000000003 0.39921875 0.11406250000000001 0.0734375
3 0.5875 0.5328125 0.12187500000000001 0.20625000000000002
5 0.81015625 0.20625000000000002 0.1015625 0.24375000000000002
4 0.31875000000000003 0.890625 0.38125000000000003 0.21875
