3 0.7640625000000001 0.4140625 0.1875 0.134375
3 0.8367187500000001 0.3140625 0.15781250000000002 0.115625
3 0.7367187500000001 0.18046875 0.09531250000000001 0.0703125
3 0.6625000000000001 0.05078125 0.15625 0.1015625
3 0.41718750000000004 0.6937500000000001 0.215625 0.15937500000000002
3 0.21953125 0.6578125 0.1453125 0.1125
3 0.18281250000000002 0.496875 0.21875 0.178125
3 0.04609375 0.55703125 0.0921875 0.0703125
3 0.1078125 0.6515625 0.08750000000000001 0.0625
3 0.9812500000000001 0.5671875000000001 0.037500000000000006 0.059375000000000004
3 0.84765625 0.7054687500000001 0.0890625 0.06406250000000001
3 0.6625000000000001 0.6328125 0.109375 0.08125
3 0.5390625 0.51796875 0.10312500000000001 0.0734375
3 0.534375 0.4625 0.06875 0.053125000000000006
3 0.0171875 0.49375 0.034375 0.07187500000000001
3 0.0171875 0.7671875 0.034375 0.115625
3 0.58046875 0.6781250000000001 0.08281250000000001 0.065625
3 0.7515625 0.7679687500000001 0.078125 0.06406250000000001
3 0.7734375 0.59765625 0.12812500000000002 0.0921875
3 0.5078125 0.384375 0.10625000000000001 0.078125
3 0.88984375 0.43828125 0.11406250000000001 0.0921875
4 0.35546875 0.13828125 0.2765625 0.2171875
4 0.6414062500000001 0.33984375 0.7171875000000001 0.5890625
4 0.7054687500000001 0.06406250000000001 0.2546875 0.12812500000000002
4 0.9695312500000001 0.22734375 0.060937500000000006 0.11406250000000001
4 0.9773437500000001 0.434375 0.045312500000000006 0.178125
4 0.6640625 0.64453125 0.23750000000000002 0.1796875
4 0.49765625 0.50703125 0.29531250000000003 0.2171875
4 0.18984375 0.5203125000000001 0.2703125 0.203125
4 0.3375 0.7757812500000001 0.61875 0.44843750000000004
4 0.47578125000000004 0.9203125000000001 0.26406250000000003 0.15937500000000002
4 0.57421875 0.69921875 0.2109375 0.1546875
4 0.853125 0.69921875 0.153125 0.11406250000000001
