4 0.7039062500000001 0.029687500000000002 0.2828125 0.059375000000000004
4 0.6273437500000001 0.253125 0.4390625 0.215625
4 0.05625 0.125 0.1125 0.25
4 0.5484375 0.8515625 0.22812500000000002 0.28750000000000003
4 0.06328125 0.75 0.1265625 0.16875
4 0.19843750000000002 0.6335937500000001 0.28125 0.2078125
4 0.017968750000000002 0.55703125 0.035937500000000004 0.0890625
4 0.37109375 0.51953125 0.21406250000000002 0.1015625
4 0.5789062500000001 0.6484375 0.21406250000000002 0.153125
4 0.73359375 0.5593750000000001 0.2421875 0.20625000000000002
4 0.8929687500000001 0.49375 0.21406250000000002 0.134375
4 0.22968750000000002 0.85859375 0.134375 0.1953125
3 0.25625000000000003 0.6453125000000001 0.146875 0.19062500000000002
3 0.01640625 0.54921875 0.0328125 0.051562500000000004
3 0.6359375 0.30781250000000004 0.12812500000000002 0.043750000000000004
3 0.69453125 0.5828125000000001 0.1421875 0.037500000000000006
3 0.978125 0.52109375 0.043750000000000004 0.0859375
3 0.28046875 0.21953125 0.1046875 0.0734375
4 0.38984375000000004 0.07968750000000001 0.16718750000000002 0.15937500000000002
