4 0.8656250000000001 0.2328125 0.26875 0.34687500000000004
4 0.8078125 0.80078125 0.384375 0.3984375
4 0.36484375 0.5703125 0.6203125 0.16875
4 0.36328125 0.6875 0.1953125 0.125
4 0.29531250000000003 0.8203125 0.375 0.084375
4 0.45625000000000004 0.9281250000000001 0.47187500000000004 0.14375000000000002
3 0.7328125000000001 0.7640625000000001 0.065625 0.07187500000000001
3 0.609375 0.6000000000000001 0.1125 0.09062500000000001
4 0.67578125 0.38671875 0.40156250000000004 0.18281250000000002
5 0.325 0.35078125000000004 0.10625000000000001 0.09531250000000001
4 0.21640625000000002 0.42812500000000003 0.2859375 0.125
4 0.8703125 0.5375 0.17500000000000002 0.125
