7 0.26015625000000003 0.1296875 0.37343750000000003 0.246875
7 0.16875 0.56171875 0.07500000000000001 0.1484375
7 0.35703125 0.2734375 0.1078125 0.11875000000000001
7 0.2890625 0.4390625 0.084375 0.09375
7 0.375 0.4453125 0.05625 0.12187500000000001
7 0.47109375000000003 0.3515625 0.06406250000000001 0.125
7 0.6859375000000001 0.15234375 0.1375 0.09531250000000001
7 0.79609375 0.035937500000000004 0.1453125 0.07187500000000001
7 0.8914062500000001 0.2265625 0.2171875 0.21875
7 0.75 0.565625 0.12187500000000001 0.21250000000000002
7 0.1 0.5 0.059375000000000004 0.134375
7 0.20546875 0.31328125 0.0578125 0.0765625
7 0.31015625 0.75546875 0.0546875 0.11406250000000001
3 0.74765625 0.34687500000000004 0.1609375 0.125
3 0.9140625 0.46171875 0.07187500000000001 0.11093750000000001
