3 0.97421875 0.3921875 0.0390625 0.07187500000000001
3 0.2890625 0.153125 0.053125000000000006 0.06875
3 0.225 0.23203125000000002 0.07187500000000001 0.0703125
3 0.45234375000000004 0.035937500000000004 0.051562500000000004 0.0625
3 0.48671875000000003 0.3640625 0.0421875 0.046875
3 0.671875 0.42890625000000004 0.043750000000000004 0.029687500000000002
3 0.57578125 0.42578125 0.0328125 0.035937500000000004
7 0.340625 0.47734375 0.1125 0.1796875
7 0.375 0.7367187500000001 0.096875 0.1171875
7 0.33671875 0.878125 0.0421875 0.078125
7 0.36015625 0.9281250000000001 0.0328125 0.10312500000000001
7 0.58359375 0.8562500000000001 0.06406250000000001 0.07187500000000001
7 0.63046875 0.72265625 0.0765625 0.060937500000000006
7 0.4765625 0.09296875 0.053125000000000006 0.1078125
3 0.0890625 0.2515625 0.037500000000000006 0.03125
3 0.8601562500000001 0.35546875 0.0328125 0.029687500000000002
3 0.9085937500000001 0.64609375 0.0578125 0.035937500000000004
3 0.19375 0.6312500000000001 0.015625 0.034375
3 0.16484375 0.65625 0.029687500000000002 0.021875000000000002
7 0.47890625000000003 0.53515625 0.0328125 0.0671875
5 0.52109375 0.6429687500000001 0.060937500000000006 0.1171875
3 0.14765625000000002 0.7625000000000001 0.0328125 0.03125
4 0.328125 0.02890625 0.08125 0.0546875
4 0.2234375 0.384375 0.12187500000000001 0.06875
4 0.5609375 0.42265625 0.3125 0.20468750000000002
