7 0.29296875 0.28828125 0.08281250000000001 0.0890625
7 0.26015625000000003 0.45390625 0.09531250000000001 0.1265625
7 0.38515625000000003 0.3671875 0.0578125 0.06875
7 0.33046875000000003 0.1203125 0.1921875 0.109375
7 0.50390625 0.5398437500000001 0.2515625 0.22031250000000002
7 0.42734375 0.29375 0.1203125 0.109375
7 0.54921875 0.38359375 0.2109375 0.1453125
3 0.7328125000000001 0.415625 0.20625000000000002 0.184375
3 0.72578125 0.59375 0.0546875 0.115625
3 0.80078125 0.596875 0.0328125 0.0625
7 0.52734375 0.15234375 0.1484375 0.1171875
