4 0.5593750000000001 0.34453125 0.30625 0.20468750000000002
4 0.49843750000000003 0.52578125 0.384375 0.3046875
3 0.496875 0.37265625 0.115625 0.1203125
3 0.64453125 0.36484375 0.0859375 0.1796875
3 0.359375 0.49531250000000004 0.10312500000000001 0.1125
3 0.5703125 0.6195312500000001 0.043750000000000004 0.1328125
3 0.9625 0.43828125 0.06875 0.2015625
3 0.94921875 0.6101562500000001 0.09531250000000001 0.2671875
3 0.51953125 0.84765625 0.1546875 0.2734375
4 0.12421875 0.9578125000000001 0.09843750000000001 0.084375
3 0.11953125 0.9773437500000001 0.051562500000000004 0.045312500000000006
4 0.8828125 0.42578125 0.07187500000000001 0.1078125
