3 0.15625 0.6039062500000001 0.09062500000000001 0.0921875
7 0.27265625 0.6312500000000001 0.1640625 0.184375
7 0.33437500000000003 0.69921875 0.0625 0.0765625
7 0.26328125 0.4375 0.1328125 0.146875
7 0.30546875 0.5296875 0.0765625 0.09062500000000001
7 0.35625 0.54453125 0.034375 0.0734375
7 0.42500000000000004 0.51328125 0.09062500000000001 0.1078125
3 0.46015625000000004 0.45078125 0.17343750000000002 0.16718750000000002
7 0.43125 0.22578125000000002 0.15000000000000002 0.19843750000000002
7 0.421875 0.10390625 0.05 0.0890625
3 0.5 0.08046875 0.084375 0.0921875
3 0.2109375 0.253125 0.0625 0.16875
3 0.32265625000000003 0.2734375 0.0546875 0.12812500000000002
3 0.42500000000000004 0.5789062500000001 0.046875 0.0484375
7 0.47500000000000003 0.6312500000000001 0.043750000000000004 0.065625
7 0.44843750000000004 0.6570312500000001 0.09375 0.1203125
7 0.45703125 0.76171875 0.0765625 0.1234375
7 0.53515625 0.33671875 0.035937500000000004 0.051562500000000004
7 0.4921875 0.32343750000000004 0.018750000000000003 0.040625
