5 0.86875 0.15937500000000002 0.2625 0.22812500000000002
5 0.9671875000000001 0.259375 0.065625 0.184375
5 0.6429687500000001 0.06875 0.2984375 0.1375
3 0.6742187500000001 0.03828125 0.1421875 0.0765625
3 0.8625 0.1453125 0.16875 0.125
3 0.7406250000000001 0.7312500000000001 0.125 0.096875
4 0.259375 0.9554687500000001 0.2 0.0890625
3 0.96796875 0.5578125 0.06406250000000001 0.115625
3 0.5953125 0.28046875 0.140625 0.1328125
3 0.7859375000000001 0.4859375 0.115625 0.078125
3 0.89375 0.29765625 0.09062500000000001 0.0765625
3 0.81015625 0.0078125 0.0578125 0.015625
3 0.6218750000000001 0.44843750000000004 0.07187500000000001 0.059375000000000004
