3 0.22890625 0.07109375 0.0671875 0.045312500000000006
3 0.37421875000000004 0.08281250000000001 0.0328125 0.037500000000000006
3 0.15234375 0.525 0.0578125 0.037500000000000006
3 0.8851562500000001 0.70625 0.045312500000000006 0.037500000000000006
3 0.92109375 0.6828125 0.0671875 0.037500000000000006
3 0.5671875000000001 0.73203125 0.046875 0.0578125
3 0.15234375 0.9375 0.0890625 0.034375
3 0.22968750000000002 0.946875 0.065625 0.046875
3 0.94453125 0.81796875 0.0328125 0.0328125
3 0.61328125 0.8093750000000001 0.0734375 0.03125
3 0.6179687500000001 0.8359375 0.026562500000000003 0.025
