6 0.5632812500000001 0.41953125 0.1453125 0.2265625
3 0.6203125 0.6195312500000001 0.028125 0.11406250000000001
3 0.5710937500000001 0.50625 0.0546875 0.037500000000000006
6 0.50234375 0.46171875 0.0421875 0.08281250000000001
6 0.5296875 0.52578125 0.037500000000000006 0.0390625
6 0.49843750000000003 0.28046875 0.12187500000000001 0.11406250000000001
5 0.46015625000000004 0.578125 0.0765625 0.0625
6 0.4921875 0.5578125 0.05625 0.046875
7 0.04453125 0.3125 0.0484375 0.040625
7 0.5164062500000001 0.90390625 0.035937500000000004 0.1171875
7 0.56171875 0.96796875 0.0328125 0.051562500000000004
3 0.56171875 0.93671875 0.0171875 0.0390625
7 0.18203125 0.9640625 0.0859375 0.046875
5 0.37343750000000003 0.50234375 0.09375 0.09531250000000001
6 0.5109375 0.5789062500000001 0.08750000000000001 0.0578125
3 0.5703125 0.578125 0.021875000000000002 0.046875
