3 0.8296875 0.48515625 0.07187500000000001 0.1421875
3 0.7601562500000001 0.5710937500000001 0.18281250000000002 0.0765625
3 0.57578125 0.95703125 0.2265625 0.0859375
7 0.6804687500000001 0.1125 0.045312500000000006 0.10625000000000001
7 0.6125 0.046875 0.03125 0.09375
7 0.5390625 0.1296875 0.15625 0.259375
7 0.38671875 0.33515625000000004 0.1265625 0.1421875
7 0.36250000000000004 0.1703125 0.065625 0.046875
7 0.321875 0.259375 0.059375000000000004 0.053125000000000006
7 0.51875 0.6742187500000001 0.41875 0.31093750000000003
7 0.26484375 0.7718750000000001 0.19843750000000002 0.1625
7 0.35468750000000004 0.44921875 0.29375 0.1953125
3 0.21953125 0.30625 0.0703125 0.10312500000000001
