3 0.55 0.6585937500000001 0.040625 0.026562500000000003
7 0.38671875 0.56875 0.1953125 0.3125
7 0.5554687500000001 0.6531250000000001 0.1484375 0.31562500000000004
7 0.58046875 0.46406250000000004 0.15781250000000002 0.059375000000000004
7 0.62265625 0.40234375 0.09843750000000001 0.0671875
7 0.43046875 0.3171875 0.2234375 0.18125000000000002
7 0.8140625 0.32890625 0.19687500000000002 0.1796875
7 0.69296875 0.3296875 0.0859375 0.0625
7 0.41953125 0.21953125 0.1640625 0.0703125
7 0.24921875000000002 0.28828125 0.1546875 0.09843750000000001
