3 0.42421875000000003 0.53046875 0.1046875 0.15156250000000002
3 0.43281250000000004 0.9070312500000001 0.05625 0.1078125
3 0.7976562500000001 0.52734375 0.0703125 0.0578125
3 0.87109375 0.43359375 0.1015625 0.0765625
3 0.6351562500000001 0.31562500000000004 0.0859375 0.0625
3 0.25078125 0.1875 0.045312500000000006 0.059375000000000004
7 0.634375 0.40625 0.31562500000000004 0.203125
7 0.36875 0.29921875000000003 0.21875 0.1453125
7 0.33671875 0.47421875 0.051562500000000004 0.15156250000000002
7 0.240625 0.44375000000000003 0.08750000000000001 0.17500000000000002
