7 0.02734375 0.28046875 0.0484375 0.0765625
7 0.08125 0.25703125 0.028125 0.026562500000000003
7 0.0921875 0.19296875000000002 0.059375000000000004 0.0484375
7 0.18984375 0.31875000000000003 0.0484375 0.021875000000000002
7 0.10703125000000001 0.36015625 0.0890625 0.0859375
3 0.11093750000000001 0.40078125000000003 0.028125 0.0234375
7 0.49921875000000004 0.6953125 0.1046875 0.140625
7 0.61875 0.7171875000000001 0.065625 0.06875
7 0.62421875 0.65625 0.1453125 0.11875000000000001
7 0.521875 0.56875 0.14375000000000002 0.07187500000000001
7 0.5164062500000001 0.5125000000000001 0.1546875 0.06875
3 0.38359375 0.61484375 0.0390625 0.0390625
3 0.40234375 0.5453125 0.026562500000000003 0.03125
3 0.34218750000000003 0.51328125 0.059375000000000004 0.0734375
7 0.4609375 0.44375000000000003 0.06875 0.03125
7 0.45156250000000003 0.4078125 0.043750000000000004 0.037500000000000006
7 0.41953125 0.23593750000000002 0.0703125 0.096875
3 0.37109375 0.30625 0.035937500000000004 0.06875
7 0.32343750000000004 0.23828125 0.078125 0.0765625
7 0.1953125 0.19687500000000002 0.140625 0.065625
3 0.19062500000000002 0.19062500000000002 0.046875 0.0125
7 0.67890625 0.24531250000000002 0.1015625 0.09375
7 0.58515625 0.340625 0.0671875 0.046875
7 0.12109375 0.8296875 0.07968750000000001 0.05625
7 0.18046875 0.7765625 0.0390625 0.040625
7 0.026562500000000003 0.14453125 0.053125000000000006 0.029687500000000002
7 0.59609375 0.27968750000000003 0.060937500000000006 0.037500000000000006
7 0.496875 0.23750000000000002 0.040625 0.037500000000000006
7 0.59375 0.23750000000000002 0.046875 0.021875000000000002
3 0.353125 0.63984375 0.037500000000000006 0.010937500000000001
7 0.38906250000000003 0.10625000000000001 0.084375 0.053125000000000006
7 0.628125 0.04609375 0.03125 0.0390625
7 0.1625 0.59375 0.08750000000000001 0.1
