4 0.5578125 0.0625 0.375 0.125
4 0.01640625 0.17265625 0.0328125 0.1171875
4 0.34296875000000004 0.26328125 0.4890625 0.3203125
4 0.44062500000000004 0.32109375 0.171875 0.1296875
4 0.5328125 0.63046875 0.21875 0.24531250000000002
4 0.27421875 0.5703125 0.32343750000000004 0.21250000000000002
4 0.415625 0.71796875 0.240625 0.2671875
4 0.8609375 0.6203125 0.278125 0.20625000000000002
3 0.55390625 0.29453125 0.07968750000000001 0.060937500000000006
3 0.259375 0.60078125 0.1375 0.0890625
3 0.5710937500000001 0.6804687500000001 0.0859375 0.0671875
3 0.48750000000000004 0.05625 0.15625 0.1125
