7 0.23593750000000002 0.014843750000000001 0.184375 0.029687500000000002
7 0.05078125 0.04609375 0.1015625 0.0921875
7 0.12187500000000001 0.12812500000000002 0.24375000000000002 0.13125
7 0.44140625 0.02421875 0.1203125 0.0484375
7 0.44296875 0.34218750000000003 0.2578125 0.15000000000000002
7 0.47265625 0.24921875000000002 0.1546875 0.0890625
7 0.7390625000000001 0.3375 0.125 0.096875
7 0.80234375 0.43359375 0.26406250000000003 0.1015625
7 0.20078125000000002 0.54609375 0.2078125 0.1796875
7 0.5632812500000001 0.5789062500000001 0.3484375 0.2765625
2 0.9710937500000001 0.5703125 0.0578125 0.084375
3 0.58203125 0.8203125 0.32343750000000004 0.109375
3 0.81796875 0.78828125 0.09843750000000001 0.09531250000000001
3 0.47500000000000003 0.953125 0.12187500000000001 0.09375
3 0.96796875 0.9578125000000001 0.06406250000000001 0.08125
3 0.73828125 0.9070312500000001 0.0890625 0.060937500000000006
3 0.6140625000000001 0.6742187500000001 0.059375000000000004 0.0578125
3 0.7601562500000001 0.596875 0.1234375 0.059375000000000004
3 0.278125 0.98046875 0.059375000000000004 0.0390625
7 0.30390625000000004 0.20546875 0.06406250000000001 0.1015625
3 0.7429687500000001 0.053125000000000006 0.06406250000000001 0.09062500000000001
