7 0.53671875 0.46015625000000004 0.2984375 0.5578125
7 0.36640625000000004 0.55390625 0.1078125 0.1953125
7 0.36171875000000003 0.33906250000000004 0.1078125 0.134375
7 0.815625 0.08671875000000001 0.2 0.16718750000000002
7 0.2265625 0.21484375 0.07500000000000001 0.1484375
7 0.20390625 0.33437500000000003 0.0703125 0.07500000000000001
3 0.26406250000000003 0.496875 0.040625 0.053125000000000006
3 0.6125 0.8609375 0.184375 0.246875
3 0.9609375 0.62890625 0.059375000000000004 0.051562500000000004
3 0.58359375 0.34296875000000004 0.0703125 0.1171875
7 0.5398437500000001 0.0328125 0.0578125 0.059375000000000004
