7 0.10390625 0.30625 0.13593750000000002 0.0625
7 0.15625 0.23203125000000002 0.08750000000000001 0.0671875
7 0.20859375000000002 0.30546875 0.0578125 0.0421875
7 0.26953125 0.2890625 0.051562500000000004 0.034375
7 0.32656250000000003 0.253125 0.10625000000000001 0.043750000000000004
7 0.55234375 0.36562500000000003 0.1796875 0.115625
7 0.41718750000000004 0.31953125000000004 0.06875 0.06406250000000001
7 0.25 0.40625 0.140625 0.08750000000000001
3 0.3828125 0.503125 0.125 0.10625000000000001
3 0.38906250000000003 0.40937500000000004 0.08750000000000001 0.034375
3 0.5296875 0.42890625000000004 0.037500000000000006 0.0328125
3 0.7703125000000001 0.8656250000000001 0.046875 0.084375
3 0.7078125000000001 0.9703125 0.1 0.053125000000000006
3 0.7000000000000001 0.690625 0.078125 0.096875
3 0.6468750000000001 0.77109375 0.043750000000000004 0.026562500000000003
3 0.47109375000000003 0.9296875 0.0578125 0.07187500000000001
3 0.05859375 0.6296875000000001 0.0890625 0.11875000000000001
3 0.16796875 0.5867187500000001 0.11406250000000001 0.045312500000000006
3 0.19453125000000002 0.6257812500000001 0.0484375 0.0421875
3 0.95859375 0.6781250000000001 0.0765625 0.06875
3 0.984375 0.7601562500000001 0.028125 0.029687500000000002
3 0.5984375000000001 0.909375 0.09062500000000001 0.03125
3 0.61640625 0.86875 0.0765625 0.043750000000000004
3 0.2625 0.4859375 0.08750000000000001 0.037500000000000006
3 0.1390625 0.5320312500000001 0.046875 0.029687500000000002
3 0.9109375000000001 0.553125 0.16875 0.084375
3 0.96015625 0.06640625 0.060937500000000006 0.0421875
