7 0.70859375 0.41171875 0.1609375 0.1015625
7 0.3953125 0.38984375000000004 0.08125 0.07968750000000001
7 0.46171875 0.4734375 0.09531250000000001 0.059375000000000004
7 0.4625 0.5296875 0.059375000000000004 0.05
7 0.525 0.51875 0.059375000000000004 0.0625
7 0.74609375 0.53046875 0.08281250000000001 0.0671875
7 0.52890625 0.66953125 0.1859375 0.0703125
7 0.61328125 0.26015625000000003 0.11406250000000001 0.1171875
7 0.6578125 0.18359375 0.1625 0.1015625
3 0.47890625000000003 0.3375 0.051562500000000004 0.046875
3 0.39453125 0.65 0.08281250000000001 0.040625
