7 0.76953125 0.52265625 0.1328125 0.1296875
7 0.62265625 0.5476562500000001 0.1265625 0.08281250000000001
7 0.24609375 0.5375 0.1234375 0.065625
7 0.32578125 0.86875 0.08281250000000001 0.046875
7 0.26875 0.68359375 0.13125 0.0484375
7 0.18203125 0.86328125 0.07968750000000001 0.0421875
3 0.140625 0.74765625 0.05625 0.051562500000000004
7 0.09531250000000001 0.83125 0.08125 0.1
7 0.5640625 0.40859375000000003 0.043750000000000004 0.0390625
7 0.3984375 0.42812500000000003 0.07187500000000001 0.043750000000000004
7 0.4296875 0.5515625000000001 0.059375000000000004 0.034375
7 0.3984375 0.53671875 0.043750000000000004 0.0234375
7 0.58515625 0.6218750000000001 0.06406250000000001 0.028125
7 0.50625 0.64453125 0.046875 0.029687500000000002
7 0.38984375000000004 0.603125 0.1609375 0.0625
7 0.22968750000000002 0.96484375 0.078125 0.0703125
7 0.31875000000000003 0.8265625000000001 0.05 0.046875
7 0.3953125 0.7625000000000001 0.19375 0.07500000000000001
7 0.58515625 0.7117187500000001 0.15781250000000002 0.1171875
7 0.55 0.2390625 0.16875 0.146875
7 0.40625 0.1859375 0.0625 0.06875
7 0.3484375 0.31796875 0.053125000000000006 0.0734375
7 0.75546875 0.33125000000000004 0.0859375 0.046875
7 0.41171875 0.9226562500000001 0.09531250000000001 0.1234375
3 0.371875 0.37421875000000004 0.06875 0.0484375
