4 0.01953125 0.265625 0.0390625 0.184375
3 0.134375 0.13359375 0.096875 0.0734375
3 0.09062500000000001 0.21250000000000002 0.10312500000000001 0.07500000000000001
3 0.2515625 0.46484375 0.07187500000000001 0.0578125
3 0.36328125 0.4578125 0.051562500000000004 0.040625
3 0.62421875 0.5859375 0.0390625 0.043750000000000004
4 0.21171875 0.096875 0.07968750000000001 0.1375
4 0.23671875 0.23125 0.20468750000000002 0.084375
4 0.359375 0.28671875 0.16562500000000002 0.09531250000000001
4 0.21796875000000002 0.34453125 0.3046875 0.0859375
4 0.40546875000000004 0.38828125 0.21406250000000002 0.09843750000000001
4 0.6515625 0.26406250000000003 0.225 0.11875000000000001
3 0.6421875 0.30546875 0.065625 0.0578125
3 0.7132812500000001 0.21953125 0.035937500000000004 0.0234375
4 0.4578125 0.18281250000000002 0.146875 0.09375
3 0.49765625 0.17109375000000002 0.045312500000000006 0.0578125
3 0.9476562500000001 0.7578125 0.09531250000000001 0.05
