4 0.43203125000000003 0.7234375000000001 0.37343750000000003 0.48125
7 0.5078125 0.92734375 0.08125 0.051562500000000004
7 0.49765625 0.78125 0.1546875 0.19375
7 0.43515625 0.55234375 0.3453125 0.1328125
3 0.6937500000000001 0.546875 0.096875 0.0625
3 0.70703125 0.47421875 0.11093750000000001 0.06406250000000001
3 0.5796875 0.5164062500000001 0.028125 0.0203125
3 0.58046875 0.5546875 0.029687500000000002 0.037500000000000006
3 0.18359375 0.5265625 0.0765625 0.0625
3 0.1296875 0.60703125 0.08125 0.035937500000000004
3 0.08828125 0.47187500000000004 0.0921875 0.109375
3 0.1390625 0.67109375 0.1375 0.0765625
3 0.16484375 0.74765625 0.1296875 0.045312500000000006
3 0.23203125000000002 0.7921875 0.045312500000000006 0.028125
3 0.15234375 0.8125 0.08281250000000001 0.028125
4 0.125 0.609375 0.246875 0.43125
4 0.18984375 0.9226562500000001 0.37031250000000004 0.15156250000000002
3 0.12734375 0.9546875 0.06406250000000001 0.040625
3 0.23828125 0.98828125 0.0734375 0.0203125
3 0.31953125000000004 0.94140625 0.0765625 0.060937500000000006
3 0.9515625000000001 0.7921875 0.07187500000000001 0.08750000000000001
4 0.66953125 0.90390625 0.22031250000000002 0.1484375
4 0.52890625 0.9695312500000001 0.1453125 0.0546875
4 0.80078125 0.8234375 0.09531250000000001 0.09375
4 0.9359375000000001 0.70859375 0.12812500000000002 0.07968750000000001
4 0.7523437500000001 0.68515625 0.09843750000000001 0.1015625
4 0.925 0.56640625 0.15000000000000002 0.15781250000000002
4 0.8765625 0.6453125000000001 0.12187500000000001 0.11875000000000001
4 0.62109375 0.34609375000000003 0.1921875 0.15781250000000002
4 0.81796875 0.22031250000000002 0.1078125 0.15000000000000002
7 0.26328125 0.215625 0.1015625 0.09062500000000001
7 0.25 0.09375 0.08750000000000001 0.059375000000000004
7 0.1609375 0.246875 0.037500000000000006 0.043750000000000004
3 0.10625000000000001 0.35781250000000003 0.096875 0.05625
3 0.032031250000000004 0.27421875 0.051562500000000004 0.0421875
4 0.49062500000000003 0.2234375 0.153125 0.1125
