7 0.63671875 0.49453125000000003 0.1484375 0.09531250000000001
7 0.5703125 0.584375 0.13125 0.07500000000000001
7 0.9296875 0.57421875 0.1375 0.09843750000000001
7 0.53046875 0.603125 0.0421875 0.034375
7 0.5984375000000001 0.57734375 0.12812500000000002 0.08281250000000001
7 0.4375 0.6335937500000001 0.16562500000000002 0.1328125
7 0.4375 0.1546875 0.109375 0.078125
7 0.11171875 0.1859375 0.1609375 0.140625
3 0.32734375000000004 0.04296875 0.1046875 0.0859375
7 0.25078125 0.2390625 0.0859375 0.0625
7 0.7835937500000001 0.78515625 0.060937500000000006 0.045312500000000006
7 0.540625 0.52734375 0.05 0.0421875
