3 0.30781250000000004 0.0125 0.084375 0.025
3 0.25 0.047656250000000004 0.034375 0.0546875
3 0.1015625 0.12109375 0.034375 0.0671875
3 0.38593750000000004 0.0703125 0.12812500000000002 0.03125
3 0.46484375 0.1625 0.19843750000000002 0.13125
3 0.5437500000000001 0.28203125 0.1125 0.0578125
3 0.6328125 0.30781250000000004 0.084375 0.0625
3 0.7585937500000001 0.4578125 0.0484375 0.037500000000000006
3 0.37734375000000003 0.4765625 0.060937500000000006 0.043750000000000004
3 0.5007812500000001 0.75703125 0.19843750000000002 0.20468750000000002
3 0.8093750000000001 0.057031250000000006 0.13125 0.11406250000000001
4 0.5632812500000001 0.72265625 0.5328125 0.2421875
4 0.6625000000000001 0.48671875000000003 0.665625 0.1546875
2 0.1796875 0.16171875000000002 0.10625000000000001 0.0734375
2 0.30390625000000004 0.24140625000000002 0.20468750000000002 0.0921875
2 0.49453125000000003 0.15390625000000002 0.11093750000000001 0.08281250000000001
2 0.8125 0.51328125 0.36250000000000004 0.1203125
2 0.4890625 0.43125 0.25625000000000003 0.08125
2 0.51875 0.5375 0.15625 0.05625
