3 0.78125 0.0328125 0.040625 0.034375
3 0.37109375 0.11093750000000001 0.0390625 0.025
3 0.15234375 0.4625 0.0390625 0.03125
3 0.25703125 0.4234375 0.045312500000000006 0.05
3 0.05859375 0.571875 0.0421875 0.025
3 0.45703125 0.6390625000000001 0.026562500000000003 0.028125
3 0.434375 0.7015625000000001 0.03125 0.018750000000000003
3 0.55703125 0.46015625000000004 0.051562500000000004 0.0234375
3 0.46171875 0.3953125 0.0421875 0.028125
3 0.7000000000000001 0.051562500000000004 0.053125000000000006 0.037500000000000006
3 0.9046875000000001 0.010937500000000001 0.053125000000000006 0.021875000000000002
3 0.40625 0.24375000000000002 0.046875 0.028125
3 0.15390625000000002 0.29921875000000003 0.0234375 0.0203125
3 0.671875 0.44375000000000003 0.05 0.021875000000000002
3 0.6671875 0.353125 0.03125 0.018750000000000003
