3 0.36250000000000004 0.7468750000000001 0.1375 0.059375000000000004
4 0.15390625000000002 0.628125 0.3046875 0.240625
3 0.45546875000000003 0.8515625 0.0859375 0.08125
3 0.553125 0.6882812500000001 0.1375 0.1484375
3 0.6000000000000001 0.36171875000000003 0.09062500000000001 0.0859375
7 0.5906250000000001 0.40859375000000003 0.15000000000000002 0.1078125
3 0.1484375 0.23671875 0.10312500000000001 0.0734375
3 0.26640625 0.234375 0.1046875 0.037500000000000006
3 0.178125 0.85546875 0.059375000000000004 0.0765625
3 0.060937500000000006 0.796875 0.11875000000000001 0.07500000000000001
3 0.6734375 0.61328125 0.06875 0.029687500000000002
3 0.8210937500000001 0.48671875000000003 0.1046875 0.045312500000000006
3 0.9617187500000001 0.7984375 0.0390625 0.040625
3 0.70234375 0.7039062500000001 0.0671875 0.1203125
3 0.7828125 0.690625 0.09062500000000001 0.15625
3 0.8484375000000001 0.7828125 0.15937500000000002 0.11875000000000001
3 0.8484375000000001 0.55 0.043750000000000004 0.018750000000000003
3 0.36484375 0.6453125000000001 0.060937500000000006 0.037500000000000006
