4 0.38515625000000003 0.51328125 0.5921875 0.2328125
4 0.853125 0.5796875 0.284375 0.27187500000000003
3 0.8375 0.671875 0.140625 0.0625
3 0.9460937500000001 0.59296875 0.1078125 0.1453125
3 0.7625000000000001 0.6335937500000001 0.053125000000000006 0.029687500000000002
3 0.40078125000000003 0.609375 0.2890625 0.065625
3 0.6273437500000001 0.5890625 0.0546875 0.037500000000000006
3 0.6898437500000001 0.7609375 0.1703125 0.07187500000000001
4 0.753125 0.90390625 0.253125 0.15156250000000002
4 0.055468750000000004 0.94296875 0.1015625 0.11406250000000001
4 0.20859375000000002 0.07968750000000001 0.4109375 0.09375
4 0.7898437500000001 0.041406250000000006 0.1234375 0.0671875
3 0.6257812500000001 0.0203125 0.0328125 0.034375
4 0.7078125000000001 0.10312500000000001 0.125 0.065625
4 0.8828125 0.3125 0.203125 0.1125
4 0.9226562500000001 0.2484375 0.07968750000000001 0.078125
3 0.8921875 0.3203125 0.07187500000000001 0.03125
3 0.9375 0.246875 0.025 0.03125
4 0.84375 0.39453125 0.184375 0.1171875
4 0.7140625 0.37343750000000003 0.0625 0.078125
4 0.14375000000000002 0.390625 0.09375 0.115625
