7 0.25703125 0.37421875000000004 0.1296875 0.0859375
7 0.0890625 0.24140625000000002 0.15000000000000002 0.11406250000000001
7 0.34921875 0.19453125000000002 0.11093750000000001 0.1046875
7 0.36015625 0.039843750000000004 0.1046875 0.07968750000000001
7 0.8992187500000001 0.33906250000000004 0.1421875 0.16875
7 0.7898437500000001 0.15703125 0.0921875 0.15156250000000002
3 0.6960937500000001 0.1546875 0.0734375 0.0625
3 0.7203125 0.296875 0.07500000000000001 0.053125000000000006
3 0.70078125 0.26640625 0.045312500000000006 0.0234375
3 0.19140625 0.1234375 0.1234375 0.03125
3 0.11406250000000001 0.15078125 0.046875 0.0234375
3 0.91953125 0.02109375 0.060937500000000006 0.0421875
3 0.9859375 0.16171875000000002 0.021875000000000002 0.0328125
3 0.32578125 0.4859375 0.1296875 0.065625
3 0.6046875 0.42500000000000004 0.065625 0.09375
3 0.0390625 0.9031250000000001 0.078125 0.037500000000000006
