4 0.2515625 0.54453125 0.503125 0.5453125
4 0.7585937500000001 0.6375000000000001 0.4265625 0.640625
4 0.36562500000000003 0.8656250000000001 0.321875 0.26875
4 0.36171875000000003 0.7937500000000001 0.21406250000000002 0.19062500000000002
4 0.56484375 0.73046875 0.2078125 0.2234375
4 0.05859375 0.2421875 0.1171875 0.19062500000000002
4 0.39765625000000004 0.1703125 0.15781250000000002 0.25
4 0.53828125 0.07187500000000001 0.2234375 0.14375000000000002
3 0.26015625000000003 0.6109375 0.1078125 0.1
3 0.1015625 0.5375 0.203125 0.21250000000000002
3 0.36250000000000004 0.3953125 0.153125 0.15625
3 0.29375 0.33671875 0.12812500000000002 0.0921875
3 0.26640625 0.8671875 0.0484375 0.0625
3 0.7796875000000001 0.37812500000000004 0.134375 0.16875
3 0.88671875 0.8390625 0.0578125 0.06875
3 0.07109375 0.21406250000000002 0.045312500000000006 0.06875
4 0.38828125 0.60546875 0.2390625 0.26406250000000003
