3 0.3296875 0.8109375000000001 0.09375 0.17500000000000002
3 0.36250000000000004 0.584375 0.10312500000000001 0.25
3 0.671875 0.9242187500000001 0.10312500000000001 0.1234375
3 0.703125 0.7210937500000001 0.19687500000000002 0.2390625
3 0.8828125 0.7039062500000001 0.140625 0.1859375
3 0.25390625 0.51484375 0.11406250000000001 0.32656250000000003
3 0.5398437500000001 0.4109375 0.2390625 0.171875
3 0.35625 0.3046875 0.22812500000000002 0.253125
3 0.5625 0.26406250000000003 0.184375 0.115625
3 0.77109375 0.31562500000000004 0.1203125 0.18125000000000002
3 0.77265625 0.17265625 0.20468750000000002 0.2015625
3 0.93671875 0.055468750000000004 0.0859375 0.11093750000000001
3 0.6078125000000001 0.05078125 0.146875 0.1015625
3 0.19296875000000002 0.9109375000000001 0.1296875 0.134375
