7 0.29921875000000003 0.6039062500000001 0.1859375 0.1296875
7 0.41953125 0.35703125 0.1484375 0.1421875
7 0.5476562500000001 0.2671875 0.1703125 0.27187500000000003
3 0.6625000000000001 0.55078125 0.171875 0.2390625
7 0.3171875 0.07421875 0.153125 0.1328125
7 0.34375 0.7835937500000001 0.06875 0.1078125
7 0.45234375000000004 0.79609375 0.16718750000000002 0.2609375
7 0.39921875 0.6765625000000001 0.2015625 0.11875000000000001
7 0.49921875000000004 0.9539062500000001 0.16718750000000002 0.0890625
7 0.953125 0.04453125 0.09375 0.0890625
