7 0.5593750000000001 0.7078125000000001 0.353125 0.19375
7 0.3359375 0.55234375 0.1375 0.1609375
7 0.91796875 0.49296875 0.1609375 0.1265625
7 0.18515625000000002 0.38984375000000004 0.1796875 0.1234375
3 0.15859375 0.91328125 0.1453125 0.0671875
3 0.9171875 0.91953125 0.07500000000000001 0.0546875
3 0.49375 0.22265625 0.10312500000000001 0.09843750000000001
7 0.70859375 0.27421875 0.13593750000000002 0.1296875
7 0.5007812500000001 0.5578125 0.0484375 0.028125
7 0.790625 0.03671875 0.21875 0.0546875
5 0.6828125 0.12734375 0.1125 0.06406250000000001
