3 0.48046875 0.45390625 0.09843750000000001 0.11406250000000001
3 0.74609375 0.5164062500000001 0.0890625 0.0578125
3 0.6976562500000001 0.56015625 0.045312500000000006 0.0390625
3 0.371875 0.39375000000000004 0.12812500000000002 0.134375
3 0.453125 0.5320312500000001 0.09375 0.0328125
3 0.7234375000000001 0.984375 0.065625 0.03125
3 0.70625 0.9226562500000001 0.06875 0.0578125
3 0.8210937500000001 0.91796875 0.0578125 0.0734375
3 0.48281250000000003 0.81171875 0.08750000000000001 0.11093750000000001
3 0.38046875 0.8296875 0.1046875 0.07500000000000001
3 0.6484375 0.049218750000000006 0.07500000000000001 0.08281250000000001
3 0.73203125 0.40156250000000004 0.0578125 0.171875
3 0.13984375000000002 0.43671875000000004 0.035937500000000004 0.0328125
3 0.2078125 0.025 0.021875000000000002 0.05
