4 0.057031250000000006 0.19062500000000002 0.11406250000000001 0.171875
4 0.039843750000000004 0.49609375 0.07968750000000001 0.2546875
4 0.29921875000000003 0.56484375 0.2578125 0.31093750000000003
4 0.38203125000000004 0.28671875 0.1703125 0.2015625
4 0.41953125 0.0234375 0.2109375 0.046875
4 0.6726562500000001 0.203125 0.2828125 0.1625
4 0.5593750000000001 0.00859375 0.115625 0.0171875
3 0.94140625 0.05234375 0.0421875 0.0234375
3 0.70234375 0.14765625000000002 0.051562500000000004 0.026562500000000003
3 0.025 0.1484375 0.05 0.059375000000000004
7 0.01953125 0.690625 0.0390625 0.08125
7 0.029687500000000002 0.6953125 0.059375000000000004 0.134375
