4 0.10546875 0.6125 0.1609375 0.2
3 0.0921875 0.6156250000000001 0.043750000000000004 0.040625
3 0.15546875000000002 0.67578125 0.0328125 0.0328125
4 0.265625 0.56875 0.07187500000000001 0.12812500000000002
4 0.12187500000000001 0.5234375 0.037500000000000006 0.05625
4 0.2078125 0.49921875000000004 0.08750000000000001 0.051562500000000004
3 0.21171875 0.49843750000000003 0.026562500000000003 0.034375
3 0.36796875 0.66171875 0.0671875 0.051562500000000004
3 0.3375 0.6062500000000001 0.07187500000000001 0.053125000000000006
3 0.45078125 0.42812500000000003 0.051562500000000004 0.040625
3 0.52890625 0.43359375 0.035937500000000004 0.029687500000000002
3 0.7109375 0.34453125 0.028125 0.029687500000000002
4 0.4234375 0.6859375000000001 0.05625 0.096875
4 0.44062500000000004 0.5921875 0.14375000000000002 0.059375000000000004
4 0.5265625 0.55390625 0.115625 0.0671875
4 0.42734375 0.5140625 0.21406250000000002 0.059375000000000004
4 0.5578125 0.48281250000000003 0.15000000000000002 0.06875
4 0.73046875 0.56953125 0.15781250000000002 0.08281250000000001
3 0.7234375000000001 0.540625 0.046875 0.040625
3 0.7734375 0.60078125 0.025 0.0171875
4 0.5953125 0.6265625 0.10312500000000001 0.065625
3 0.6234375000000001 0.634375 0.03125 0.040625
3 0.78828125 0.8296875 0.0421875 0.03125
3 0.9375 0.22421875000000002 0.065625 0.035937500000000004
