4 0.29296875 0.31640625 0.1921875 0.2828125
4 0.79609375 0.421875 0.3453125 0.35000000000000003
4 0.8679687500000001 0.19296875000000002 0.22968750000000002 0.1015625
4 0.5046875000000001 0.2625 0.20625000000000002 0.17500000000000002
3 0.22265625 0.30781250000000004 0.0765625 0.16562500000000002
3 0.33125000000000004 0.21796875000000002 0.07500000000000001 0.026562500000000003
3 0.3296875 0.28125 0.084375 0.05
3 0.37031250000000004 0.36640625000000004 0.0625 0.09843750000000001
3 0.46484375 0.31953125000000004 0.11406250000000001 0.0671875
3 0.6703125000000001 0.3640625 0.065625 0.043750000000000004
3 0.67109375 0.290625 0.0703125 0.025
3 0.8187500000000001 0.496875 0.146875 0.0625
3 0.84375 0.20078125000000002 0.10312500000000001 0.035937500000000004
3 0.8851562500000001 0.16953125000000002 0.1046875 0.0171875
3 0.171875 0.051562500000000004 0.08750000000000001 0.1
3 0.05625 0.03515625 0.05625 0.051562500000000004
3 0.2859375 0.07890625000000001 0.134375 0.07968750000000001
3 0.52265625 0.7375 0.0671875 0.053125000000000006
3 0.3203125 0.51015625 0.07187500000000001 0.026562500000000003
3 0.5359375000000001 0.5281250000000001 0.05 0.05
3 0.59765625 0.54921875 0.029687500000000002 0.035937500000000004
3 0.58828125 0.45234375000000004 0.045312500000000006 0.060937500000000006
3 0.035937500000000004 0.24140625000000002 0.059375000000000004 0.0390625
3 0.045312500000000006 0.3125 0.046875 0.037500000000000006
3 0.09921875000000001 0.3984375 0.045312500000000006 0.034375
3 0.6781250000000001 0.03359375 0.096875 0.0671875
3 0.7328125000000001 0.8359375 0.10312500000000001 0.05625
3 0.7703125000000001 0.7671875 0.09375 0.018750000000000003
3 0.853125 0.97421875 0.043750000000000004 0.045312500000000006
