7 0.49531250000000004 0.3046875 0.1375 0.215625
7 0.0734375 0.32890625 0.146875 0.2265625
7 0.134375 0.62109375 0.1875 0.11406250000000001
7 0.84140625 0.46640625 0.1234375 0.1078125
3 0.7265625 0.25390625 0.240625 0.1171875
3 0.6515625 0.40234375 0.140625 0.09843750000000001
3 0.95234375 0.36328125 0.09531250000000001 0.0546875
7 0.43515625 0.55234375 0.1484375 0.0765625
7 0.17500000000000002 0.046875 0.240625 0.084375
7 0.022656250000000003 0.534375 0.045312500000000006 0.115625
4 0.029687500000000002 0.11953125 0.059375000000000004 0.21406250000000002
3 0.9578125000000001 0.6429687500000001 0.078125 0.0484375
