7 0.59375 0.23046875 0.171875 0.0765625
5 0.8914062500000001 0.81640625 0.1015625 0.11406250000000001
7 0.0578125 0.62265625 0.1125 0.1765625
7 0.06328125 0.51796875 0.0703125 0.045312500000000006
7 0.04296875 0.403125 0.08281250000000001 0.06875
7 0.16953125000000002 0.39375000000000004 0.1078125 0.06875
7 0.26875 0.434375 0.08125 0.096875
3 0.18906250000000002 0.46640625 0.043750000000000004 0.0328125
3 0.10859375 0.47734375 0.0421875 0.0234375
7 0.69296875 0.5140625 0.1203125 0.153125
7 0.78515625 0.7210937500000001 0.0328125 0.0703125
5 0.98203125 0.65234375 0.035937500000000004 0.06406250000000001
3 0.8812500000000001 0.6179687500000001 0.078125 0.0203125
3 0.80859375 0.6039062500000001 0.0546875 0.0203125
3 0.91328125 0.57265625 0.060937500000000006 0.0234375
