3 0.49140625000000004 0.4859375 0.3609375 0.078125
3 0.73359375 0.48671875000000003 0.1015625 0.09531250000000001
3 0.55234375 0.59609375 0.2984375 0.07968750000000001
3 0.93671875 0.30390625000000004 0.1265625 0.1171875
3 0.7265625 0.9234375 0.21250000000000002 0.084375
3 0.48203125 0.796875 0.0890625 0.078125
3 0.91015625 0.7039062500000001 0.1015625 0.060937500000000006
3 0.8640625000000001 0.90625 0.140625 0.13125
3 0.8601562500000001 0.035937500000000004 0.0578125 0.065625
3 0.43203125000000003 0.15703125 0.08281250000000001 0.09531250000000001
3 0.1046875 0.6687500000000001 0.115625 0.184375
3 0.5953125 0.66796875 0.109375 0.0703125
3 0.9906250000000001 0.6578125 0.018750000000000003 0.046875
3 0.91328125 0.5890625 0.0671875 0.046875
