5 0.4921875 0.28750000000000003 0.09062500000000001 0.13125
5 0.5984375000000001 0.22187500000000002 0.1 0.1375
3 0.58515625 0.259375 0.0390625 0.021875000000000002
5 0.13203125000000002 0.17578125 0.1484375 0.1265625
2 0.19843750000000002 0.20390625 0.053125000000000006 0.0484375
3 0.821875 0.39375000000000004 0.09062500000000001 0.043750000000000004
3 0.83984375 0.43125 0.0703125 0.034375
3 0.9382812500000001 0.44296875 0.0546875 0.045312500000000006
3 0.6625000000000001 0.45234375000000004 0.046875 0.0328125
3 0.55859375 0.49609375 0.1484375 0.0578125
3 0.5593750000000001 0.5734375 0.040625 0.084375
3 0.72421875 0.5421875 0.045312500000000006 0.034375
3 0.7468750000000001 0.61640625 0.096875 0.0703125
3 0.48281250000000003 0.6976562500000001 0.15625 0.045312500000000006
2 0.37109375 0.6640625 0.0921875 0.040625
3 0.39453125 0.6468750000000001 0.045312500000000006 0.028125
3 0.41328125000000004 0.7679687500000001 0.0890625 0.1203125
3 0.584375 0.8578125000000001 0.078125 0.06875
3 0.03671875 0.9328125 0.0703125 0.028125
3 0.29453125 0.95859375 0.026562500000000003 0.0390625
3 0.5859375 0.92109375 0.040625 0.029687500000000002
3 0.08125 0.5671875000000001 0.040625 0.043750000000000004
2 0.13671875 0.7351562500000001 0.1765625 0.06406250000000001
2 0.5 0.6062500000000001 0.1125 0.037500000000000006
2 0.784375 0.75703125 0.125 0.0671875
2 0.52734375 0.4140625 0.0921875 0.053125000000000006
2 0.02421875 0.32421875 0.0484375 0.0484375
3 0.1875 0.4546875 0.025 0.040625
3 0.32578125 0.47734375 0.045312500000000006 0.045312500000000006
3 0.19765625 0.4078125 0.0390625 0.040625
3 0.2625 0.5359375000000001 0.05 0.028125
3 0.27890625 0.78515625 0.06406250000000001 0.1046875
3 0.19453125000000002 0.909375 0.045312500000000006 0.037500000000000006
