7 0.925 0.39375000000000004 0.15000000000000002 0.184375
7 0.753125 0.56875 0.11875000000000001 0.07500000000000001
7 0.9007812500000001 0.6156250000000001 0.16718750000000002 0.08125
7 0.46015625000000004 0.30312500000000003 0.29531250000000003 0.17500000000000002
7 0.48828125 0.41796875 0.1421875 0.1453125
7 0.2171875 0.4546875 0.259375 0.178125
7 0.5398437500000001 0.7703125000000001 0.1765625 0.16875
7 0.42890625000000004 0.634375 0.1640625 0.19375
7 0.15390625000000002 0.67734375 0.1453125 0.1453125
7 0.018750000000000003 0.7671875 0.037500000000000006 0.07500000000000001
7 0.03828125 0.9187500000000001 0.0765625 0.07500000000000001
3 0.38125000000000003 0.90546875 0.043750000000000004 0.0203125
7 0.31484375000000003 0.7992187500000001 0.0890625 0.11406250000000001
3 0.4078125 0.7679687500000001 0.07500000000000001 0.0546875
7 0.5203125000000001 0.571875 0.07500000000000001 0.0625
7 0.59765625 0.49765625 0.06406250000000001 0.045312500000000006
