4 0.6015625 0.6351562500000001 0.5593750000000001 0.1703125
4 0.59296875 0.90625 0.30781250000000004 0.146875
4 0.73203125 0.15546875000000002 0.37343750000000003 0.2171875
4 0.38593750000000004 0.24140625000000002 0.31875000000000003 0.2421875
4 0.8343750000000001 0.5015625 0.278125 0.22812500000000002
4 0.54140625 0.48671875000000003 0.2921875 0.1203125
3 0.25625000000000003 0.44062500000000004 0.10312500000000001 0.078125
4 0.14296875 0.5437500000000001 0.1296875 0.08125
4 0.1859375 0.50390625 0.08125 0.0734375
4 0.115625 0.38125000000000003 0.1625 0.065625
4 0.4265625 0.11875000000000001 0.28750000000000003 0.171875
3 0.9171875 0.34375 0.08125 0.053125000000000006
4 0.3140625 0.9437500000000001 0.19687500000000002 0.1
4 0.16171875000000002 0.88984375 0.21406250000000002 0.07968750000000001
4 0.07578125000000001 0.7406250000000001 0.15156250000000002 0.084375
4 0.39609375 0.7671875 0.15781250000000002 0.084375
3 0.5265625 0.753125 0.03125 0.05
3 0.71484375 0.675 0.0921875 0.053125000000000006
3 0.7000000000000001 0.8765625 0.084375 0.053125000000000006
3 0.609375 0.921875 0.08750000000000001 0.06875
3 0.5953125 0.8609375 0.05625 0.025
3 0.48203125 0.9031250000000001 0.0671875 0.040625
3 0.4921875 0.95234375 0.06875 0.0484375
3 0.77265625 0.09921875000000001 0.1046875 0.0890625
3 0.7312500000000001 0.184375 0.134375 0.065625
3 0.34453125 0.25703125 0.0765625 0.0734375
3 0.49375 0.4625 0.134375 0.040625
3 0.62109375 0.43515625 0.09531250000000001 0.0890625
3 0.5085937500000001 0.5015625 0.17343750000000002 0.059375000000000004
3 0.5109375 0.26953125 0.046875 0.045312500000000006
