7 0.18671875000000002 0.7734375 0.1546875 0.14375000000000002
7 0.16562500000000002 0.47265625 0.18125000000000002 0.0671875
7 0.3671875 0.5671875000000001 0.0625 0.065625
7 0.5140625 0.39453125 0.246875 0.21406250000000002
7 0.7609375 0.53828125 0.10625000000000001 0.0859375
7 0.55234375 0.64375 0.09843750000000001 0.15000000000000002
7 0.19453125000000002 0.63671875 0.0890625 0.051562500000000004
7 0.78828125 0.6648437500000001 0.1234375 0.0859375
7 0.42578125 0.671875 0.1078125 0.043750000000000004
7 0.8914062500000001 0.7000000000000001 0.08281250000000001 0.20625000000000002
3 0.6726562500000001 0.45546875000000003 0.0671875 0.08281250000000001
