3 0.50234375 0.32578125 0.1203125 0.0484375
3 0.47500000000000003 0.18515625000000002 0.09062500000000001 0.1546875
3 0.39453125 0.27187500000000003 0.0859375 0.05
3 0.30546875 0.37031250000000004 0.1484375 0.09375
3 0.64453125 0.47109375000000003 0.1015625 0.16718750000000002
3 0.3328125 0.48750000000000004 0.05625 0.043750000000000004
3 0.1859375 0.44453125000000004 0.078125 0.08281250000000001
3 0.484375 0.45625000000000004 0.15937500000000002 0.09062500000000001
3 0.8109375000000001 0.55390625 0.059375000000000004 0.0703125
3 0.9242187500000001 0.753125 0.1453125 0.09062500000000001
3 0.6195312500000001 0.8757812500000001 0.035937500000000004 0.0703125
3 0.765625 0.9015625 0.037500000000000006 0.096875
3 0.01640625 0.603125 0.0328125 0.05625
