7 0.47109375000000003 0.48828125 0.35468750000000004 0.17343750000000002
7 0.36640625000000004 0.3640625 0.1609375 0.1375
7 0.5593750000000001 0.27187500000000003 0.23750000000000002 0.08750000000000001
7 0.81015625 0.47421875 0.1421875 0.0890625
7 0.6726562500000001 0.59609375 0.1296875 0.1921875
7 0.43593750000000003 0.640625 0.16875 0.11875000000000001
7 0.21171875 0.55625 0.1640625 0.15000000000000002
3 0.9242187500000001 0.6203125 0.1234375 0.10312500000000001
3 0.61328125 0.9484375 0.0734375 0.065625
3 0.91171875 0.35859375000000004 0.0734375 0.06406250000000001
