4 0.659375 0.79609375 0.30625 0.2921875
4 0.055468750000000004 0.08359375000000001 0.11093750000000001 0.0703125
3 0.17578125 0.16875 0.3296875 0.15625
3 0.403125 0.30078125 0.0625 0.0890625
3 0.22812500000000002 0.4234375 0.18125000000000002 0.184375
3 0.44375000000000003 0.46796875000000004 0.09062500000000001 0.1015625
3 0.7453125 0.3484375 0.10625000000000001 0.043750000000000004
3 0.6531250000000001 0.28828125 0.07500000000000001 0.0765625
4 0.56953125 0.57734375 0.5859375 0.2390625
4 0.94453125 0.6570312500000001 0.1046875 0.1921875
4 0.915625 0.9226562500000001 0.15000000000000002 0.1546875
