7 0.66953125 0.11875000000000001 0.1265625 0.059375000000000004
7 0.73046875 0.16640625 0.20468750000000002 0.0578125
7 0.41015625 0.13984375000000002 0.1078125 0.060937500000000006
7 0.33515625000000004 0.11171875 0.09843750000000001 0.045312500000000006
7 0.31484375000000003 0.09062500000000001 0.06406250000000001 0.05
7 0.63046875 0.32656250000000003 0.2984375 0.171875
7 0.37890625 0.3671875 0.0328125 0.05625
7 0.27109375 0.41171875 0.0921875 0.15781250000000002
7 0.34609375000000003 0.40859375000000003 0.0578125 0.0234375
3 0.7992187500000001 0.7406250000000001 0.06406250000000001 0.040625
3 0.8656250000000001 0.8015625000000001 0.12812500000000002 0.059375000000000004
3 0.7484375000000001 0.8140625 0.10625000000000001 0.037500000000000006
3 0.39765625000000004 0.790625 0.0546875 0.028125
3 0.275 0.85546875 0.018750000000000003 0.0203125
3 0.30000000000000004 0.7289062500000001 0.0625 0.1421875
3 0.49843750000000003 0.66171875 0.184375 0.051562500000000004
3 0.6125 0.5171875 0.046875 0.028125
7 0.045312500000000006 0.08515625 0.09062500000000001 0.06406250000000001
7 0.01953125 0.01953125 0.0328125 0.0234375
7 0.41484375 0.23515625 0.07968750000000001 0.0421875
7 0.46328125000000003 0.25390625 0.0390625 0.0390625
3 0.02890625 0.9546875 0.051562500000000004 0.040625
