7 0.1015625 0.296875 0.203125 0.3375
7 0.28750000000000003 0.36015625 0.153125 0.21406250000000002
7 0.42578125 0.2109375 0.09843750000000001 0.178125
7 0.5085937500000001 0.0671875 0.1921875 0.134375
7 0.20625000000000002 0.057031250000000006 0.19375 0.11406250000000001
7 0.8953125000000001 0.4578125 0.209375 0.3875
7 0.75703125 0.3453125 0.1015625 0.109375
7 0.371875 0.690625 0.22187500000000002 0.21875
7 0.11093750000000001 0.5859375 0.178125 0.11875000000000001
4 0.38359375 0.9460937500000001 0.1296875 0.1078125
7 0.9070312500000001 0.9125000000000001 0.1421875 0.16875
7 0.925 0.7601562500000001 0.15000000000000002 0.18281250000000002
3 0.75546875 0.7523437500000001 0.0578125 0.0421875
3 0.77109375 0.70625 0.0484375 0.03125
3 0.6960937500000001 0.7984375 0.045312500000000006 0.05
4 0.72265625 0.7468750000000001 0.1703125 0.146875
3 0.784375 0.20078125000000002 0.0625 0.0921875
3 0.728125 0.15390625000000002 0.07187500000000001 0.1203125
