7 0.5546875 0.040625 0.1 0.078125
7 0.32265625000000003 0.33906250000000004 0.2546875 0.125
7 0.61484375 0.26171875 0.2390625 0.18281250000000002
3 0.5242187500000001 0.38593750000000004 0.045312500000000006 0.059375000000000004
3 0.59140625 0.45078125 0.0734375 0.060937500000000006
7 0.0859375 0.46875 0.16875 0.078125
7 0.35625 0.6875 0.2 0.10312500000000001
7 0.5632812500000001 0.8390625 0.18906250000000002 0.16562500000000002
7 0.94140625 0.7625000000000001 0.11406250000000001 0.11875000000000001
3 0.6726562500000001 0.84140625 0.026562500000000003 0.035937500000000004
3 0.696875 0.8515625 0.018750000000000003 0.053125000000000006
7 0.2421875 0.87265625 0.153125 0.1203125
7 0.15546875000000002 0.9765625 0.1171875 0.046875
7 0.28671875 0.7679687500000001 0.1203125 0.09843750000000001
7 0.70234375 0.675 0.0859375 0.05625
7 0.875 0.5710937500000001 0.084375 0.029687500000000002
7 0.34921875 0.18125000000000002 0.1390625 0.1375
7 0.2328125 0.1265625 0.134375 0.09062500000000001
7 0.89609375 0.1015625 0.1390625 0.140625
7 0.73046875 0.10703125000000001 0.0765625 0.1484375
7 0.040625 0.21875 0.08125 0.0625
7 0.40156250000000004 0.484375 0.1375 0.09062500000000001
3 0.32343750000000004 0.51484375 0.015625 0.0234375
