7 0.3953125 0.5085937500000001 0.15000000000000002 0.2765625
7 0.31328125 0.6000000000000001 0.1328125 0.153125
7 0.53359375 0.7984375 0.1015625 0.09375
7 0.6351562500000001 0.7890625 0.0859375 0.140625
7 0.35468750000000004 0.93359375 0.09375 0.0734375
7 0.23593750000000002 0.82734375 0.140625 0.0921875
7 0.6468750000000001 0.9296875 0.08750000000000001 0.10625000000000001
3 0.74921875 0.59609375 0.029687500000000002 0.045312500000000006
3 0.7078125000000001 0.5515625000000001 0.065625 0.03125
7 0.721875 0.81171875 0.0625 0.08281250000000001
7 0.5085937500000001 0.05390625 0.1703125 0.1078125
3 0.8015625000000001 0.321875 0.034375 0.037500000000000006
