3 0.0390625 0.3640625 0.065625 0.043750000000000004
7 0.029687500000000002 0.41718750000000004 0.059375000000000004 0.065625
3 0.07734375 0.47500000000000003 0.0859375 0.05
3 0.025781250000000002 0.74921875 0.051562500000000004 0.051562500000000004
3 0.60546875 0.7351562500000001 0.1421875 0.0671875
3 0.878125 0.44375000000000003 0.109375 0.046875
3 0.6726562500000001 0.41015625 0.1203125 0.0890625
3 0.98046875 0.6312500000000001 0.0390625 0.078125
3 0.9281250000000001 0.36640625000000004 0.14375000000000002 0.0734375
3 0.828125 0.33671875 0.08750000000000001 0.0328125
3 0.853125 0.95859375 0.07187500000000001 0.0390625
3 0.19687500000000002 0.1640625 0.053125000000000006 0.034375
