3 0.9515625000000001 0.9 0.028125 0.07187500000000001
3 0.9078125 0.7859375000000001 0.11875000000000001 0.09062500000000001
3 0.296875 0.77265625 0.13125 0.045312500000000006
3 0.9015625 0.44062500000000004 0.05 0.12812500000000002
3 0.9671875000000001 0.49453125000000003 0.065625 0.0546875
3 0.2 0.5859375 0.09375 0.06875
3 0.22968750000000002 0.6484375 0.0625 0.046875
3 0.94140625 0.2890625 0.0859375 0.053125000000000006
3 0.9359375000000001 0.58046875 0.096875 0.08281250000000001
3 0.7734375 0.6703125000000001 0.07187500000000001 0.1
3 0.98984375 0.67578125 0.0203125 0.060937500000000006
3 0.60703125 0.8992187500000001 0.045312500000000006 0.0421875
3 0.34765625 0.99375 0.0703125 0.0125
