3 0.7640625000000001 0.025781250000000002 0.26875 0.051562500000000004
2 0.671875 0.19609375 0.246875 0.1546875
3 0.8890625000000001 0.16953125000000002 0.12187500000000001 0.1859375
2 0.59921875 0.38515625000000003 0.1046875 0.0734375
2 0.7984375 0.40234375 0.15000000000000002 0.0859375
2 0.3796875 0.53828125 0.321875 0.0765625
2 0.87265625 0.51953125 0.2546875 0.1484375
2 0.478125 0.78046875 0.11875000000000001 0.18281250000000002
3 0.9906250000000001 0.7640625000000001 0.018750000000000003 0.10625000000000001
2 0.5320312500000001 0.63046875 0.1703125 0.0765625
3 0.5906250000000001 0.9750000000000001 0.078125 0.05
