7 0.53515625 0.01953125 0.24531250000000002 0.0390625
7 0.18984375 0.21250000000000002 0.3484375 0.171875
7 0.9640625 0.52734375 0.07187500000000001 0.1765625
7 0.1953125 0.7640625000000001 0.140625 0.20625000000000002
7 0.4390625 0.7125 0.115625 0.11875000000000001
7 0.63046875 0.6546875000000001 0.18281250000000002 0.07187500000000001
7 0.34609375000000003 0.5164062500000001 0.0578125 0.06406250000000001
7 0.671875 0.32890625 0.09375 0.051562500000000004
3 0.9703125 0.978125 0.059375000000000004 0.043750000000000004
3 0.02421875 0.9789062500000001 0.0484375 0.0421875
