3 0.7742187500000001 0.025 0.1046875 0.05
4 0.2421875 0.07265625 0.484375 0.1453125
3 0.40156250000000004 0.10234375000000001 0.10625000000000001 0.06406250000000001
3 0.38203125000000004 0.01953125 0.060937500000000006 0.0390625
3 0.5015625 0.41640625000000003 0.08125 0.1078125
3 0.27968750000000003 0.47187500000000004 0.065625 0.08125
3 0.3640625 0.55234375 0.059375000000000004 0.0390625
4 0.26796875000000003 0.6359375 0.5359375000000001 0.240625
3 0.38203125000000004 0.68125 0.0546875 0.059375000000000004
3 0.5242187500000001 0.5906250000000001 0.13593750000000002 0.05625
3 0.71796875 0.60546875 0.035937500000000004 0.035937500000000004
3 0.69921875 0.46328125000000003 0.07968750000000001 0.09531250000000001
3 0.765625 0.3828125 0.0625 0.05625
3 0.02890625 0.9796875 0.0578125 0.040625
3 0.87421875 0.5203125000000001 0.045312500000000006 0.0625
3 0.66171875 0.23984375000000002 0.1078125 0.035937500000000004
3 0.6984375 0.27890625 0.053125000000000006 0.0578125
