7 0.08750000000000001 0.23046875 0.17500000000000002 0.2890625
7 0.08984375 0.55234375 0.1796875 0.3015625
7 0.40937500000000004 0.225 0.3125 0.28125
7 0.5632812500000001 0.34375 0.26406250000000003 0.16875
7 0.8132812500000001 0.2890625 0.1640625 0.125
7 0.4734375 0.5453125 0.30625 0.265625
7 0.7210937500000001 0.049218750000000006 0.2578125 0.09843750000000001
7 0.2390625 0.353125 0.07500000000000001 0.0625
7 0.66015625 0.5281250000000001 0.1484375 0.153125
7 0.93671875 0.403125 0.1265625 0.15000000000000002
7 0.8109375000000001 0.60703125 0.146875 0.0765625
