7 0.3640625 0.5203125000000001 0.16562500000000002 0.178125
7 0.7265625 0.5765625 0.25 0.28750000000000003
7 0.51796875 0.1078125 0.1171875 0.215625
7 0.17109375000000002 0.5164062500000001 0.13593750000000002 0.1328125
7 0.16562500000000002 0.36875 0.034375 0.034375
7 0.10546875 0.321875 0.11406250000000001 0.078125
7 0.26015625000000003 0.20625000000000002 0.0671875 0.05
7 0.18984375 0.2578125 0.035937500000000004 0.053125000000000006
7 0.47890625000000003 0.36796875 0.1203125 0.0421875
7 0.46406250000000004 0.31953125000000004 0.0625 0.0421875
7 0.57421875 0.25234375000000003 0.1546875 0.051562500000000004
