7 0.4140625 0.671875 0.178125 0.10312500000000001
7 0.5546875 0.9265625000000001 0.08125 0.07187500000000001
7 0.54609375 0.88046875 0.1453125 0.060937500000000006
7 0.53125 0.7273437500000001 0.078125 0.0484375
7 0.70078125 0.8921875 0.06406250000000001 0.07187500000000001
7 0.6687500000000001 0.7390625000000001 0.078125 0.11875000000000001
7 0.6000000000000001 0.4859375 0.07500000000000001 0.178125
7 0.55234375 0.503125 0.029687500000000002 0.10312500000000001
7 0.76953125 0.23359375000000002 0.15156250000000002 0.15781250000000002
7 0.43671875000000004 0.284375 0.0703125 0.19375
7 0.27187500000000003 0.35859375000000004 0.0625 0.1046875
7 0.46328125000000003 0.51953125 0.060937500000000006 0.1015625
7 0.58125 0.2484375 0.05 0.1375
7 0.49531250000000004 0.115625 0.096875 0.05
7 0.509375 0.16484375 0.1125 0.045312500000000006
7 0.5359375000000001 0.23750000000000002 0.05 0.09062500000000001
3 0.18359375 0.43281250000000004 0.0859375 0.040625
7 0.3171875 0.503125 0.08125 0.0625
