3 0.21484375 0.30234375 0.18281250000000002 0.3453125
3 0.47109375000000003 0.33671875 0.1296875 0.3984375
3 0.66171875 0.14140625 0.0765625 0.2421875
3 0.6882812500000001 0.35000000000000003 0.0484375 0.06875
3 0.66796875 0.46875 0.08281250000000001 0.084375
3 0.7625000000000001 0.5632812500000001 0.1 0.051562500000000004
3 0.6265625 0.65390625 0.078125 0.19843750000000002
3 0.73359375 0.7875000000000001 0.1546875 0.34687500000000004
3 0.6218750000000001 0.82734375 0.12812500000000002 0.13593750000000002
3 0.03515625 0.49062500000000003 0.0578125 0.09062500000000001
3 0.234375 0.6351562500000001 0.084375 0.11406250000000001
3 0.84140625 0.9671875000000001 0.0734375 0.065625
3 0.1546875 0.95859375 0.09062500000000001 0.08281250000000001
3 0.225 0.93359375 0.034375 0.1328125
3 0.49531250000000004 0.88203125 0.078125 0.17343750000000002
3 0.6312500000000001 0.36640625000000004 0.06875 0.1078125
