7 0.6015625 0.57734375 0.28750000000000003 0.0890625
7 0.6335937500000001 0.41718750000000004 0.0734375 0.043750000000000004
3 0.8070312500000001 0.41796875 0.0921875 0.13593750000000002
3 0.765625 0.5710937500000001 0.0625 0.0234375
7 0.65546875 0.09375 0.060937500000000006 0.07500000000000001
7 0.83125 0.2234375 0.22187500000000002 0.184375
7 0.94296875 0.07890625000000001 0.11093750000000001 0.08281250000000001
7 0.7742187500000001 0.078125 0.060937500000000006 0.053125000000000006
3 0.7093750000000001 0.25703125 0.07187500000000001 0.1078125
7 0.48828125 0.28359375000000003 0.1453125 0.11093750000000001
7 0.30078125 0.3796875 0.13593750000000002 0.115625
3 0.28125 0.18671875000000002 0.15937500000000002 0.0546875
3 0.184375 0.63203125 0.043750000000000004 0.0234375
7 0.33125000000000004 0.6585937500000001 0.15000000000000002 0.0703125
3 0.38671875 0.5546875 0.051562500000000004 0.059375000000000004
4 0.88828125 0.73359375 0.21406250000000002 0.09531250000000001
5 0.32421875 0.77265625 0.13593750000000002 0.0859375
5 0.703125 0.72578125 0.15937500000000002 0.1265625
3 0.76171875 0.9343750000000001 0.0859375 0.11875000000000001
3 0.16562500000000002 0.78515625 0.040625 0.060937500000000006
