7 0.28203125 0.9398437500000001 0.1046875 0.0484375
7 0.18046875 0.8914062500000001 0.0734375 0.09531250000000001
7 0.34687500000000004 0.5796875 0.07500000000000001 0.043750000000000004
7 0.45 0.57734375 0.078125 0.11093750000000001
3 0.51171875 0.6734375 0.1046875 0.046875
3 0.54453125 0.6195312500000001 0.0671875 0.06406250000000001
3 0.52265625 0.57578125 0.0546875 0.0140625
3 0.43281250000000004 0.46796875000000004 0.059375000000000004 0.045312500000000006
3 0.42109375000000004 0.509375 0.060937500000000006 0.037500000000000006
3 0.80625 0.35390625000000003 0.078125 0.0703125
3 0.6921875000000001 0.38828125 0.05 0.051562500000000004
3 0.63046875 0.41328125000000004 0.0578125 0.0578125
3 0.8640625000000001 0.57265625 0.1 0.0390625
3 0.8375 0.61484375 0.053125000000000006 0.029687500000000002
3 0.6953125 0.67890625 0.09062500000000001 0.0890625
3 0.9625 0.7703125000000001 0.037500000000000006 0.05625
7 0.10234375000000001 0.3296875 0.1859375 0.07500000000000001
7 0.7445312500000001 0.06406250000000001 0.0546875 0.021875000000000002
3 0.74921875 0.030468750000000003 0.07968750000000001 0.035937500000000004
3 0.9109375000000001 0.3671875 0.08125 0.09375
7 0.02890625 0.74765625 0.051562500000000004 0.1234375
7 0.041406250000000006 0.8695312500000001 0.045312500000000006 0.06406250000000001
7 0.09921875000000001 0.946875 0.1078125 0.05
3 0.71015625 0.25859375 0.060937500000000006 0.0390625
7 0.265625 0.571875 0.05625 0.043750000000000004
3 0.40703125 0.5828125000000001 0.035937500000000004 0.03125
7 0.37734375000000003 0.77890625 0.029687500000000002 0.029687500000000002
3 0.33515625000000004 0.38671875 0.07968750000000001 0.045312500000000006
3 0.32343750000000004 0.08203125 0.03125 0.0234375
3 0.3609375 0.14765625000000002 0.021875000000000002 0.0234375
3 0.034375 0.40468750000000003 0.053125000000000006 0.03125
3 0.86640625 0.78046875 0.0328125 0.0390625
