3 0.022656250000000003 0.6101562500000001 0.0421875 0.0671875
3 0.37031250000000004 0.4625 0.08750000000000001 0.34375
3 0.403125 0.19296875000000002 0.08125 0.1390625
3 0.49765625 0.40937500000000004 0.060937500000000006 0.215625
3 0.728125 0.48828125 0.253125 0.1234375
3 0.6625000000000001 0.02890625 0.10312500000000001 0.0390625
3 0.2703125 0.6484375 0.084375 0.040625
3 0.22031250000000002 0.696875 0.028125 0.08125
3 0.10312500000000001 0.7046875 0.065625 0.1
3 0.534375 0.09531250000000001 0.03125 0.08750000000000001
3 0.49921875000000004 0.115625 0.0140625 0.043750000000000004
3 0.5632812500000001 0.3609375 0.0578125 0.146875
