7 0.11328125 0.40625 0.1046875 0.09062500000000001
7 0.41953125 0.453125 0.1328125 0.07500000000000001
7 0.23515625 0.546875 0.1453125 0.078125
7 0.5953125 0.59296875 0.05625 0.045312500000000006
7 0.60703125 0.390625 0.060937500000000006 0.15937500000000002
7 0.69921875 0.5546875 0.0890625 0.0625
4 0.82421875 0.07734375 0.3328125 0.1296875
3 0.8328125000000001 0.13984375000000002 0.05 0.0484375
3 0.8695312500000001 0.16640625 0.1171875 0.060937500000000006
3 0.6484375 0.26015625000000003 0.043750000000000004 0.026562500000000003
3 0.81171875 0.3453125 0.11093750000000001 0.07187500000000001
3 0.47578125000000004 0.35078125000000004 0.0484375 0.0234375
7 0.29921875000000003 0.31562500000000004 0.1234375 0.05625
7 0.13984375000000002 0.22734375 0.09531250000000001 0.06406250000000001
3 0.421875 0.721875 0.043750000000000004 0.05625
6 0.51796875 0.8765625 0.11093750000000001 0.11875000000000001
6 0.6109375 0.6976562500000001 0.12187500000000001 0.1046875
3 0.384375 0.71015625 0.03125 0.0390625
3 0.34765625 0.9109375000000001 0.0390625 0.043750000000000004
3 0.80234375 0.88828125 0.06406250000000001 0.0578125
3 0.7828125 0.9304687500000001 0.125 0.0421875
3 0.9539062500000001 0.81953125 0.0671875 0.0328125
3 0.8757812500000001 0.8656250000000001 0.035937500000000004 0.021875000000000002
3 0.92109375 0.89453125 0.0421875 0.0171875
3 0.978125 0.89765625 0.037500000000000006 0.0171875
3 0.69921875 0.8210937500000001 0.0484375 0.0234375
3 0.90625 0.703125 0.053125000000000006 0.03125
3 0.8015625000000001 0.64375 0.037500000000000006 0.025
3 0.6109375 0.21875 0.046875 0.021875000000000002
3 0.16328125000000002 0.81796875 0.0328125 0.0203125
3 0.5421875 0.8617187500000001 0.03125 0.026562500000000003
3 0.64609375 0.7328125000000001 0.0390625 0.025
7 0.5171875 0.54453125 0.084375 0.029687500000000002
3 0.37578125 0.38046875 0.051562500000000004 0.0171875
