7 0.08359375000000001 0.20078125000000002 0.060937500000000006 0.0484375
7 0.14140625 0.2734375 0.1078125 0.084375
7 0.40156250000000004 0.42578125 0.23125 0.1609375
3 0.44296875 0.47734375 0.0484375 0.0328125
7 0.1703125 0.58125 0.146875 0.06875
7 0.640625 0.6203125 0.07187500000000001 0.125
4 0.15703125 0.6843750000000001 0.31093750000000003 0.14375000000000002
4 0.5640625 0.79609375 0.30000000000000004 0.0671875
4 0.921875 0.5921875 0.09062500000000001 0.19687500000000002
3 0.9046875000000001 0.44140625 0.03125 0.0234375
3 0.92578125 0.41796875 0.0171875 0.010937500000000001
7 0.9578125000000001 0.28984375 0.08125 0.1421875
7 0.78828125 0.18671875000000002 0.1015625 0.07968750000000001
7 0.7445312500000001 0.055468750000000004 0.08281250000000001 0.0421875
7 0.94140625 0.06953125 0.1171875 0.11406250000000001
7 0.9789062500000001 0.39375000000000004 0.0390625 0.065625
7 0.5921875 0.4859375 0.043750000000000004 0.037500000000000006
7 0.3921875 0.6273437500000001 0.19687500000000002 0.1046875
