4 0.48671875000000003 0.45859375 0.5796875 0.6546875000000001
3 0.5453125 0.35546875 0.09062500000000001 0.0890625
3 0.28515625 0.27578125000000003 0.15781250000000002 0.2015625
3 0.5875 0.7984375 0.07187500000000001 0.08750000000000001
3 0.496875 0.91328125 0.05625 0.0734375
3 0.055468750000000004 0.7312500000000001 0.1046875 0.096875
3 0.4734375 0.8125 0.125 0.096875
4 0.75 0.5625 0.203125 0.14375000000000002
4 0.09843750000000001 0.5234375 0.1875 0.328125
3 0.09843750000000001 0.54453125 0.09062500000000001 0.1234375
4 0.39921875 0.11875000000000001 0.47968750000000004 0.225
4 0.7507812500000001 0.29453125 0.31093750000000003 0.1171875
4 0.7765625 0.9171875 0.290625 0.12187500000000001
3 0.35546875 0.58203125 0.0859375 0.0671875
3 0.9703125 0.58125 0.043750000000000004 0.034375
4 0.3484375 0.7015625000000001 0.18125000000000002 0.1
