7 0.25703125 0.6296875000000001 0.1765625 0.30000000000000004
3 0.1078125 0.63828125 0.153125 0.2234375
3 0.23359375000000002 0.5281250000000001 0.09843750000000001 0.09062500000000001
7 0.6328125 0.1484375 0.078125 0.19687500000000002
7 0.75390625 0.14375000000000002 0.1328125 0.265625
7 0.91953125 0.08125 0.1171875 0.1625
7 0.4078125 0.8093750000000001 0.06875 0.09375
3 0.4265625 0.8992187500000001 0.059375000000000004 0.0765625
7 0.6734375 0.68515625 0.096875 0.0890625
7 0.6109375 0.44453125000000004 0.084375 0.0859375
3 0.0234375 0.05390625 0.034375 0.0671875
