4 0.7000000000000001 0.33828125000000003 0.29375 0.22031250000000002
4 0.6781250000000001 0.4765625 0.284375 0.134375
4 0.3984375 0.44453125000000004 0.296875 0.1859375
4 0.64765625 0.8203125 0.2265625 0.18125000000000002
4 0.915625 0.76484375 0.15625 0.11093750000000001
4 0.215625 0.61640625 0.2 0.15781250000000002
4 0.18515625000000002 0.51953125 0.0890625 0.09531250000000001
4 0.37812500000000004 0.53125 0.265625 0.22812500000000002
4 0.1125 0.45859375 0.21875 0.1421875
4 0.057031250000000006 0.31640625 0.11406250000000001 0.1078125
4 0.032031250000000004 0.20468750000000002 0.060937500000000006 0.21875
4 0.27265625 0.13046875 0.20468750000000002 0.21406250000000002
4 0.5890625 0.02421875 0.2 0.0484375
4 0.5171875 0.12734375 0.2625 0.1078125
3 0.44609375 0.20078125000000002 0.0921875 0.0890625
3 0.45156250000000003 0.0734375 0.109375 0.059375000000000004
3 0.56953125 0.125 0.13593750000000002 0.07500000000000001
3 0.57578125 0.17890625000000002 0.0671875 0.035937500000000004
4 0.9140625 0.22265625 0.1375 0.09843750000000001
4 0.8484375000000001 0.11953125 0.1 0.1296875
3 0.8890625000000001 0.8992187500000001 0.05625 0.029687500000000002
3 0.93515625 0.8671875 0.0421875 0.021875000000000002
3 0.1046875 0.77109375 0.05 0.0734375
3 0.146875 0.8171875000000001 0.059375000000000004 0.0625
3 0.1859375 0.7703125000000001 0.03125 0.07500000000000001
3 0.42500000000000004 0.73046875 0.09375 0.0765625
3 0.5242187500000001 0.6664062500000001 0.0734375 0.0390625
3 0.6171875 0.6984375 0.034375 0.043750000000000004
3 0.61484375 0.7953125000000001 0.0671875 0.03125
3 0.46640625 0.94453125 0.0421875 0.029687500000000002
3 0.49375 0.9750000000000001 0.018750000000000003 0.028125
3 0.22187500000000002 0.6195312500000001 0.05625 0.0921875
3 0.2765625 0.5945312500000001 0.028125 0.07968750000000001
3 0.4 0.6039062500000001 0.14375000000000002 0.0671875
3 0.49140625000000004 0.55234375 0.029687500000000002 0.0421875
3 0.3953125 0.48203125 0.15000000000000002 0.1046875
3 0.1765625 0.50234375 0.046875 0.0234375
3 0.15703125 0.41953125 0.060937500000000006 0.051562500000000004
3 0.06484375 0.325 0.06406250000000001 0.046875
3 0.20859375000000002 0.2921875 0.0765625 0.053125000000000006
3 0.3921875 0.34609375000000003 0.09375 0.045312500000000006
3 0.41953125 0.42890625000000004 0.08281250000000001 0.0703125
3 0.721875 0.3015625 0.09375 0.084375
3 0.58125 0.340625 0.03125 0.040625
