4 0.41875 0.1625 0.8375 0.325
3 0.48671875000000003 0.07500000000000001 0.27968750000000003 0.109375
3 0.7359375 0.2828125 0.153125 0.06875
3 0.1546875 0.22968750000000002 0.05 0.05
3 0.321875 0.325 0.0625 0.07500000000000001
3 0.4109375 0.39687500000000003 0.12812500000000002 0.034375
4 0.3796875 0.34453125 0.27187500000000003 0.1265625
4 0.7445312500000001 0.446875 0.2921875 0.275
3 0.7453125 0.08515625 0.09062500000000001 0.08281250000000001
3 0.6578125 0.359375 0.08125 0.059375000000000004
3 0.70234375 0.4625 0.1609375 0.09062500000000001
3 0.032031250000000004 0.6078125000000001 0.06406250000000001 0.2
3 0.22578125000000002 0.75703125 0.0859375 0.1265625
3 0.44921875 0.6664062500000001 0.22968750000000002 0.1453125
3 0.6578125 0.7406250000000001 0.053125000000000006 0.037500000000000006
4 0.88671875 0.8851562500000001 0.2109375 0.22968750000000002
4 0.525 0.7875000000000001 0.7093750000000001 0.42500000000000004
3 0.07890625000000001 0.8500000000000001 0.051562500000000004 0.037500000000000006
4 0.9226562500000001 0.028125 0.1546875 0.05625
3 0.9734375000000001 0.40937500000000004 0.053125000000000006 0.046875
3 0.96484375 0.5593750000000001 0.0703125 0.109375
4 0.7132812500000001 0.609375 0.1703125 0.153125
4 0.30312500000000003 0.4703125 0.13125 0.109375
