7 0.32890625 0.11875000000000001 0.1265625 0.059375000000000004
7 0.26796875000000003 0.16640625 0.20468750000000002 0.0578125
7 0.5875 0.13984375000000002 0.10625000000000001 0.060937500000000006
7 0.66328125 0.11171875 0.09843750000000001 0.045312500000000006
7 0.6820312500000001 0.09062500000000001 0.06406250000000001 0.05
7 0.36796875 0.32656250000000003 0.2984375 0.171875
7 0.6195312500000001 0.3671875 0.0328125 0.05625
7 0.7273437500000001 0.41171875 0.0921875 0.15781250000000002
7 0.6515625 0.40859375000000003 0.05625 0.0234375
3 0.19921875 0.7406250000000001 0.06406250000000001 0.040625
3 0.1328125 0.8015625000000001 0.12812500000000002 0.059375000000000004
3 0.25 0.8140625 0.10625000000000001 0.037500000000000006
3 0.60078125 0.790625 0.0546875 0.028125
3 0.7234375000000001 0.85546875 0.018750000000000003 0.0203125
3 0.6984375 0.7289062500000001 0.0625 0.1421875
3 0.5 0.66171875 0.184375 0.051562500000000004
3 0.38593750000000004 0.5171875 0.046875 0.028125
7 0.9539062500000001 0.08515625 0.0921875 0.06406250000000001
7 0.978125 0.01953125 0.03125 0.0234375
7 0.58359375 0.23515625 0.07968750000000001 0.0421875
7 0.53515625 0.25390625 0.0390625 0.0390625
3 0.9695312500000001 0.9546875 0.051562500000000004 0.040625
