4 0.21796875000000002 0.16015625 0.43593750000000003 0.3203125
3 0.225 0.18046875 0.3125 0.0765625
3 0.140625 0.28828125 0.109375 0.045312500000000006
3 0.6375000000000001 0.22890625 0.1 0.0578125
3 0.47421875 0.17500000000000002 0.07968750000000001 0.096875
4 0.6171875 0.42421875000000003 0.6375000000000001 0.23593750000000002
4 0.5390625 0.42265625 0.403125 0.19843750000000002
3 0.7578125 0.4 0.034375 0.043750000000000004
3 0.68671875 0.60859375 0.35781250000000003 0.1046875
3 0.8031250000000001 0.6820312500000001 0.11875000000000001 0.0390625
3 0.9828125000000001 0.56015625 0.034375 0.051562500000000004
3 0.23593750000000002 0.63671875 0.12187500000000001 0.0921875
3 0.043750000000000004 0.8921875 0.078125 0.05
3 0.09765625 0.0890625 0.1953125 0.053125000000000006
3 0.06328125 0.5437500000000001 0.0390625 0.037500000000000006
