7 0.35078125000000004 0.7484375000000001 0.1859375 0.134375
7 0.3453125 0.46718750000000003 0.07187500000000001 0.1375
7 0.45703125 0.6171875 0.0703125 0.15625
7 0.40703125 0.36875 0.0328125 0.05625
7 0.49453125000000003 0.27421875 0.045312500000000006 0.0734375
7 0.5750000000000001 0.64453125 0.15937500000000002 0.2234375
3 0.6820312500000001 0.7195312500000001 0.0671875 0.035937500000000004
7 0.5554687500000001 0.41640625000000003 0.1546875 0.1484375
3 0.83203125 0.32421875 0.0703125 0.0546875
7 0.6570312500000001 0.30000000000000004 0.2546875 0.1625
7 0.72421875 0.41171875 0.1953125 0.08281250000000001
7 0.89609375 0.42500000000000004 0.0734375 0.065625
7 0.5890625 0.19062500000000002 0.146875 0.06875
7 0.6484375 0.05234375 0.12812500000000002 0.1015625
7 0.54140625 0.8515625 0.1296875 0.08125
7 0.24765625000000002 0.2578125 0.0578125 0.240625
7 0.38046875 0.11171875 0.1765625 0.0703125
