3 0.50546875 0.9031250000000001 0.035937500000000004 0.028125
3 0.515625 0.96796875 0.053125000000000006 0.0390625
4 0.3046875 0.80859375 0.11875000000000001 0.0390625
4 0.24140625000000002 0.6726562500000001 0.0859375 0.0859375
3 0.6140625000000001 0.8718750000000001 0.025 0.0125
3 0.92578125 0.82578125 0.026562500000000003 0.010937500000000001
3 0.48046875 0.7156250000000001 0.0421875 0.03125
3 0.70078125 0.62265625 0.029687500000000002 0.0578125
3 0.5007812500000001 0.53359375 0.0484375 0.0140625
3 0.53046875 0.5171875 0.026562500000000003 0.0125
3 0.6257812500000001 0.47500000000000003 0.0234375 0.018750000000000003
4 0.3140625 0.5796875 0.078125 0.07500000000000001
3 0.33125000000000004 0.37734375000000003 0.05 0.0203125
3 0.571875 0.446875 0.05 0.015625
3 0.5359375000000001 0.4859375 0.046875 0.018750000000000003
3 0.58515625 0.47187500000000004 0.0390625 0.018750000000000003
3 0.7445312500000001 0.48203125 0.045312500000000006 0.010937500000000001
3 0.7468750000000001 0.5359375000000001 0.028125 0.03125
3 0.38671875 0.38125000000000003 0.0328125 0.03125
7 0.37031250000000004 0.09375 0.06875 0.03125
3 0.921875 0.16875 0.0125 0.015625
3 0.9343750000000001 0.22031250000000002 0.05 0.025
3 0.45859375 0.2828125 0.0171875 0.018750000000000003
3 0.65 0.9382812500000001 0.034375 0.029687500000000002
3 0.38203125000000004 0.47500000000000003 0.0765625 0.034375
3 0.42578125 0.45234375000000004 0.0328125 0.0171875
3 0.5906250000000001 0.359375 0.05 0.03125
3 0.56875 0.0734375 0.0125 0.03125
