7 0.225 0.18671875000000002 0.14375000000000002 0.1546875
7 0.52578125 0.16562500000000002 0.0671875 0.18125000000000002
7 0.43125 0.3671875 0.065625 0.0625
7 0.6039062500000001 0.5140625 0.21406250000000002 0.246875
7 0.46015625000000004 0.7609375 0.0859375 0.10625000000000001
7 0.35468750000000004 0.55234375 0.15000000000000002 0.09843750000000001
7 0.36171875000000003 0.19453125000000002 0.051562500000000004 0.0890625
7 0.33359375 0.78828125 0.0859375 0.1234375
7 0.32656250000000003 0.42578125 0.043750000000000004 0.1078125
7 0.2984375 0.8914062500000001 0.20625000000000002 0.08281250000000001
3 0.54296875 0.6726562500000001 0.08281250000000001 0.0671875
