7 0.6218750000000001 0.209375 0.1375 0.15625
7 0.7203125 0.1484375 0.1875 0.11875000000000001
7 0.3953125 0.51875 0.19062500000000002 0.19375
7 0.434375 0.38515625000000003 0.15000000000000002 0.2109375
7 0.63046875 0.5875 0.2609375 0.146875
3 0.9148437500000001 0.7312500000000001 0.0578125 0.053125000000000006
3 0.41718750000000004 0.8773437500000001 0.084375 0.0765625
3 0.984375 0.6265625 0.03125 0.1125
3 0.81640625 0.8453125 0.0734375 0.078125
3 0.7875000000000001 0.8968750000000001 0.059375000000000004 0.037500000000000006
3 0.7953125000000001 0.925 0.07500000000000001 0.037500000000000006
3 0.846875 0.9484375 0.06875 0.025
3 0.7703125000000001 0.9593750000000001 0.028125 0.021875000000000002
3 0.97578125 0.8851562500000001 0.0484375 0.035937500000000004
7 0.32109375 0.2015625 0.09531250000000001 0.06875
