7 0.434375 0.246875 0.078125 0.078125
7 0.1328125 0.496875 0.134375 0.09062500000000001
7 0.44140625 0.54609375 0.11093750000000001 0.22031250000000002
7 0.34140625 0.33828125000000003 0.07968750000000001 0.1203125
7 0.41796875 0.32656250000000003 0.035937500000000004 0.05625
7 0.45156250000000003 0.39765625000000004 0.028125 0.060937500000000006
7 0.54140625 0.40078125000000003 0.0921875 0.21406250000000002
3 0.59296875 0.4578125 0.029687500000000002 0.09062500000000001
3 0.6234375000000001 0.50703125 0.043750000000000004 0.029687500000000002
3 0.5484375 0.52734375 0.034375 0.0578125
3 0.609375 0.55 0.028125 0.046875
3 0.390625 0.26484375 0.034375 0.029687500000000002
3 0.29453125 0.31328125 0.0171875 0.0578125
3 0.5015625 0.88671875 0.07500000000000001 0.11406250000000001
3 0.496875 0.8328125000000001 0.0625 0.07187500000000001
7 0.66796875 0.8070312500000001 0.06406250000000001 0.0765625
7 0.51796875 0.7093750000000001 0.1546875 0.12812500000000002
7 0.7015625000000001 0.6578125 0.15625 0.15625
7 0.796875 0.86875 0.13125 0.209375
7 0.9320312500000001 0.8234375 0.1328125 0.19687500000000002
7 0.6953125 0.9515625000000001 0.096875 0.096875
7 0.8875000000000001 0.9796875 0.140625 0.040625
3 0.014843750000000001 0.8078125 0.026562500000000003 0.034375
