4 0.56796875 0.4 0.3453125 0.253125
4 0.84375 0.29453125 0.30000000000000004 0.2171875
4 0.5554687500000001 0.13828125 0.22968750000000002 0.1765625
4 0.032031250000000004 0.48359375000000004 0.06406250000000001 0.2390625
4 0.26171875 0.7921875 0.2671875 0.19375
3 0.52109375 0.5984375000000001 0.3203125 0.234375
3 0.3671875 0.65 0.17500000000000002 0.12812500000000002
3 0.46406250000000004 0.72265625 0.05625 0.0421875
3 0.41015625 0.46875 0.15781250000000002 0.11875000000000001
3 0.35078125000000004 0.41640625000000003 0.0890625 0.0671875
7 0.309375 0.39609375 0.13125 0.1015625
7 0.246875 0.5398437500000001 0.09062500000000001 0.0703125
