4 0.1765625 0.80234375 0.265625 0.2328125
3 0.253125 0.87890625 0.053125000000000006 0.051562500000000004
4 0.6390625000000001 0.8132812500000001 0.146875 0.1546875
4 0.496875 0.790625 0.146875 0.16875
4 0.32656250000000003 0.984375 0.284375 0.03125
3 0.7195312500000001 0.9078125 0.029687500000000002 0.021875000000000002
4 0.6898437500000001 0.21640625000000002 0.32343750000000004 0.43281250000000004
7 0.1921875 0.0125 0.384375 0.025
7 0.24921875000000002 0.1046875 0.1390625 0.153125
7 0.5359375000000001 0.3046875 0.05 0.040625
7 0.68359375 0.32734375000000004 0.0484375 0.051562500000000004
3 0.1421875 0.2625 0.06875 0.053125000000000006
4 0.24609375 0.30234375 0.1953125 0.09531250000000001
4 0.24765625000000002 0.44921875 0.2171875 0.1546875
4 0.06328125 0.453125 0.09531250000000001 0.15937500000000002
