3 0.72421875 0.010937500000000001 0.0546875 0.021875000000000002
7 0.36250000000000004 0.77734375 0.184375 0.3203125
7 0.16484375 0.56875 0.27968750000000003 0.08750000000000001
7 0.38593750000000004 0.5515625000000001 0.07187500000000001 0.040625
7 0.54140625 0.5140625 0.34218750000000003 0.134375
3 0.80625 0.5242187500000001 0.084375 0.0484375
7 0.4578125 0.29765625 0.3125 0.11406250000000001
7 0.3828125 0.4109375 0.10312500000000001 0.046875
7 0.14375000000000002 0.3296875 0.14375000000000002 0.043750000000000004
7 0.08750000000000001 0.43125 0.17500000000000002 0.078125
