7 0.40937500000000004 0.7109375 0.33125000000000004 0.340625
7 0.309375 0.29453125 0.19687500000000002 0.23593750000000002
7 0.51171875 0.2859375 0.0546875 0.046875
7 0.58828125 0.16875 0.1234375 0.078125
7 0.0203125 0.08515625 0.040625 0.0421875
3 0.32421875 0.028125 0.0734375 0.053125000000000006
7 0.22265625 0.05 0.07968750000000001 0.059375000000000004
3 0.1390625 0.8757812500000001 0.07500000000000001 0.0421875
3 0.61875 0.325 0.1 0.05
3 0.0734375 0.36953125000000003 0.07187500000000001 0.0671875
