3 0.67890625 0.16484375 0.0578125 0.051562500000000004
3 0.6484375 0.39921875 0.043750000000000004 0.026562500000000003
3 0.9703125 0.39609375 0.059375000000000004 0.0328125
3 0.9460937500000001 0.56484375 0.0671875 0.0203125
3 0.9734375000000001 0.753125 0.053125000000000006 0.109375
3 0.60859375 0.7312500000000001 0.0578125 0.08750000000000001
3 0.32890625 0.47890625000000003 0.15781250000000002 0.0421875
3 0.42812500000000003 0.5515625000000001 0.053125000000000006 0.078125
3 0.1953125 0.31171875000000004 0.065625 0.0328125
3 0.09843750000000001 0.31875000000000003 0.043750000000000004 0.0625
3 0.4 0.31562500000000004 0.018750000000000003 0.053125000000000006
3 0.6335937500000001 0.3046875 0.0421875 0.037500000000000006
