7 0.76171875 0.25703125 0.13593750000000002 0.1421875
7 0.496875 0.1546875 0.115625 0.215625
7 0.5 0.37265625 0.125 0.1265625
7 0.64609375 0.6078125000000001 0.1421875 0.209375
7 0.9242187500000001 0.596875 0.1015625 0.1625
7 0.8070312500000001 0.6335937500000001 0.1015625 0.15781250000000002
7 0.81015625 0.8328125000000001 0.0546875 0.05
7 0.734375 0.7953125000000001 0.053125000000000006 0.065625
7 0.95078125 0.8875000000000001 0.0734375 0.053125000000000006
3 0.33515625000000004 0.9765625 0.0171875 0.040625
3 0.35859375000000004 0.9085937500000001 0.029687500000000002 0.1203125
7 0.6828125 0.39375000000000004 0.078125 0.053125000000000006
7 0.6039062500000001 0.36562500000000003 0.0484375 0.05
