3 0.5476562500000001 0.05 0.035937500000000004 0.040625
4 0.48828125 0.35859375000000004 0.43593750000000003 0.30781250000000004
4 0.29453125 0.8703125 0.5203125000000001 0.259375
4 0.8453125 0.3921875 0.1625 0.203125
4 0.94921875 0.721875 0.09843750000000001 0.12812500000000002
4 0.8914062500000001 0.79453125 0.1203125 0.051562500000000004
3 0.325 0.89453125 0.08750000000000001 0.0421875
3 0.45078125 0.83515625 0.0421875 0.06406250000000001
3 0.22578125000000002 0.8515625 0.08281250000000001 0.028125
3 0.11328125 0.8875000000000001 0.0703125 0.034375
4 0.28671875 0.03671875 0.09531250000000001 0.0734375
3 0.7523437500000001 0.23750000000000002 0.0578125 0.053125000000000006
3 0.78671875 0.16015625 0.0484375 0.045312500000000006
3 0.6312500000000001 0.11328125 0.084375 0.029687500000000002
