7 0.5875 0.54296875 0.371875 0.1265625
7 0.5125000000000001 0.453125 0.15000000000000002 0.07500000000000001
7 0.5953125 0.74609375 0.10312500000000001 0.0734375
3 0.40156250000000004 0.7468750000000001 0.15937500000000002 0.15000000000000002
3 0.34140625 0.634375 0.0484375 0.034375
3 0.39687500000000003 0.5546875 0.07187500000000001 0.028125
3 0.57578125 0.6671875 0.0890625 0.0625
7 0.7453125 0.85703125 0.15000000000000002 0.1328125
7 0.93359375 0.7421875 0.1328125 0.146875
3 0.9437500000000001 0.9484375 0.08750000000000001 0.034375
7 0.92890625 0.88828125 0.1171875 0.0703125
7 0.32734375000000004 0.9500000000000001 0.2421875 0.096875
3 0.47265625 0.909375 0.0734375 0.09062500000000001
5 0.39765625000000004 0.36250000000000004 0.1484375 0.203125
7 0.8679687500000001 0.40468750000000003 0.1796875 0.084375
5 0.8734375000000001 0.26406250000000003 0.125 0.08125
7 0.8671875 0.19375 0.046875 0.05
7 0.7953125000000001 0.15078125 0.046875 0.0765625
7 0.22187500000000002 0.02421875 0.134375 0.0484375
3 0.29140625000000003 0.08984375 0.0921875 0.1015625
3 0.5390625 0.08750000000000001 0.046875 0.08125
3 0.37812500000000004 0.15937500000000002 0.109375 0.040625
3 0.24453125 0.2390625 0.09531250000000001 0.037500000000000006
