3 0.44921875 0.8421875000000001 0.0546875 0.08125
3 0.48828125 0.5859375 0.09531250000000001 0.05625
3 0.546875 0.48359375000000004 0.12812500000000002 0.08281250000000001
3 0.5921875 0.5476562500000001 0.037500000000000006 0.0484375
3 0.40234375 0.19062500000000002 0.08281250000000001 0.040625
3 0.6828125 0.34296875000000004 0.16562500000000002 0.0765625
3 0.6140625000000001 0.24765625000000002 0.040625 0.0203125
7 0.7445312500000001 0.08203125 0.1453125 0.0765625
3 0.5390625 0.6953125 0.16875 0.043750000000000004
3 0.89609375 0.7289062500000001 0.0890625 0.060937500000000006
3 0.1046875 0.5734375 0.1 0.06875
3 0.7578125 0.9085937500000001 0.10625000000000001 0.0328125
3 0.07734375 0.1390625 0.0671875 0.028125
3 0.8406250000000001 0.15234375 0.021875000000000002 0.0328125
