3 0.58125 0.13046875 0.059375000000000004 0.035937500000000004
7 0.35000000000000003 0.25859375 0.278125 0.4453125
7 0.5906250000000001 0.18203125 0.21250000000000002 0.3640625
7 0.6257812500000001 0.40937500000000004 0.2265625 0.084375
7 0.6859375000000001 0.49609375 0.140625 0.09531250000000001
7 0.4109375 0.6179687500000001 0.31875000000000003 0.2609375
7 0.909375 0.6015625 0.18125000000000002 0.25625000000000003
7 0.7859375000000001 0.60078125 0.12187500000000001 0.0890625
7 0.39609375 0.75703125 0.23593750000000002 0.1015625
7 0.153125 0.66015625 0.22187500000000002 0.1390625
