4 0.23046875 0.2234375 0.11093750000000001 0.19062500000000002
4 0.18671875000000002 0.09453125000000001 0.1796875 0.051562500000000004
4 0.59921875 0.21484375 0.1953125 0.1546875
3 0.8015625000000001 0.21406250000000002 0.059375000000000004 0.040625
4 0.7921875 0.2171875 0.109375 0.1
3 0.7546875000000001 0.34765625 0.178125 0.0546875
4 0.8625 0.4390625 0.2 0.115625
3 0.88828125 0.4734375 0.0890625 0.05
3 0.95234375 0.44609375 0.026562500000000003 0.0171875
3 0.6671875 0.018750000000000003 0.037500000000000006 0.034375
3 0.34218750000000003 0.032031250000000004 0.07500000000000001 0.029687500000000002
7 0.19375 0.80859375 0.13125 0.1234375
3 0.2421875 0.534375 0.07500000000000001 0.021875000000000002
3 0.27734375 0.56484375 0.0421875 0.035937500000000004
3 0.1625 0.6039062500000001 0.043750000000000004 0.029687500000000002
3 0.05234375 0.6328125 0.035937500000000004 0.015625
3 0.30703125000000003 0.8226562500000001 0.045312500000000006 0.029687500000000002
3 0.4078125 0.84375 0.034375 0.040625
3 0.6156250000000001 0.784375 0.10312500000000001 0.05
3 0.77265625 0.78671875 0.06406250000000001 0.045312500000000006
3 0.8187500000000001 0.6609375000000001 0.10312500000000001 0.09062500000000001
3 0.42031250000000003 0.6429687500000001 0.05 0.0421875
3 0.52265625 0.5421875 0.0484375 0.084375
3 0.21250000000000002 0.9046875000000001 0.037500000000000006 0.021875000000000002
3 0.18515625000000002 0.94140625 0.035937500000000004 0.045312500000000006
3 0.75 0.9656250000000001 0.059375000000000004 0.021875000000000002
2 0.37734375000000003 0.8070312500000001 0.07968750000000001 0.0421875
3 0.4265625 0.69140625 0.034375 0.045312500000000006
3 0.26953125 0.6687500000000001 0.06406250000000001 0.025
3 0.1375 0.33671875 0.05 0.0234375
3 0.29453125 0.3359375 0.045312500000000006 0.03125
3 0.23359375000000002 0.38125000000000003 0.0890625 0.043750000000000004
7 0.20703125 0.328125 0.07968750000000001 0.03125
3 0.22187500000000002 0.3203125 0.040625 0.021875000000000002
7 0.371875 0.13125 0.12187500000000001 0.065625
3 0.5140625 0.1078125 0.05625 0.053125000000000006
