4 0.140625 0.7984375 0.28125 0.403125
3 0.5750000000000001 0.8500000000000001 0.05625 0.06875
3 0.56640625 0.7703125000000001 0.045312500000000006 0.059375000000000004
3 0.65625 0.78515625 0.05 0.051562500000000004
4 0.8640625000000001 0.47265625 0.246875 0.16718750000000002
3 0.14453125 0.27187500000000003 0.0421875 0.20625000000000002
6 0.603125 0.37031250000000004 0.08125 0.140625
6 0.6898437500000001 0.2828125 0.11093750000000001 0.12187500000000001
6 0.85546875 0.26953125 0.18281250000000002 0.1484375
6 0.6843750000000001 0.584375 0.08125 0.084375
6 0.71640625 0.71484375 0.2328125 0.16718750000000002
6 0.54609375 0.8203125 0.1265625 0.153125
