5 0.41875 0.51875 0.321875 0.31562500000000004
5 0.46953125 0.33984375 0.2578125 0.1609375
5 0.43203125000000003 0.23359375000000002 0.1796875 0.0890625
5 0.17421875 0.353125 0.3171875 0.125
5 0.36250000000000004 0.13828125 0.203125 0.1046875
5 0.23750000000000002 0.08359375000000001 0.10625000000000001 0.1015625
3 0.5921875 0.030468750000000003 0.07500000000000001 0.060937500000000006
3 0.6726562500000001 0.02109375 0.060937500000000006 0.0421875
3 0.7328125000000001 0.09296875 0.065625 0.0765625
3 0.8109375000000001 0.09921875000000001 0.109375 0.1046875
3 0.47109375000000003 0.3203125 0.1265625 0.07187500000000001
3 0.43593750000000003 0.4375 0.140625 0.115625
3 0.38984375000000004 0.55078125 0.1265625 0.1015625
3 0.49296875 0.5359375000000001 0.0859375 0.08125
3 0.8984375 0.2984375 0.08750000000000001 0.065625
3 0.86484375 0.30234375 0.0578125 0.045312500000000006
3 0.8773437500000001 0.23671875 0.08281250000000001 0.06406250000000001
3 0.7328125000000001 0.33984375 0.05625 0.0578125
3 0.6117187500000001 0.35468750000000004 0.0578125 0.034375
3 0.359375 0.73828125 0.209375 0.1921875
3 0.6351562500000001 0.6859375000000001 0.0578125 0.0625
3 0.7976562500000001 0.83203125 0.1703125 0.13593750000000002
3 0.9085937500000001 0.8148437500000001 0.08281250000000001 0.0546875
3 0.43125 0.8343750000000001 0.053125000000000006 0.040625
3 0.25859375 0.91953125 0.13593750000000002 0.0671875
3 0.6578125 0.553125 0.043750000000000004 0.037500000000000006
