3 0.9734375000000001 0.8046875 0.018750000000000003 0.028125
3 0.90625 0.82421875 0.037500000000000006 0.08281250000000001
3 0.8773437500000001 0.9265625000000001 0.0203125 0.05
3 0.92109375 0.9515625000000001 0.0234375 0.025
3 0.7578125 0.565625 0.025 0.06875
7 0.73203125 0.5320312500000001 0.045312500000000006 0.0859375
7 0.671875 0.6171875 0.078125 0.09375
7 0.59296875 0.41640625000000003 0.13593750000000002 0.08281250000000001
7 0.640625 0.08828125 0.043750000000000004 0.045312500000000006
7 0.696875 0.33046875000000003 0.059375000000000004 0.060937500000000006
3 0.4234375 0.8875000000000001 0.10625000000000001 0.084375
3 0.3921875 0.9070312500000001 0.03125 0.0171875
7 0.16796875 0.19765625 0.045312500000000006 0.051562500000000004
3 0.275 0.7898437500000001 0.046875 0.035937500000000004
7 0.01953125 0.40234375 0.026562500000000003 0.029687500000000002
7 0.041406250000000006 0.35078125000000004 0.026562500000000003 0.029687500000000002
7 0.6109375 0.88046875 0.06875 0.11406250000000001
7 0.7859375000000001 0.6117187500000001 0.043750000000000004 0.1328125
3 0.66328125 0.70234375 0.029687500000000002 0.0484375
7 0.584375 0.60859375 0.025 0.1203125
7 0.54296875 0.6921875000000001 0.045312500000000006 0.11875000000000001
3 0.584375 0.72578125 0.028125 0.0421875
3 0.45 0.57734375 0.015625 0.0421875
7 0.48046875 0.40937500000000004 0.045312500000000006 0.043750000000000004
7 0.39453125 0.5078125 0.11406250000000001 0.10312500000000001
3 0.36171875000000003 0.6468750000000001 0.0234375 0.07500000000000001
3 0.3921875 0.70234375 0.021875000000000002 0.0234375
7 0.31796875 0.8359375 0.029687500000000002 0.009375000000000001
7 0.309375 0.9226562500000001 0.015625 0.026562500000000003
3 0.7828125 0.728125 0.09062500000000001 0.0625
7 0.95859375 0.340625 0.029687500000000002 0.059375000000000004
3 0.71015625 0.07265625 0.0859375 0.0765625
7 0.013281250000000001 0.23671875 0.026562500000000003 0.0390625
3 0.21328125 0.39687500000000003 0.029687500000000002 0.040625
3 0.7664062500000001 0.2625 0.029687500000000002 0.096875
3 0.71640625 0.25078125 0.029687500000000002 0.06406250000000001
3 0.87109375 0.84765625 0.0328125 0.035937500000000004
