3 0.02734375 0.5859375 0.0546875 0.065625
7 0.6625000000000001 0.6351562500000001 0.109375 0.18906250000000002
7 0.48125 0.75703125 0.178125 0.15781250000000002
7 0.7859375000000001 0.55703125 0.215625 0.09843750000000001
3 0.9015625 0.64453125 0.1375 0.0578125
7 0.44062500000000004 0.34453125 0.278125 0.1171875
7 0.7210937500000001 0.07968750000000001 0.15156250000000002 0.10625000000000001
7 0.3015625 0.16328125000000002 0.153125 0.1203125
4 0.1921875 0.42031250000000003 0.20625000000000002 0.0625
3 0.7875000000000001 0.19843750000000002 0.03125 0.037500000000000006
3 0.9593750000000001 0.0671875 0.07187500000000001 0.037500000000000006
3 0.8914062500000001 0.0546875 0.0421875 0.053125000000000006
