3 0.5828125000000001 0.66171875 0.07187500000000001 0.0546875
7 0.54296875 0.5265625 0.5015625 0.146875
3 0.66171875 0.58046875 0.0890625 0.0328125
3 0.7625000000000001 0.60078125 0.021875000000000002 0.0421875
7 0.384375 0.35625 0.10625000000000001 0.09375
7 0.7015625000000001 0.35546875 0.08750000000000001 0.09843750000000001
7 0.6109375 0.36640625000000004 0.07500000000000001 0.0328125
7 0.89765625 0.3515625 0.1953125 0.13125
7 0.54140625 0.209375 0.0859375 0.096875
7 0.7609375 0.06640625 0.178125 0.0578125
7 0.16328125000000002 0.76484375 0.1421875 0.0859375
7 0.0703125 0.96484375 0.09375 0.0703125
3 0.11171875 0.63046875 0.0921875 0.08281250000000001
3 0.1296875 0.43593750000000003 0.06875 0.028125
