3 0.40468750000000003 0.13828125 0.115625 0.08281250000000001
7 0.56015625 0.115625 0.1078125 0.05
7 0.0765625 0.25625000000000003 0.153125 0.184375
3 0.043750000000000004 0.178125 0.043750000000000004 0.046875
7 0.29531250000000003 0.22812500000000002 0.1125 0.096875
3 0.31953125000000004 0.18281250000000002 0.026562500000000003 0.037500000000000006
3 0.049218750000000006 0.5085937500000001 0.09843750000000001 0.1796875
7 0.41171875 0.65 0.2921875 0.178125
7 0.10312500000000001 0.7132812500000001 0.15625 0.1453125
3 0.56953125 0.9890625000000001 0.15781250000000002 0.021875000000000002
3 0.73828125 0.7046875 0.07968750000000001 0.053125000000000006
3 0.8343750000000001 0.7484375000000001 0.07187500000000001 0.06875
3 0.31562500000000004 0.92890625 0.05625 0.0671875
3 0.39765625000000004 0.9750000000000001 0.0578125 0.03125
