6 0.1875 0.6804687500000001 0.375 0.5078125
3 0.74609375 0.42812500000000003 0.1859375 0.184375
3 0.028125 0.15078125 0.05625 0.1265625
3 0.46796875000000004 0.5867187500000001 0.1796875 0.0546875
3 0.5554687500000001 0.45156250000000003 0.09843750000000001 0.10625000000000001
3 0.5945312500000001 0.36171875000000003 0.11093750000000001 0.051562500000000004
3 0.75390625 0.3015625 0.1078125 0.059375000000000004
3 0.0671875 0.35625 0.1125 0.109375
3 0.23046875 0.4421875 0.17343750000000002 0.125
3 0.81953125 0.7562500000000001 0.18906250000000002 0.14375000000000002
3 0.703125 0.8546875 0.084375 0.06875
3 0.32656250000000003 0.99375 0.1 0.0125
3 0.07421875 0.9703125 0.1484375 0.059375000000000004
3 0.41015625 0.9148437500000001 0.0671875 0.051562500000000004
3 0.95234375 0.0421875 0.09531250000000001 0.084375
6 0.6898437500000001 0.13671875 0.16718750000000002 0.1453125
6 0.8984375 0.16953125000000002 0.19687500000000002 0.11406250000000001
6 0.53046875 0.12578125 0.1640625 0.1546875
3 0.521875 0.09843750000000001 0.07187500000000001 0.08750000000000001
