3 0.7937500000000001 0.68125 0.125 0.059375000000000004
3 0.5703125 0.7265625 0.22812500000000002 0.146875
3 0.8484375000000001 0.7609375 0.06875 0.034375
3 0.8695312500000001 0.19296875000000002 0.1859375 0.1640625
3 0.7132812500000001 0.09453125000000001 0.0671875 0.0484375
3 0.6390625000000001 0.38984375000000004 0.09375 0.0328125
3 0.68515625 0.359375 0.0484375 0.05
7 0.96015625 0.8796875000000001 0.07968750000000001 0.084375
3 0.98046875 0.6664062500000001 0.0390625 0.029687500000000002
3 0.9515625000000001 0.6359375 0.046875 0.05
4 0.52734375 0.6273437500000001 0.2421875 0.22968750000000002
4 0.6335937500000001 0.44296875 0.37031250000000004 0.3953125
4 0.37265625 0.46328125000000003 0.2515625 0.1328125
3 0.29296875 0.4421875 0.0703125 0.043750000000000004
3 0.35781250000000003 0.49453125000000003 0.10625000000000001 0.051562500000000004
3 0.20468750000000002 0.3796875 0.053125000000000006 0.07187500000000001
3 0.08828125 0.4453125 0.045312500000000006 0.053125000000000006
