3 0.6570312500000001 0.1703125 0.0671875 0.08750000000000001
3 0.56796875 0.43671875000000004 0.0421875 0.0671875
3 0.70703125 0.253125 0.1046875 0.11875000000000001
3 0.57734375 0.02109375 0.060937500000000006 0.0421875
3 0.71015625 0.13359375 0.060937500000000006 0.0734375
3 0.44843750000000004 0.04453125 0.115625 0.0890625
3 0.36640625000000004 0.039843750000000004 0.0859375 0.07968750000000001
3 0.16328125000000002 0.19453125000000002 0.1328125 0.1484375
3 0.0671875 0.40156250000000004 0.08125 0.115625
3 0.1296875 0.46328125000000003 0.053125000000000006 0.0703125
3 0.44453125000000004 0.3484375 0.1046875 0.15625
6 0.284375 0.37265625 0.16875 0.18281250000000002
6 0.21484375 0.36953125000000003 0.0703125 0.0890625
6 0.3671875 0.46875 0.11875000000000001 0.11875000000000001
3 0.62109375 0.42578125 0.0328125 0.0484375
3 0.6257812500000001 0.5234375 0.0765625 0.1
3 0.48359375000000004 0.5859375 0.0890625 0.10625000000000001
3 0.46171875 0.7445312500000001 0.1015625 0.11406250000000001
3 0.7039062500000001 0.6195312500000001 0.0734375 0.1046875
3 0.77890625 0.7171875000000001 0.08281250000000001 0.12187500000000001
3 0.22890625 0.10859375 0.11406250000000001 0.1453125
3 0.7640625000000001 0.6265625 0.06875 0.084375
3 0.7984375 0.5671875000000001 0.028125 0.046875
3 0.3984375 0.909375 0.046875 0.078125
3 0.434375 0.91328125 0.09062500000000001 0.11406250000000001
3 0.521875 0.6804687500000001 0.06875 0.0890625
3 0.8148437500000001 0.92734375 0.1421875 0.1453125
3 0.54140625 0.9710937500000001 0.09843750000000001 0.0578125
3 0.8078125 0.35234375 0.084375 0.11093750000000001
3 0.38828125 0.30625 0.029687500000000002 0.040625
3 0.3203125 0.31875000000000003 0.037500000000000006 0.053125000000000006
7 0.3328125 0.2609375 0.05625 0.07500000000000001
3 0.2765625 0.15625 0.0625 0.07187500000000001
3 0.525 0.78515625 0.05 0.0765625
3 0.0625 0.66328125 0.040625 0.0484375
