7 0.21328125 0.7765625 0.2859375 0.11875000000000001
3 0.07578125000000001 0.93125 0.0703125 0.025
3 0.043750000000000004 0.909375 0.05 0.021875000000000002
7 0.265625 0.9328125 0.11875000000000001 0.12812500000000002
3 0.296875 0.9796875 0.034375 0.037500000000000006
7 0.36562500000000003 0.9296875 0.034375 0.034375
7 0.52265625 0.9609375 0.0734375 0.065625
7 0.31093750000000003 0.6648437500000001 0.065625 0.0390625
3 0.05 0.55703125 0.05625 0.045312500000000006
3 0.0078125 0.59140625 0.015625 0.0203125
3 0.45546875000000003 0.5164062500000001 0.0328125 0.0421875
3 0.87890625 0.5164062500000001 0.0421875 0.029687500000000002
3 0.8109375000000001 0.496875 0.034375 0.015625
3 0.7585937500000001 0.853125 0.0328125 0.028125
7 0.37578125 0.765625 0.035937500000000004 0.043750000000000004
7 0.58125 0.796875 0.046875 0.03125
7 0.1953125 0.59296875 0.07500000000000001 0.0765625
7 0.3328125 0.6023437500000001 0.059375000000000004 0.0546875
7 0.2328125 0.37890625 0.065625 0.045312500000000006
7 0.5398437500000001 0.42578125 0.045312500000000006 0.045312500000000006
7 0.49296875 0.4734375 0.0390625 0.034375
3 0.525 0.4078125 0.07187500000000001 0.084375
3 0.03125 0.37343750000000003 0.037500000000000006 0.037500000000000006
3 0.06015625 0.3484375 0.0390625 0.037500000000000006
3 0.07500000000000001 0.246875 0.028125 0.03125
3 0.022656250000000003 0.20859375000000002 0.0328125 0.0484375
3 0.03359375 0.0921875 0.029687500000000002 0.018750000000000003
7 0.40546875000000004 0.11171875 0.1640625 0.09531250000000001
7 0.465625 0.25390625 0.153125 0.0671875
7 0.6875 0.28046875 0.07500000000000001 0.0421875
7 0.90234375 0.33359375 0.15781250000000002 0.060937500000000006
7 0.23125 0.19843750000000002 0.10625000000000001 0.059375000000000004
7 0.54296875 0.17890625000000002 0.08281250000000001 0.0671875
3 0.59375 0.37031250000000004 0.021875000000000002 0.034375
7 0.478125 0.3125 0.153125 0.043750000000000004
7 0.021875000000000002 0.68671875 0.043750000000000004 0.0765625
3 0.82421875 0.42500000000000004 0.051562500000000004 0.028125
3 0.6640625 0.34921875 0.043750000000000004 0.026562500000000003
7 0.7609375 0.415625 0.05625 0.040625
7 0.8367187500000001 0.47265625 0.1015625 0.0390625
7 0.7468750000000001 0.4390625 0.034375 0.034375
7 0.765625 0.521875 0.043750000000000004 0.037500000000000006
7 0.8226562500000001 0.6000000000000001 0.1046875 0.040625
3 0.43125 0.9015625 0.043750000000000004 0.021875000000000002
7 0.7367187500000001 0.940625 0.1453125 0.046875
7 0.63984375 0.9796875 0.0421875 0.018750000000000003
