3 0.08203125 0.20546875 0.0671875 0.0390625
3 0.7703125000000001 0.6359375 0.053125000000000006 0.05625
3 0.65 0.94921875 0.05 0.051562500000000004
3 0.85703125 0.75703125 0.1421875 0.09531250000000001
3 0.8445312500000001 0.353125 0.0328125 0.096875
3 0.9500000000000001 0.03359375 0.1 0.0671875
3 0.7601562500000001 0.55703125 0.0734375 0.045312500000000006
3 0.9398437500000001 0.41640625000000003 0.051562500000000004 0.0546875
3 0.9226562500000001 0.24531250000000002 0.060937500000000006 0.06875
3 0.88671875 0.19765625 0.060937500000000006 0.0390625
