3 0.7765625 0.40078125000000003 0.08125 0.0390625
3 0.6234375000000001 0.31328125 0.046875 0.0484375
3 0.18125000000000002 0.37734375000000003 0.07187500000000001 0.06406250000000001
3 0.26875 0.30546875 0.084375 0.1265625
3 0.5437500000000001 0.05 0.043750000000000004 0.046875
3 0.48203125 0.63828125 0.1234375 0.07968750000000001
4 0.12109375 0.9390625 0.2265625 0.11875000000000001
4 0.1765625 0.6890625 0.22812500000000002 0.08125
4 0.13515625 0.625 0.1484375 0.084375
4 0.6937500000000001 0.75703125 0.328125 0.1421875
4 0.19843750000000002 0.5554687500000001 0.325 0.0578125
3 0.22734375 0.47109375000000003 0.0703125 0.0390625
3 0.060937500000000006 0.50703125 0.1 0.0234375
4 0.9320312500000001 0.7367187500000001 0.11406250000000001 0.18906250000000002
4 0.72578125 0.5875 0.3015625 0.1
4 0.86875 0.53046875 0.115625 0.09843750000000001
4 0.50625 0.41328125000000004 0.240625 0.19843750000000002
4 0.39609375 0.31171875000000004 0.1640625 0.1921875
4 0.209375 0.3484375 0.22187500000000002 0.178125
4 0.22578125000000002 0.47734375 0.0921875 0.07968750000000001
4 0.4890625 0.55625 0.1375 0.05625
3 0.48828125 0.5578125 0.0546875 0.05
4 0.81796875 0.4140625 0.3609375 0.15625
4 0.56484375 0.19687500000000002 0.1046875 0.25
4 0.6421875 0.253125 0.084375 0.11875000000000001
4 0.1015625 0.2109375 0.115625 0.13125
4 0.26171875 0.1765625 0.13593750000000002 0.115625
4 0.15390625000000002 0.07578125000000001 0.22031250000000002 0.1265625
4 0.48828125 0.045312500000000006 0.22968750000000002 0.09062500000000001
4 0.8757812500000001 0.06953125 0.23593750000000002 0.1390625
2 0.92890625 0.02109375 0.1296875 0.0421875
