4 0.43593750000000003 0.17500000000000002 0.15000000000000002 0.284375
3 0.43828125 0.18046875 0.1296875 0.2390625
4 0.8921875 0.11875000000000001 0.215625 0.234375
3 0.8992187500000001 0.05078125 0.1859375 0.07968750000000001
3 0.9625 0.17578125 0.07500000000000001 0.1078125
3 0.92578125 0.24296875 0.1171875 0.0671875
4 0.2109375 0.509375 0.415625 0.17500000000000002
3 0.30234375 0.48125 0.2171875 0.09062500000000001
3 0.26796875000000003 0.56875 0.22968750000000002 0.059375000000000004
4 0.2328125 0.6335937500000001 0.209375 0.0703125
3 0.22968750000000002 0.6414062500000001 0.046875 0.0390625
3 0.28984375 0.628125 0.0734375 0.025
4 0.50546875 0.93671875 0.17343750000000002 0.1265625
4 0.784375 0.41953125 0.22187500000000002 0.1640625
3 0.80625 0.3984375 0.146875 0.08750000000000001
3 0.7210937500000001 0.47109375000000003 0.045312500000000006 0.0578125
3 0.56953125 0.16875 0.09843750000000001 0.059375000000000004
4 0.49843750000000003 0.6335937500000001 0.15000000000000002 0.0921875
