7 0.2421875 0.3015625 0.040625 0.040625
7 0.2078125 0.29453125 0.015625 0.026562500000000003
7 0.61328125 0.029687500000000002 0.060937500000000006 0.059375000000000004
3 0.6375000000000001 0.30234375 0.034375 0.0890625
7 0.4859375 0.33828125000000003 0.078125 0.06406250000000001
3 0.45156250000000003 0.42109375000000004 0.05625 0.0484375
7 0.94140625 0.29375 0.0890625 0.278125
7 0.7734375 0.58046875 0.203125 0.1609375
7 0.92578125 0.58359375 0.0859375 0.0921875
7 0.8515625 0.3921875 0.0625 0.13125
7 0.9007812500000001 0.43671875000000004 0.0328125 0.11093750000000001
7 0.70625 0.11953125 0.125 0.20468750000000002
7 0.203125 0.184375 0.025 0.07187500000000001
3 0.18203125 0.5437500000000001 0.06406250000000001 0.034375
7 0.953125 0.77734375 0.09375 0.0703125
3 0.9593750000000001 0.73359375 0.03125 0.0390625
7 0.759375 0.7734375 0.034375 0.109375
