3 0.00703125 0.6984375 0.0140625 0.09375
7 0.045312500000000006 0.76875 0.09062500000000001 0.125
7 0.15234375 0.51875 0.0484375 0.084375
7 0.2265625 0.5828125000000001 0.084375 0.15000000000000002
7 0.36562500000000003 0.734375 0.09062500000000001 0.140625
3 0.43359375 0.4296875 0.07968750000000001 0.140625
3 0.58046875 0.41796875 0.17343750000000002 0.1859375
7 0.96015625 0.2734375 0.07968750000000001 0.084375
7 0.7671875 0.9539062500000001 0.05 0.0921875
3 0.215625 0.9625 0.0625 0.07187500000000001
7 0.16718750000000002 0.21484375 0.05 0.1203125
7 0.10390625 0.03359375 0.0578125 0.035937500000000004
7 0.6640625 0.5265625 0.040625 0.059375000000000004
7 0.7367187500000001 0.565625 0.09531250000000001 0.0625
3 0.35234375 0.9968750000000001 0.0546875 0.00625
