3 0.84140625 0.045312500000000006 0.0578125 0.046875
4 0.8984375 0.39296875000000003 0.078125 0.3171875
3 0.9007812500000001 0.43203125000000003 0.026562500000000003 0.0703125
4 0.63671875 0.35234375 0.2546875 0.5265625
4 0.7406250000000001 0.75 0.13125 0.22187500000000002
4 0.8765625 0.7078125000000001 0.07187500000000001 0.19062500000000002
4 0.08125 0.275 0.1625 0.5437500000000001
4 0.2609375 0.11796875000000001 0.1875 0.23593750000000002
4 0.43359375 0.125 0.1421875 0.1
4 0.5015625 0.71640625 0.25 0.19843750000000002
3 0.52109375 0.72265625 0.09531250000000001 0.045312500000000006
3 0.1921875 0.4859375 0.059375000000000004 0.05
3 0.04296875 0.16484375 0.051562500000000004 0.1703125
3 0.059375000000000004 0.403125 0.0625 0.184375
3 0.028125 0.81796875 0.037500000000000006 0.0578125
3 0.2625 0.87109375 0.053125000000000006 0.08281250000000001
3 0.31796875 0.96640625 0.0671875 0.0390625
3 0.3875 0.95859375 0.028125 0.035937500000000004
4 0.96796875 0.95234375 0.060937500000000006 0.0921875
4 0.0625 0.95234375 0.078125 0.09531250000000001
4 0.09296875 0.73203125 0.09531250000000001 0.1265625
4 0.15234375 0.96796875 0.0578125 0.06406250000000001
