7 0.18984375 0.6726562500000001 0.16718750000000002 0.11093750000000001
3 0.77734375 0.603125 0.1265625 0.08125
3 0.9234375 0.61875 0.14375000000000002 0.06875
3 0.17734375000000002 0.3921875 0.15156250000000002 0.078125
3 0.18281250000000002 0.2546875 0.125 0.14375000000000002
3 0.078125 0.16328125000000002 0.10625000000000001 0.060937500000000006
3 0.890625 0.13125 0.1 0.053125000000000006
3 0.5945312500000001 0.9359375000000001 0.0734375 0.08125
7 0.41640625000000003 0.63984375 0.060937500000000006 0.051562500000000004
3 0.30390625000000004 0.66953125 0.0484375 0.060937500000000006
3 0.03828125 0.39375000000000004 0.0671875 0.034375
