4 0.35390625000000003 0.38515625000000003 0.5609375 0.43593750000000003
4 0.16328125000000002 0.53046875 0.32656250000000003 0.4078125
3 0.7265625 0.07187500000000001 0.23750000000000002 0.14375000000000002
3 0.5203125000000001 0.0546875 0.178125 0.109375
3 0.54296875 0.22187500000000002 0.24531250000000002 0.18125000000000002
4 0.60703125 0.8390625 0.23593750000000002 0.178125
3 0.7125 0.75 0.115625 0.09375
3 0.8992187500000001 0.65 0.18906250000000002 0.146875
3 0.7203125 0.578125 0.1125 0.08125
3 0.5515625000000001 0.6312500000000001 0.07187500000000001 0.05625
3 0.48281250000000003 0.7078125000000001 0.06875 0.053125000000000006
3 0.43828125 0.41171875 0.1234375 0.0890625
3 0.41875 0.29609375 0.153125 0.1203125
3 0.27734375 0.22578125000000002 0.0703125 0.051562500000000004
3 0.32343750000000004 0.32734375000000004 0.18125000000000002 0.1421875
3 0.259375 0.36171875000000003 0.19687500000000002 0.1546875
3 0.29921875000000003 0.47421875 0.09843750000000001 0.0765625
2 0.36875 0.1546875 0.19062500000000002 0.140625
3 0.96640625 0.48671875000000003 0.0671875 0.0703125
4 0.7890625 0.5476562500000001 0.13125 0.1015625
