3 0.6015625 0.26875 0.11875000000000001 0.1
2 0.46796875000000004 0.3171875 0.1765625 0.12812500000000002
3 0.52734375 0.31640625 0.1234375 0.0890625
3 0.28984375 0.27421875 0.22968750000000002 0.16718750000000002
3 0.39296875000000003 0.16796875 0.2734375 0.18281250000000002
3 0.6218750000000001 0.54921875 0.10312500000000001 0.0890625
3 0.54453125 0.5734375 0.2890625 0.21250000000000002
3 0.325 0.75546875 0.13125 0.0921875
7 0.25078125 0.828125 0.1078125 0.078125
7 0.2984375 0.9554687500000001 0.25 0.0890625
7 0.146875 0.9546875 0.115625 0.08125
7 0.078125 0.7703125000000001 0.15625 0.15625
3 0.75390625 0.765625 0.1015625 0.06875
3 0.10546875 0.6640625 0.0921875 0.065625
3 0.5953125 0.37890625 0.109375 0.0765625
3 0.68671875 0.47578125000000004 0.09843750000000001 0.0765625
