7 0.81171875 0.7734375 0.1546875 0.14375000000000002
7 0.8328125000000001 0.47265625 0.18125000000000002 0.0671875
7 0.6312500000000001 0.5671875000000001 0.0625 0.065625
7 0.484375 0.39453125 0.246875 0.21406250000000002
7 0.23750000000000002 0.53828125 0.10625000000000001 0.0859375
7 0.44609375 0.64375 0.09843750000000001 0.15000000000000002
7 0.80390625 0.63671875 0.0890625 0.051562500000000004
7 0.21015625000000002 0.6648437500000001 0.1234375 0.0859375
7 0.57265625 0.671875 0.1078125 0.043750000000000004
7 0.10703125000000001 0.7000000000000001 0.08281250000000001 0.20625000000000002
3 0.32578125 0.45546875000000003 0.0671875 0.08281250000000001
