7 0.421875 0.22734375 0.19375 0.2015625
7 0.34375 0.2828125 0.08750000000000001 0.040625
7 0.32890625 0.047656250000000004 0.0578125 0.0859375
7 0.41171875 0.041406250000000006 0.0921875 0.0328125
7 0.43203125000000003 0.5046875000000001 0.2828125 0.18125000000000002
3 0.33828125000000003 0.57734375 0.0671875 0.0578125
3 0.37578125 0.8515625 0.0921875 0.053125000000000006
3 0.484375 0.6156250000000001 0.08125 0.040625
4 0.73359375 0.55859375 0.2171875 0.2390625
3 0.11093750000000001 0.5437500000000001 0.053125000000000006 0.037500000000000006
3 0.13359375 0.60078125 0.06406250000000001 0.026562500000000003
3 0.7429687500000001 0.7757812500000001 0.051562500000000004 0.045312500000000006
