7 0.5796875 0.33125000000000004 0.16562500000000002 0.096875
7 0.66953125 0.40234375 0.18281250000000002 0.09531250000000001
7 0.296875 0.4375 0.134375 0.065625
3 0.33671875 0.34609375000000003 0.0921875 0.0734375
3 0.0921875 0.20468750000000002 0.09062500000000001 0.05
3 0.503125 0.30312500000000003 0.028125 0.021875000000000002
3 0.7484375000000001 0.55390625 0.078125 0.045312500000000006
7 0.5875 0.5390625 0.15937500000000002 0.07500000000000001
7 0.3953125 0.52265625 0.07500000000000001 0.0328125
7 0.24921875000000002 0.5640625 0.0921875 0.040625
3 0.2921875 0.6117187500000001 0.05625 0.029687500000000002
3 0.29140625000000003 0.7484375000000001 0.16718750000000002 0.05625
3 0.45937500000000003 0.6890625 0.10312500000000001 0.084375
5 0.4546875 0.6898437500000001 0.140625 0.1015625
5 0.28828125 0.753125 0.1921875 0.078125
4 0.10703125000000001 0.93671875 0.20468750000000002 0.1078125
4 0.83515625 0.58828125 0.3296875 0.1453125
3 0.3984375 0.925 0.1 0.134375
3 0.7000000000000001 0.30234375 0.046875 0.0421875
3 0.78125 0.38906250000000003 0.046875 0.05
3 0.9046875000000001 0.33828125000000003 0.09062500000000001 0.0421875
4 0.78828125 0.33125000000000004 0.0671875 0.037500000000000006
