4 0.7664062500000001 0.39140625 0.3828125 0.37031250000000004
4 0.21015625000000002 0.35468750000000004 0.3765625 0.19687500000000002
4 0.43281250000000004 0.37265625 0.13125 0.060937500000000006
4 0.0921875 0.5281250000000001 0.184375 0.13125
4 0.7953125000000001 0.8835937500000001 0.20625000000000002 0.1609375
4 0.65390625 0.8562500000000001 0.5171875 0.28750000000000003
4 0.93515625 0.45937500000000003 0.1296875 0.13125
4 0.98046875 0.34453125 0.0390625 0.15156250000000002
4 0.11015625000000001 0.83125 0.2171875 0.23125
3 0.15000000000000002 0.853125 0.096875 0.07500000000000001
