3 0.36250000000000004 0.7820312500000001 0.12187500000000001 0.1609375
3 0.7523437500000001 0.9765625 0.1296875 0.043750000000000004
7 0.6429687500000001 0.4890625 0.3140625 0.125
7 0.815625 0.7898437500000001 0.15000000000000002 0.0765625
7 0.8445312500000001 0.665625 0.08281250000000001 0.05
7 0.67109375 0.60546875 0.30781250000000004 0.0859375
3 0.59609375 0.571875 0.1328125 0.053125000000000006
3 0.88828125 0.1796875 0.0765625 0.16875
3 0.80390625 0.0140625 0.0421875 0.028125
7 0.9734375000000001 0.81171875 0.053125000000000006 0.0703125
7 0.9625 0.6468750000000001 0.07500000000000001 0.1125
7 0.8984375 0.47421875 0.07500000000000001 0.08281250000000001
3 0.97265625 0.46015625000000004 0.0546875 0.06406250000000001
7 0.853125 0.37265625 0.05 0.08281250000000001
3 0.2671875 0.03125 0.03125 0.0625
