3 0.421875 0.28125 0.040625 0.07187500000000001
3 0.875 0.12421875 0.07500000000000001 0.1796875
3 0.9796875 0.7859375000000001 0.040625 0.084375
3 0.4625 0.7328125000000001 0.10625000000000001 0.053125000000000006
3 0.80390625 0.20234375000000002 0.07968750000000001 0.1609375
3 0.734375 0.41796875 0.2 0.2546875
3 0.6640625 0.66328125 0.19062500000000002 0.2828125
3 0.9164062500000001 0.45234375000000004 0.1078125 0.3140625
3 0.75546875 0.78046875 0.09843750000000001 0.06406250000000001
3 0.265625 0.6351562500000001 0.09062500000000001 0.060937500000000006
