3 0.34375 0.0859375 0.084375 0.040625
3 0.953125 0.33437500000000003 0.08750000000000001 0.05625
3 0.33671875 0.28984375 0.1296875 0.0703125
3 0.61328125 0.31953125000000004 0.2734375 0.0859375
3 0.6703125000000001 0.41250000000000003 0.11875000000000001 0.134375
3 0.51796875 0.50703125 0.16718750000000002 0.1546875
3 0.8250000000000001 0.45859375 0.059375000000000004 0.1078125
2 0.3609375 0.42031250000000003 0.12187500000000001 0.09062500000000001
3 0.3046875 0.36484375 0.059375000000000004 0.0578125
3 0.034375 0.47578125000000004 0.05625 0.045312500000000006
3 0.10078125 0.55234375 0.2015625 0.0921875
3 0.02734375 0.8046875 0.0546875 0.09062500000000001
7 0.08984375 0.7781250000000001 0.0703125 0.0625
7 0.12890625 0.6976562500000001 0.1484375 0.0765625
