7 0.53359375 0.5203125000000001 0.27968750000000003 0.22187500000000002
7 0.8070312500000001 0.546875 0.0671875 0.053125000000000006
7 0.8734375000000001 0.58828125 0.037500000000000006 0.0921875
7 0.9304687500000001 0.5789062500000001 0.06406250000000001 0.1046875
7 0.9859375 0.659375 0.028125 0.0625
7 0.9046875000000001 0.453125 0.05 0.09375
7 0.890625 0.36171875000000003 0.07500000000000001 0.0578125
7 0.84921875 0.1546875 0.09843750000000001 0.07500000000000001
7 0.44296875 0.34453125 0.08281250000000001 0.0578125
3 0.446875 0.028125 0.084375 0.05
3 0.66796875 0.041406250000000006 0.1078125 0.051562500000000004
