7 0.284375 0.7585937500000001 0.4375 0.20468750000000002
7 0.53671875 0.63984375 0.2546875 0.2234375
7 0.7515625 0.46015625000000004 0.146875 0.1765625
7 0.465625 0.4390625 0.15625 0.06875
7 0.3640625 0.3203125 0.16562500000000002 0.1875
7 0.19921875 0.56015625 0.3984375 0.1421875
7 0.08125 0.12578125 0.1625 0.24531250000000002
3 0.8289062500000001 0.6703125000000001 0.1796875 0.06875
3 0.7265625 0.3046875 0.19062500000000002 0.07187500000000001
3 0.8304687500000001 0.234375 0.1015625 0.09375
3 0.98203125 0.54921875 0.035937500000000004 0.0484375
3 0.94296875 0.978125 0.11406250000000001 0.043750000000000004
3 0.53125 0.32109375 0.1 0.0546875
