3 0.78125 0.9656250000000001 0.040625 0.034375
3 0.37109375 0.8875000000000001 0.0390625 0.025
3 0.15234375 0.5359375000000001 0.0390625 0.03125
3 0.25703125 0.5750000000000001 0.045312500000000006 0.05
3 0.05859375 0.4265625 0.0421875 0.025
3 0.45703125 0.359375 0.026562500000000003 0.028125
3 0.434375 0.296875 0.03125 0.018750000000000003
3 0.55703125 0.53828125 0.051562500000000004 0.0234375
3 0.46171875 0.603125 0.0421875 0.028125
3 0.7000000000000001 0.946875 0.053125000000000006 0.037500000000000006
3 0.9046875000000001 0.9875 0.053125000000000006 0.021875000000000002
3 0.40625 0.7546875000000001 0.046875 0.028125
3 0.15390625000000002 0.69921875 0.0234375 0.0203125
3 0.671875 0.5546875 0.05 0.021875000000000002
3 0.6671875 0.6453125000000001 0.03125 0.018750000000000003
