4 0.509375 0.9140625 0.16875 0.16562500000000002
4 0.30078125 0.571875 0.5671875000000001 0.36875
4 0.6000000000000001 0.36875 0.225 0.153125
4 0.6585937500000001 0.25390625 0.3296875 0.1265625
4 0.6859375000000001 0.45937500000000003 0.1 0.09375
4 0.8546875 0.5453125 0.140625 0.078125
4 0.8445312500000001 0.7976562500000001 0.1703125 0.08281250000000001
4 0.921875 0.9398437500000001 0.15625 0.1015625
4 0.9539062500000001 0.70078125 0.0921875 0.1234375
3 0.14609375 0.578125 0.15156250000000002 0.065625
3 0.31562500000000004 0.6218750000000001 0.146875 0.0625
