7 0.51484375 0.12187500000000001 0.1640625 0.203125
7 0.7039062500000001 0.3671875 0.17343750000000002 0.19375
7 0.58515625 0.35000000000000003 0.0671875 0.078125
7 0.8125 0.20703125 0.171875 0.1546875
7 0.6625000000000001 0.2078125 0.046875 0.05625
7 0.47578125000000004 0.8109375000000001 0.1703125 0.07500000000000001
3 0.5953125 0.7914062500000001 0.059375000000000004 0.07968750000000001
7 0.70625 0.5453125 0.134375 0.046875
7 0.7835937500000001 0.5007812500000001 0.09531250000000001 0.051562500000000004
3 0.9296875 0.23515625 0.03125 0.0390625
