7 0.1390625 0.8226562500000001 0.19062500000000002 0.17343750000000002
7 0.0859375 0.63203125 0.10312500000000001 0.09531250000000001
7 0.47890625000000003 0.6531250000000001 0.2265625 0.18125000000000002
7 0.31562500000000004 0.53359375 0.043750000000000004 0.0921875
7 0.26406250000000003 0.48359375000000004 0.07187500000000001 0.0734375
7 0.16953125000000002 0.36640625000000004 0.07968750000000001 0.1265625
7 0.0734375 0.33828125000000003 0.1125 0.20468750000000002
7 0.10859375 0.16640625 0.2171875 0.1953125
7 0.3828125 0.2765625 0.27187500000000003 0.296875
7 0.2625 0.7000000000000001 0.043750000000000004 0.046875
7 0.9140625 0.08281250000000001 0.16562500000000002 0.16562500000000002
7 0.7515625 0.6453125000000001 0.184375 0.21875
7 0.28359375000000003 0.7625000000000001 0.0421875 0.0625
7 0.16328125000000002 0.634375 0.051562500000000004 0.1
