4 0.64765625 0.25390625 0.2671875 0.2671875
4 0.52109375 0.5984375000000001 0.1234375 0.28750000000000003
4 0.38515625000000003 0.75546875 0.1453125 0.23593750000000002
3 0.51875 0.50625 0.10312500000000001 0.07500000000000001
3 0.5125000000000001 0.65 0.05625 0.12812500000000002
3 0.27578125000000003 0.77109375 0.0765625 0.0765625
3 0.74375 0.1609375 0.040625 0.046875
3 0.3796875 0.540625 0.07500000000000001 0.078125
3 0.8421875000000001 0.4375 0.046875 0.046875
3 0.078125 0.38203125000000004 0.05625 0.0765625
3 0.434375 0.06406250000000001 0.08125 0.065625
3 0.0765625 0.98359375 0.05625 0.0328125
4 0.73203125 0.73203125 0.1265625 0.3953125
