7 0.60703125 0.40078125000000003 0.2484375 0.5796875
7 0.69921875 0.0484375 0.1078125 0.096875
7 0.9734375000000001 0.20703125 0.053125000000000006 0.22031250000000002
7 0.9070312500000001 0.2890625 0.0484375 0.08750000000000001
7 0.946875 0.46171875 0.06875 0.13593750000000002
7 0.8718750000000001 0.534375 0.05625 0.09375
7 0.1625 0.66171875 0.21250000000000002 0.1609375
7 0.04296875 0.44609375 0.08281250000000001 0.13593750000000002
7 0.34687500000000004 0.04296875 0.06875 0.0859375
7 0.39687500000000003 0.5796875 0.178125 0.36250000000000004
7 0.029687500000000002 0.58359375 0.059375000000000004 0.0921875
