4 0.8187500000000001 0.09140625000000001 0.25 0.1796875
7 0.453125 0.041406250000000006 0.0625 0.07968750000000001
7 0.37812500000000004 0.17578125 0.125 0.1765625
7 0.10312500000000001 0.14609375 0.20625000000000002 0.0390625
7 0.14921875 0.30078125 0.1453125 0.0765625
7 0.0765625 0.39453125 0.1 0.1015625
7 0.584375 0.81015625 0.33125000000000004 0.2109375
7 0.26015625000000003 0.8406250000000001 0.18906250000000002 0.146875
3 0.18671875000000002 0.084375 0.060937500000000006 0.053125000000000006
4 0.39140625 0.73046875 0.17343750000000002 0.1609375
3 0.3046875 0.8125 0.05625 0.018750000000000003
3 0.32343750000000004 0.90234375 0.05625 0.045312500000000006
3 0.57421875 0.25546875 0.0890625 0.0890625
4 0.33046875000000003 0.56484375 0.13593750000000002 0.09531250000000001
