7 0.46484375 0.478125 0.27968750000000003 0.22187500000000002
7 0.19140625 0.45156250000000003 0.0671875 0.053125000000000006
7 0.125 0.41015625 0.037500000000000006 0.0921875
7 0.06796875000000001 0.41953125 0.06406250000000001 0.1046875
7 0.013281250000000001 0.33906250000000004 0.026562500000000003 0.0625
7 0.09296875 0.54609375 0.0484375 0.0921875
7 0.1078125 0.63671875 0.07500000000000001 0.0578125
7 0.14921875 0.84375 0.09843750000000001 0.07500000000000001
7 0.5546875 0.65390625 0.08125 0.0578125
3 0.5515625000000001 0.9703125 0.084375 0.05
3 0.33046875000000003 0.95703125 0.1078125 0.051562500000000004
