4 0.696875 0.29453125 0.515625 0.43281250000000004
3 0.73984375 0.325 0.0546875 0.10625000000000001
3 0.8695312500000001 0.33515625000000004 0.0390625 0.0921875
3 0.5859375 0.40390625 0.16562500000000002 0.1171875
3 0.31796875 0.7515625 0.0734375 0.11875000000000001
3 0.36484375 0.59609375 0.0671875 0.1046875
3 0.6765625000000001 0.90234375 0.12812500000000002 0.11093750000000001
3 0.57421875 0.828125 0.0484375 0.10625000000000001
7 0.045312500000000006 0.8703125 0.084375 0.234375
7 0.1421875 0.68671875 0.203125 0.1203125
7 0.055468750000000004 0.6257812500000001 0.1015625 0.11406250000000001
7 0.12812500000000002 0.553125 0.09375 0.05625
3 0.45625000000000004 0.8250000000000001 0.025 0.05
3 0.9234375 0.1453125 0.065625 0.065625
