3 0.5703125 0.87109375 0.08125 0.0578125
7 0.6781250000000001 0.88671875 0.07500000000000001 0.035937500000000004
7 0.32421875 0.78828125 0.1390625 0.1296875
3 0.3171875 0.84296875 0.03125 0.0328125
7 0.49375 0.8078125 0.078125 0.06875
3 0.5109375 0.83984375 0.018750000000000003 0.026562500000000003
3 0.22890625 0.6109375 0.2546875 0.125
3 0.16640625 0.4546875 0.1546875 0.125
7 0.5750000000000001 0.5125000000000001 0.20625000000000002 0.125
3 0.04609375 0.6296875000000001 0.0859375 0.05
7 0.359375 0.46796875000000004 0.109375 0.1015625
3 0.9875 0.07578125000000001 0.025 0.0546875
3 0.8460937500000001 0.15234375 0.0421875 0.0890625
3 0.77734375 0.07500000000000001 0.06406250000000001 0.034375
3 0.68515625 0.23671875 0.11093750000000001 0.0921875
3 0.5164062500000001 0.043750000000000004 0.1640625 0.08750000000000001
3 0.2265625 0.0734375 0.053125000000000006 0.0625
3 0.8031250000000001 0.47421875 0.05625 0.035937500000000004
3 0.87109375 0.44453125000000004 0.051562500000000004 0.0484375
3 0.20234375000000002 0.82734375 0.0421875 0.045312500000000006
3 0.032031250000000004 0.7609375 0.0546875 0.037500000000000006
3 0.5085937500000001 0.3171875 0.0390625 0.046875
3 0.565625 0.28515625 0.040625 0.0203125
