3 0.34765625 0.9789062500000001 0.0484375 0.035937500000000004
3 0.925 0.97265625 0.078125 0.051562500000000004
3 0.8734375000000001 0.64609375 0.065625 0.0421875
3 0.421875 0.5164062500000001 0.11875000000000001 0.060937500000000006
3 0.36875 0.465625 0.109375 0.037500000000000006
3 0.29296875 0.51953125 0.0328125 0.0671875
3 0.58359375 0.35546875 0.0890625 0.045312500000000006
3 0.29375 0.3609375 0.037500000000000006 0.040625
3 0.3671875 0.43046875 0.025 0.0140625
3 0.3375 0.37343750000000003 0.0125 0.021875000000000002
3 0.37812500000000004 0.309375 0.034375 0.0125
