7 0.36250000000000004 0.325 0.7250000000000001 0.3375
7 0.8078125 0.00625 0.184375 0.0125
7 0.6875 0.078125 0.253125 0.15625
7 0.8367187500000001 0.18125000000000002 0.13593750000000002 0.10625000000000001
7 0.8031250000000001 0.42812500000000003 0.115625 0.08125
7 0.9421875000000001 0.35390625000000003 0.096875 0.0703125
7 0.6351562500000001 0.5593750000000001 0.3671875 0.109375
7 0.946875 0.6218750000000001 0.10625000000000001 0.215625
7 0.6328125 0.7250000000000001 0.30000000000000004 0.27187500000000003
7 0.95859375 0.8390625 0.08281250000000001 0.28125
7 0.8835937500000001 0.9695312500000001 0.2328125 0.060937500000000006
