3 0.8953125000000001 0.5750000000000001 0.07187500000000001 0.025
7 0.5 0.34765625 0.140625 0.1171875
3 0.39375000000000004 0.36484375 0.034375 0.08281250000000001
7 0.55234375 0.51796875 0.09531250000000001 0.08281250000000001
7 0.453125 0.6664062500000001 0.171875 0.15781250000000002
7 0.6273437500000001 0.7718750000000001 0.0546875 0.171875
7 0.63203125 0.55 0.0703125 0.17500000000000002
7 0.7273437500000001 0.41015625 0.1328125 0.0859375
3 0.63203125 0.22109375 0.0671875 0.1203125
7 0.7039062500000001 0.7117187500000001 0.035937500000000004 0.1421875
7 0.80078125 0.625 0.0703125 0.043750000000000004
7 0.52109375 0.20390625 0.0671875 0.06406250000000001
7 0.9710937500000001 0.8226562500000001 0.029687500000000002 0.0703125
