7 0.51484375 0.8765625 0.1640625 0.203125
7 0.7039062500000001 0.6312500000000001 0.17343750000000002 0.19375
7 0.58515625 0.6484375 0.0671875 0.078125
7 0.8125 0.7914062500000001 0.171875 0.1546875
7 0.6625000000000001 0.790625 0.046875 0.05625
7 0.47578125000000004 0.1875 0.1703125 0.07500000000000001
3 0.5953125 0.20703125 0.059375000000000004 0.07968750000000001
7 0.70625 0.453125 0.134375 0.046875
7 0.7835937500000001 0.49765625 0.09531250000000001 0.051562500000000004
3 0.9296875 0.7625000000000001 0.03125 0.037500000000000006
