4 0.91015625 0.12421875 0.1640625 0.0765625
4 0.65390625 0.21484375 0.1453125 0.11093750000000001
7 0.5046875000000001 0.11875000000000001 0.059375000000000004 0.05625
7 0.42890625000000004 0.15390625000000002 0.11406250000000001 0.1203125
7 0.48203125 0.22812500000000002 0.07968750000000001 0.15000000000000002
7 0.45859375 0.25703125 0.0578125 0.0859375
7 0.40625 0.41796875 0.05 0.0734375
7 0.87109375 0.8078125 0.0859375 0.065625
7 0.9437500000000001 0.87109375 0.03125 0.0765625
7 0.31015625 0.9242187500000001 0.1390625 0.09531250000000001
7 0.465625 0.7585937500000001 0.15625 0.0859375
7 0.2609375 0.6882812500000001 0.10625000000000001 0.1015625
7 0.15156250000000002 0.69296875 0.08750000000000001 0.06406250000000001
7 0.5484375 0.6484375 0.046875 0.03125
7 0.77265625 0.534375 0.13593750000000002 0.078125
7 0.9460937500000001 0.47109375000000003 0.1046875 0.1390625
7 0.91953125 0.3640625 0.1484375 0.084375
7 0.85546875 0.2984375 0.1640625 0.07187500000000001
