3 0.96796875 0.14609375 0.06406250000000001 0.08281250000000001
3 0.859375 0.17734375000000002 0.109375 0.0734375
3 0.12890625 0.69921875 0.07968750000000001 0.1546875
3 0.7054687500000001 0.6960937500000001 0.1265625 0.0703125
3 0.5906250000000001 0.7757812500000001 0.115625 0.1390625
3 0.5015625 0.8500000000000001 0.06875 0.115625
7 0.7351562500000001 0.29765625 0.1484375 0.19843750000000002
7 0.50546875 0.19921875 0.2703125 0.1203125
3 0.6023437500000001 0.1484375 0.060937500000000006 0.03125
7 0.026562500000000003 0.29140625000000003 0.053125000000000006 0.1421875
7 0.07421875 0.053125000000000006 0.1484375 0.1
7 0.23359375000000002 0.07578125000000001 0.1078125 0.07968750000000001
7 0.184375 0.3484375 0.16562500000000002 0.09062500000000001
7 0.47265625 0.40234375 0.1390625 0.09843750000000001
7 0.2984375 0.4921875 0.21875 0.27187500000000003
7 0.63984375 0.56484375 0.18281250000000002 0.24531250000000002
7 0.7937500000000001 0.43359375 0.08125 0.0390625
