3 0.00859375 0.2234375 0.0171875 0.046875
7 0.013281250000000001 0.44453125000000004 0.026562500000000003 0.06406250000000001
7 0.096875 0.34765625 0.046875 0.07968750000000001
7 0.2 0.3515625 0.08750000000000001 0.065625
7 0.16640625 0.40468750000000003 0.08281250000000001 0.028125
7 0.09062500000000001 0.5078125 0.059375000000000004 0.046875
7 0.1703125 0.50390625 0.09062500000000001 0.09843750000000001
7 0.24609375 0.4078125 0.0921875 0.15000000000000002
7 0.20703125 0.58515625 0.0578125 0.0546875
7 0.25 0.71796875 0.134375 0.18906250000000002
7 0.96015625 0.728125 0.07968750000000001 0.140625
3 0.3796875 0.69296875 0.09062500000000001 0.045312500000000006
3 0.63671875 0.7984375 0.1015625 0.05625
7 0.6531250000000001 0.6453125000000001 0.06875 0.046875
4 0.59375 0.27968750000000003 0.12812500000000002 0.09062500000000001
3 0.6125 0.27968750000000003 0.06875 0.034375
4 0.8054687500000001 0.38984375000000004 0.31093750000000003 0.24531250000000002
4 0.58125 0.4 0.10312500000000001 0.09375
4 0.6960937500000001 0.44062500000000004 0.22968750000000002 0.09062500000000001
4 0.6585937500000001 0.83984375 0.1703125 0.2078125
4 0.6609375000000001 0.58046875 0.10625000000000001 0.0421875
7 0.3453125 0.11640625 0.07187500000000001 0.035937500000000004
7 0.29296875 0.240625 0.1234375 0.07187500000000001
4 0.37734375000000003 0.18515625000000002 0.1328125 0.1921875
3 0.02734375 0.6125 0.0546875 0.034375
3 0.290625 0.57734375 0.043750000000000004 0.0546875
4 0.8015625000000001 0.18125000000000002 0.17500000000000002 0.17500000000000002
7 0.55390625 0.9515625000000001 0.1328125 0.096875
7 0.8812500000000001 0.98046875 0.096875 0.0390625
4 0.3203125 0.95625 0.328125 0.08750000000000001
3 0.8562500000000001 0.8382812500000001 0.03125 0.0484375
4 0.02109375 0.59375 0.0421875 0.10312500000000001
3 0.017968750000000002 0.603125 0.035937500000000004 0.034375
