7 0.7117187500000001 0.47265625 0.2546875 0.1921875
7 0.66328125 0.63046875 0.1265625 0.0671875
7 0.63828125 0.7640625000000001 0.27968750000000003 0.20625000000000002
7 0.45625000000000004 0.55625 0.146875 0.12812500000000002
7 0.54609375 0.3140625 0.1265625 0.115625
7 0.53046875 0.4140625 0.0484375 0.046875
7 0.484375 0.46171875 0.059375000000000004 0.045312500000000006
7 0.45703125 0.1265625 0.1390625 0.246875
7 0.37578125 0.16484375 0.08281250000000001 0.1328125
7 0.15703125 0.3359375 0.27968750000000003 0.1
