3 0.51875 0.18046875 0.225 0.0734375
3 0.34687500000000004 0.22578125000000002 0.08750000000000001 0.1015625
3 0.7390625000000001 0.6000000000000001 0.10312500000000001 0.05
3 0.9546875 0.41250000000000003 0.07187500000000001 0.05625
3 0.8125 0.4296875 0.3125 0.209375
3 0.27265625 0.63671875 0.0765625 0.0421875
3 0.5921875 0.01015625 0.07500000000000001 0.0203125
3 0.61875 0.0765625 0.12187500000000001 0.065625
3 0.109375 0.5125000000000001 0.037500000000000006 0.05625
3 0.7976562500000001 0.7609375 0.0390625 0.046875
3 0.7679687500000001 0.78046875 0.0421875 0.0890625
3 0.9734375000000001 0.78515625 0.046875 0.0390625
