3 0.4859375 0.50703125 0.078125 0.3609375
3 0.48671875000000003 0.26484375 0.09531250000000001 0.1015625
3 0.59609375 0.44609375 0.07968750000000001 0.2984375
3 0.30390625000000004 0.0625 0.1171875 0.125
3 0.9234375 0.27187500000000003 0.084375 0.21250000000000002
3 0.796875 0.5164062500000001 0.078125 0.0890625
3 0.7039062500000001 0.08828125 0.060937500000000006 0.1015625
3 0.90625 0.134375 0.13125 0.140625
3 0.035937500000000004 0.13828125 0.065625 0.0578125
3 0.15703125 0.56640625 0.09531250000000001 0.08281250000000001
3 0.6687500000000001 0.89375 0.184375 0.115625
3 0.66796875 0.403125 0.0703125 0.109375
3 0.6578125 0.00859375 0.046875 0.0171875
3 0.5890625 0.08515625 0.046875 0.0671875
