7 0.33125000000000004 0.49843750000000003 0.5 0.30625
7 0.71484375 0.38906250000000003 0.1609375 0.109375
7 0.88203125 0.45234375000000004 0.09843750000000001 0.07968750000000001
4 0.88984375 0.29531250000000003 0.15156250000000002 0.13125
4 0.8796875000000001 0.39140625 0.1625 0.1015625
7 0.9515625000000001 0.24453125 0.096875 0.1265625
4 0.8539062500000001 0.6921875000000001 0.18906250000000002 0.115625
3 0.26406250000000003 0.15078125 0.053125000000000006 0.0421875
3 0.36328125 0.13125 0.06406250000000001 0.034375
7 0.17890625000000002 0.15937500000000002 0.0671875 0.08125
