7 0.5546875 0.49921875000000004 0.21250000000000002 0.2109375
7 0.81015625 0.7828125 0.2546875 0.30000000000000004
3 0.9007812500000001 0.90625 0.060937500000000006 0.140625
3 0.134375 0.73984375 0.125 0.1328125
3 0.047656250000000004 0.5921875 0.0703125 0.096875
7 0.32656250000000003 0.7351562500000001 0.08125 0.1078125
7 0.3921875 0.5484375 0.12187500000000001 0.1625
3 0.0921875 0.31640625 0.14375000000000002 0.13593750000000002
7 0.8515625 0.29140625000000003 0.115625 0.13593750000000002
7 0.9593750000000001 0.44375000000000003 0.08125 0.16875
7 0.7625000000000001 0.45 0.07187500000000001 0.08125
7 0.8343750000000001 0.5625 0.1 0.096875
3 0.8445312500000001 0.1703125 0.1171875 0.140625
7 0.22265625 0.67578125 0.1015625 0.1203125
7 0.19140625 0.7562500000000001 0.0546875 0.1
3 0.45546875000000003 0.9703125 0.0578125 0.059375000000000004
7 0.7640625000000001 0.9828125000000001 0.153125 0.034375
7 0.6625000000000001 0.8031250000000001 0.07187500000000001 0.1
7 0.50234375 0.61484375 0.1203125 0.1265625
7 0.5890625 0.69921875 0.043750000000000004 0.045312500000000006
7 0.25234375000000003 0.5593750000000001 0.1328125 0.15000000000000002
3 0.39296875000000003 0.22968750000000002 0.0421875 0.053125000000000006
3 0.42734375 0.47187500000000004 0.045312500000000006 0.053125000000000006
