3 0.43671875000000004 0.78671875 0.0859375 0.0859375
3 0.48046875 0.39140625 0.1046875 0.1546875
3 0.36562500000000003 0.38671875 0.096875 0.035937500000000004
3 0.16796875 0.50703125 0.0890625 0.09531250000000001
3 0.1421875 0.21640625000000002 0.07187500000000001 0.051562500000000004
3 0.184375 0.08750000000000001 0.07187500000000001 0.040625
3 0.5828125000000001 0.046875 0.078125 0.08750000000000001
3 0.13203125000000002 0.030468750000000003 0.051562500000000004 0.0546875
3 0.31484375000000003 0.046875 0.06406250000000001 0.05625
3 0.73203125 0.3671875 0.06406250000000001 0.040625
3 0.7546875000000001 0.4421875 0.084375 0.1
3 0.7546875000000001 0.44296875 0.084375 0.09843750000000001
3 0.7937500000000001 0.09375 0.03125 0.0625
3 0.83203125 0.37812500000000004 0.0546875 0.053125000000000006
3 0.69296875 0.94453125 0.06406250000000001 0.08281250000000001
3 0.6000000000000001 0.9593750000000001 0.034375 0.07187500000000001
3 0.6453125000000001 0.62265625 0.09062500000000001 0.0234375
3 0.7109375 0.65 0.043750000000000004 0.078125
3 0.85546875 0.11093750000000001 0.0484375 0.053125000000000006
3 0.90390625 0.07734375 0.06406250000000001 0.026562500000000003
3 0.7375 0.0921875 0.025 0.040625
3 0.7515625 0.015625 0.053125000000000006 0.025
3 0.08359375000000001 0.38671875 0.0421875 0.1046875
