4 0.53359375 0.36171875000000003 0.38593750000000004 0.1203125
4 0.7765625 0.39921875 0.44062500000000004 0.1203125
4 0.3171875 0.2078125 0.240625 0.19375
4 0.6101562500000001 0.14609375 0.22031250000000002 0.1046875
3 0.6507812500000001 0.15078125 0.0546875 0.035937500000000004
3 0.30078125 0.19765625 0.1078125 0.1015625
3 0.7820312500000001 0.3984375 0.0765625 0.053125000000000006
3 0.659375 0.353125 0.10625000000000001 0.07187500000000001
3 0.48984375 0.34296875000000004 0.2015625 0.0671875
4 0.6023437500000001 0.815625 0.37343750000000003 0.275
4 0.065625 0.8859375 0.13125 0.225
3 0.029687500000000002 0.91328125 0.059375000000000004 0.0765625
3 0.08359375000000001 0.8226562500000001 0.051562500000000004 0.0484375
3 0.81171875 0.85703125 0.1296875 0.0765625
3 0.5328125 0.7859375000000001 0.171875 0.096875
