3 0.7875000000000001 0.5007812500000001 0.09062500000000001 0.045312500000000006
3 0.6203125 0.27421875 0.109375 0.1046875
3 0.39609375 0.21328125 0.08281250000000001 0.0390625
3 0.49609375 0.21484375 0.09531250000000001 0.0484375
3 0.7984375 0.43593750000000003 0.08750000000000001 0.05625
3 0.18906250000000002 0.5328125 0.046875 0.05
2 0.3484375 0.578125 0.06875 0.059375000000000004
2 0.2484375 0.5320312500000001 0.053125000000000006 0.026562500000000003
2 0.47968750000000004 0.5484375 0.140625 0.1625
2 0.52109375 0.69140625 0.15156250000000002 0.0546875
3 0.20546875 0.8546875 0.0421875 0.034375
3 0.134375 0.821875 0.034375 0.03125
3 0.0734375 0.7765625 0.025 0.021875000000000002
3 0.029687500000000002 0.7453125 0.03125 0.025
3 0.37421875000000004 0.030468750000000003 0.06406250000000001 0.035937500000000004
3 0.17734375000000002 0.13046875 0.0421875 0.060937500000000006
