3 0.246875 0.5906250000000001 0.03125 0.034375
3 0.30625 0.6765625000000001 0.115625 0.034375
3 0.36015625 0.5398437500000001 0.0328125 0.035937500000000004
3 0.49609375 0.6640625 0.0703125 0.059375000000000004
3 0.2328125 0.63828125 0.037500000000000006 0.0421875
3 0.775 0.35000000000000003 0.028125 0.05
3 0.27734375 0.30781250000000004 0.0390625 0.021875000000000002
3 0.24609375 0.7109375 0.0546875 0.034375
3 0.47734375 0.84921875 0.060937500000000006 0.0578125
3 0.4765625 0.94453125 0.043750000000000004 0.0484375
3 0.3375 0.95625 0.06875 0.05
3 0.2265625 0.915625 0.053125000000000006 0.07187500000000001
3 0.03359375 0.98359375 0.045312500000000006 0.0328125
3 0.81015625 0.96875 0.0703125 0.05625
3 0.784375 0.8484375000000001 0.09375 0.034375
