3 0.634375 0.4734375 0.059375000000000004 0.053125000000000006
3 0.25390625 0.30703125000000003 0.035937500000000004 0.029687500000000002
3 0.33671875 0.31562500000000004 0.026562500000000003 0.03125
3 0.134375 0.46796875000000004 0.06875 0.06406250000000001
6 0.2078125 0.33984375 0.3125 0.11093750000000001
6 0.61328125 0.4734375 0.1296875 0.21250000000000002
6 0.25546875 0.52109375 0.1859375 0.051562500000000004
6 0.703125 0.546875 0.19687500000000002 0.12812500000000002
3 0.32343750000000004 0.64375 0.08750000000000001 0.046875
6 0.29296875 0.6648437500000001 0.1265625 0.1203125
6 0.47578125000000004 0.6531250000000001 0.2328125 0.253125
6 0.5375 0.6375000000000001 0.134375 0.084375
6 0.225 0.59921875 0.2 0.13593750000000002
3 0.7359375 0.5640625 0.028125 0.028125
3 0.8210937500000001 0.37578125 0.0328125 0.0171875
6 0.47734375 0.125 0.11406250000000001 0.19062500000000002
6 0.1796875 0.19140625 0.08750000000000001 0.035937500000000004
6 0.51328125 0.44375000000000003 0.1421875 0.12812500000000002
6 0.32109375 0.45078125 0.1265625 0.051562500000000004
3 0.290625 0.45156250000000003 0.034375 0.03125
