3 0.5671875000000001 0.30625 0.146875 0.059375000000000004
2 0.49062500000000003 0.44140625 0.146875 0.1609375
2 0.41953125 0.5710937500000001 0.19843750000000002 0.0484375
2 0.60703125 0.625 0.1953125 0.08125
2 0.8546875 0.43515625 0.084375 0.0765625
3 0.95859375 0.42031250000000003 0.08281250000000001 0.059375000000000004
3 0.9828125000000001 0.5859375 0.034375 0.07187500000000001
3 0.9476562500000001 0.65625 0.1046875 0.05625
3 0.8421875000000001 0.75 0.10312500000000001 0.0625
3 0.984375 0.74140625 0.025 0.0546875
2 0.284375 0.7781250000000001 0.1 0.09062500000000001
2 0.48046875 0.6664062500000001 0.0484375 0.029687500000000002
2 0.5437500000000001 0.6976562500000001 0.059375000000000004 0.0484375
2 0.19375 0.6976562500000001 0.07187500000000001 0.051562500000000004
2 0.41718750000000004 0.7359375 0.15000000000000002 0.078125
3 0.609375 0.88984375 0.11875000000000001 0.035937500000000004
3 0.8515625 0.8359375 0.09062500000000001 0.059375000000000004
2 0.9828125000000001 0.821875 0.034375 0.018750000000000003
