3 0.07187500000000001 0.2984375 0.14375000000000002 0.12187500000000001
3 0.5085937500000001 0.9593750000000001 0.0703125 0.08125
3 0.24921875000000002 0.6156250000000001 0.1078125 0.1125
3 0.43671875000000004 0.37109375 0.0703125 0.1765625
3 0.49375 0.39296875000000003 0.03125 0.0671875
3 0.88046875 0.67578125 0.1015625 0.1703125
3 0.7054687500000001 0.9343750000000001 0.11406250000000001 0.10625000000000001
3 0.728125 0.7742187500000001 0.05625 0.1609375
3 0.64765625 0.81015625 0.0546875 0.0859375
3 0.20078125000000002 0.47968750000000004 0.11406250000000001 0.1125
3 0.178125 0.0484375 0.059375000000000004 0.078125
