5 0.515625 0.30234375 0.08750000000000001 0.08281250000000001
5 0.44843750000000004 0.24765625000000002 0.0625 0.11406250000000001
5 0.40468750000000003 0.34765625 0.09062500000000001 0.051562500000000004
3 0.8031250000000001 0.36171875000000003 0.05625 0.045312500000000006
3 0.596875 0.434375 0.040625 0.021875000000000002
3 0.65625 0.42265625 0.021875000000000002 0.010937500000000001
3 0.7421875 0.47890625000000003 0.018750000000000003 0.0140625
7 0.43671875000000004 0.7734375 0.2546875 0.153125
7 0.25390625 0.7914062500000001 0.18281250000000002 0.06406250000000001
7 0.18828125 0.6726562500000001 0.1484375 0.11406250000000001
7 0.0421875 0.68671875 0.06875 0.0890625
3 0.23593750000000002 0.94921875 0.084375 0.026562500000000003
3 0.30312500000000003 0.9765625 0.037500000000000006 0.03125
3 0.43593750000000003 0.90390625 0.03125 0.029687500000000002
3 0.34765625 0.9695312500000001 0.045312500000000006 0.0328125
7 0.9460937500000001 0.7898437500000001 0.09843750000000001 0.1078125
