4 0.1125 0.759375 0.19687500000000002 0.28750000000000003
3 0.10312500000000001 0.721875 0.08750000000000001 0.16875
3 0.140625 0.64375 0.10625000000000001 0.078125
3 0.19296875000000002 0.5859375 0.0421875 0.03125
3 0.46484375 0.91953125 0.1296875 0.060937500000000006
3 0.753125 0.67578125 0.30312500000000003 0.1234375
3 0.51953125 0.6828125 0.0890625 0.0625
4 0.45546875000000003 0.6000000000000001 0.0765625 0.065625
3 0.72421875 0.19062500000000002 0.1265625 0.36250000000000004
3 0.5554687500000001 0.19609375 0.1171875 0.0671875
3 0.32421875 0.057031250000000006 0.0859375 0.08281250000000001
3 0.34296875000000004 0.4078125 0.1796875 0.24375000000000002
2 0.45390625 0.41171875 0.07968750000000001 0.1265625
3 0.33437500000000003 0.34218750000000003 0.14375000000000002 0.043750000000000004
3 0.23593750000000002 0.28046875 0.10312500000000001 0.08281250000000001
3 0.1921875 0.371875 0.1 0.06875
3 0.8148437500000001 0.8226562500000001 0.1171875 0.1046875
