7 0.31171875000000004 0.22890625 0.1046875 0.1453125
7 0.20078125000000002 0.18281250000000002 0.16718750000000002 0.096875
7 0.6062500000000001 0.50546875 0.153125 0.1765625
7 0.5359375000000001 0.37890625 0.10625000000000001 0.19843750000000002
7 0.38984375000000004 0.603125 0.23593750000000002 0.11875000000000001
3 0.14296875 0.7820312500000001 0.0484375 0.0484375
3 0.6664062500000001 0.8609375 0.0703125 0.06875
3 0.02734375 0.690625 0.051562500000000004 0.10625000000000001
3 0.265625 0.8812500000000001 0.05625 0.07187500000000001
3 0.30625 0.92890625 0.053125000000000006 0.029687500000000002
3 0.3046875 0.95703125 0.06875 0.029687500000000002
3 0.259375 0.9859375 0.065625 0.015625
3 0.3375 0.9875 0.025 0.018750000000000003
3 0.10859375 0.94296875 0.06406250000000001 0.029687500000000002
7 0.6062500000000001 0.18281250000000002 0.084375 0.059375000000000004
