4 0.36796875 0.66953125 0.6109375 0.3609375
4 0.77109375 0.24765625000000002 0.4578125 0.4453125
4 0.93125 0.6492187500000001 0.1375 0.15156250000000002
4 0.940625 0.7671875 0.11875000000000001 0.12187500000000001
4 0.21406250000000002 0.38593750000000004 0.359375 0.23750000000000002
3 0.65390625 0.11484375000000001 0.16718750000000002 0.09843750000000001
3 0.62890625 0.24765625000000002 0.15156250000000002 0.1078125
4 0.21953125 0.07578125000000001 0.1078125 0.15156250000000002
3 0.08984375 0.60859375 0.11093750000000001 0.0578125
3 0.34921875 0.5906250000000001 0.21406250000000002 0.07187500000000001
3 0.2578125 0.65234375 0.08750000000000001 0.029687500000000002
3 0.53046875 0.8289062500000001 0.1640625 0.0703125
3 0.9078125 0.78828125 0.05 0.0390625
