5 0.253125 0.5453125 0.20625000000000002 0.20625000000000002
5 0.42500000000000004 0.49765625 0.153125 0.17343750000000002
5 0.1609375 0.6843750000000001 0.234375 0.12812500000000002
5 0.28203125 0.7359375 0.18906250000000002 0.16875
5 0.38906250000000003 0.7796875000000001 0.171875 0.29375
5 0.49609375 0.70859375 0.1046875 0.19843750000000002
4 0.54453125 0.3609375 0.07968750000000001 0.26875
3 0.53828125 0.2484375 0.0234375 0.037500000000000006
3 0.5476562500000001 0.44609375 0.0328125 0.0765625
3 0.37031250000000004 0.35234375 0.03125 0.0390625
3 0.5242187500000001 0.46406250000000004 0.029687500000000002 0.05
3 0.79296875 0.9929687500000001 0.1171875 0.0140625
