3 0.32578125 0.7234375000000001 0.08281250000000001 0.040625
3 0.5203125000000001 0.5640625 0.08125 0.084375
3 0.24453125 0.46328125000000003 0.0578125 0.0484375
3 0.51875 0.25703125 0.040625 0.0390625
3 0.6882812500000001 0.057031250000000006 0.06406250000000001 0.051562500000000004
7 0.15000000000000002 0.59375 0.125 0.20625000000000002
7 0.07890625000000001 0.59765625 0.0546875 0.07968750000000001
7 0.23750000000000002 0.4859375 0.1 0.11875000000000001
7 0.4390625 0.4734375 0.240625 0.253125
7 0.49140625000000004 0.38828125 0.09843750000000001 0.2265625
7 0.77109375 0.4140625 0.2578125 0.340625
7 0.659375 0.24296875 0.05625 0.0765625
7 0.5546875 0.11953125 0.203125 0.0859375
