3 0.465625 0.5359375000000001 0.234375 0.225
3 0.92890625 0.44062500000000004 0.08281250000000001 0.18125000000000002
3 0.8757812500000001 0.634375 0.0859375 0.1625
3 0.7000000000000001 0.9320312500000001 0.046875 0.0703125
3 0.94921875 0.921875 0.0484375 0.115625
3 0.70703125 0.043750000000000004 0.3015625 0.08750000000000001
2 0.0328125 0.1921875 0.065625 0.19062500000000002
3 0.9593750000000001 0.28828125 0.0625 0.1234375
3 0.4921875 0.259375 0.028125 0.09062500000000001
3 0.25703125 0.21406250000000002 0.08281250000000001 0.0625
3 0.55625 0.8421875000000001 0.14375000000000002 0.05
