7 0.1609375 0.7289062500000001 0.184375 0.11093750000000001
7 0.26484375 0.6335937500000001 0.0671875 0.1265625
7 0.37890625 0.59765625 0.09531250000000001 0.0921875
7 0.034375 0.5632812500000001 0.05625 0.09843750000000001
7 0.0734375 0.359375 0.146875 0.109375
3 0.3015625 0.42500000000000004 0.037500000000000006 0.065625
7 0.6273437500000001 0.584375 0.2546875 0.19062500000000002
7 0.43593750000000003 0.4296875 0.040625 0.07500000000000001
7 0.022656250000000003 0.04609375 0.045312500000000006 0.0890625
7 0.0328125 0.9593750000000001 0.059375000000000004 0.078125
