4 0.56015625 0.6359375 0.34218750000000003 0.484375
4 0.76953125 0.22968750000000002 0.4609375 0.328125
3 0.56953125 0.8265625000000001 0.11406250000000001 0.1125
3 0.47734375 0.5046875000000001 0.1640625 0.15937500000000002
3 0.6726562500000001 0.5953125 0.15156250000000002 0.18125000000000002
3 0.8765625 0.32343750000000004 0.246875 0.140625
3 0.6625000000000001 0.21796875000000002 0.209375 0.18906250000000002
3 0.14921875 0.29296875 0.0890625 0.0578125
3 0.43359375 0.030468750000000003 0.1015625 0.060937500000000006
3 0.50390625 0.1453125 0.2078125 0.046875
3 0.28671875 0.47578125000000004 0.0390625 0.0390625
3 0.4453125 0.28671875 0.125 0.0765625
