7 0.64765625 0.25 0.1859375 0.134375
7 0.6531250000000001 0.53125 0.07187500000000001 0.1375
7 0.54140625 0.38046875 0.0703125 0.15781250000000002
7 0.59140625 0.62890625 0.0328125 0.0578125
7 0.50390625 0.72421875 0.045312500000000006 0.0734375
7 0.4234375 0.35390625000000003 0.15937500000000002 0.2234375
3 0.31562500000000004 0.27890625 0.06875 0.035937500000000004
7 0.4421875 0.58203125 0.15625 0.1484375
3 0.16562500000000002 0.6742187500000001 0.06875 0.0546875
7 0.34140625 0.6984375 0.2546875 0.1625
7 0.27421875 0.5867187500000001 0.1953125 0.08281250000000001
7 0.1015625 0.5734375 0.07187500000000001 0.065625
7 0.40937500000000004 0.8078125 0.146875 0.06875
7 0.35000000000000003 0.9460937500000001 0.12812500000000002 0.1015625
7 0.45703125 0.146875 0.1296875 0.08125
7 0.7507812500000001 0.7406250000000001 0.0578125 0.240625
7 0.6179687500000001 0.88671875 0.1765625 0.0703125
