7 0.4390625 0.259375 0.31562500000000004 0.40937500000000004
3 0.5710937500000001 0.1453125 0.0546875 0.07187500000000001
7 0.71796875 0.5710937500000001 0.4265625 0.1546875
7 0.2671875 0.53125 0.25 0.115625
7 0.10546875 0.5890625 0.13593750000000002 0.096875
7 0.29765625 0.6890625 0.1765625 0.109375
7 0.4421875 0.6421875 0.08125 0.0625
7 0.54609375 0.6578125 0.0921875 0.043750000000000004
7 0.6328125 0.7390625000000001 0.234375 0.10312500000000001
7 0.5328125 0.81796875 0.03125 0.0390625
7 0.4859375 0.8015625000000001 0.040625 0.018750000000000003
