7 0.49765625 0.5109375 0.22031250000000002 0.38125000000000003
7 0.7742187500000001 0.8968750000000001 0.1078125 0.14375000000000002
7 0.515625 0.13984375000000002 0.23125 0.2328125
7 0.7203125 0.496875 0.11875000000000001 0.09062500000000001
7 0.765625 0.3796875 0.109375 0.134375
7 0.8015625000000001 0.70078125 0.08750000000000001 0.1203125
7 0.96875 0.24921875000000002 0.0625 0.0671875
3 0.40937500000000004 0.56640625 0.043750000000000004 0.045312500000000006
7 0.28125 0.81796875 0.1 0.09531250000000001
3 0.478125 0.9281250000000001 0.08125 0.08125
7 0.08515625 0.92109375 0.1546875 0.11093750000000001
7 0.71015625 0.68515625 0.07968750000000001 0.1453125
