3 0.31328125 0.21953125 0.0671875 0.035937500000000004
3 0.7671875 0.6257812500000001 0.078125 0.0546875
7 0.39375000000000004 0.25546875 0.265625 0.2078125
7 0.50234375 0.35781250000000003 0.07968750000000001 0.0625
7 0.43593750000000003 0.4234375 0.09062500000000001 0.059375000000000004
7 0.6507812500000001 0.39609375 0.2578125 0.15781250000000002
7 0.61640625 0.46328125000000003 0.1015625 0.0734375
7 0.36953125000000003 0.5476562500000001 0.2921875 0.2109375
7 0.52109375 0.465625 0.06406250000000001 0.053125000000000006
7 0.584375 0.66328125 0.06875 0.0546875
7 0.47109375000000003 0.65625 0.1296875 0.10312500000000001
7 0.6078125000000001 0.74921875 0.12187500000000001 0.1078125
