3 0.40546875000000004 0.728125 0.1703125 0.125
3 0.24453125 0.9242187500000001 0.0546875 0.035937500000000004
3 0.3984375 0.9398437500000001 0.046875 0.0421875
3 0.171875 0.47890625000000003 0.24375000000000002 0.2390625
3 0.37734375000000003 0.55390625 0.2390625 0.1203125
3 0.40859375000000003 0.446875 0.1265625 0.140625
3 0.3171875 0.13515625 0.215625 0.1921875
3 0.41953125 0.25390625 0.0734375 0.051562500000000004
3 0.032031250000000004 0.1640625 0.0578125 0.15000000000000002
3 0.15625 0.13515625 0.084375 0.09531250000000001
3 0.96640625 0.33984375 0.0578125 0.0546875
3 0.96796875 0.06484375 0.060937500000000006 0.1015625
3 0.57265625 0.665625 0.035937500000000004 0.028125
