4 0.5984375000000001 0.8617187500000001 0.30312500000000003 0.11093750000000001
3 0.48671875000000003 0.12265625000000001 0.21406250000000002 0.0578125
3 0.265625 0.30859375 0.13125 0.1640625
5 0.9343750000000001 0.51171875 0.1 0.15156250000000002
3 0.58828125 0.23671875 0.2421875 0.1046875
3 0.16171875000000002 0.14453125 0.1015625 0.0921875
3 0.0625 0.0390625 0.1 0.05
3 0.03671875 0.08671875000000001 0.06406250000000001 0.045312500000000006
7 0.534375 0.07500000000000001 0.27187500000000003 0.084375
7 0.0421875 0.5546875 0.043750000000000004 0.09062500000000001
4 0.50390625 0.296875 0.15156250000000002 0.08125
5 0.78515625 0.44765625000000003 0.0765625 0.1171875
3 0.5640625 0.609375 0.084375 0.03125
4 0.36640625000000004 0.9390625 0.1921875 0.12187500000000001
4 0.27109375 0.48515625 0.1765625 0.1328125
5 0.40390625 0.50546875 0.0734375 0.1046875
