3 0.940625 0.06406250000000001 0.0625 0.046875
3 0.8921875 0.03828125 0.018750000000000003 0.0171875
3 0.8835937500000001 0.41171875 0.0765625 0.0421875
3 0.9140625 0.24921875000000002 0.034375 0.035937500000000004
3 0.6492187500000001 0.4296875 0.0671875 0.053125000000000006
3 0.5484375 0.39140625 0.05 0.0859375
3 0.6609375000000001 0.21171875 0.0625 0.029687500000000002
3 0.3296875 0.1875 0.05625 0.03125
3 0.225 0.15781250000000002 0.084375 0.043750000000000004
3 0.371875 0.45703125 0.065625 0.0765625
3 0.47734375 0.484375 0.0921875 0.059375000000000004
3 0.5242187500000001 0.6273437500000001 0.0859375 0.1171875
3 0.30859375 0.52890625 0.0421875 0.09531250000000001
3 0.25390625 0.53046875 0.0484375 0.09843750000000001
3 0.7359375 0.90546875 0.1 0.0578125
4 0.85703125 0.9304687500000001 0.2765625 0.1390625
4 0.7937500000000001 0.846875 0.40625 0.21875
3 0.71875 0.06875 0.05 0.037500000000000006
3 0.43281250000000004 0.33984375 0.06875 0.0390625
3 0.38593750000000004 0.28671875 0.05625 0.0421875
7 0.6515625 0.03359375 0.06875 0.0671875
