4 0.96484375 0.4234375 0.0578125 0.19375
4 0.22265625 0.58828125 0.13593750000000002 0.0859375
3 0.84765625 0.7890625 0.0671875 0.05
3 0.909375 0.7562500000000001 0.037500000000000006 0.03125
3 0.97421875 0.8382812500000001 0.0484375 0.0765625
2 0.8679687500000001 0.91015625 0.045312500000000006 0.045312500000000006
3 0.8859375 0.9265625000000001 0.037500000000000006 0.021875000000000002
3 0.8914062500000001 0.95625 0.0421875 0.034375
3 0.8367187500000001 0.9867187500000001 0.026562500000000003 0.0203125
3 0.5875 0.9171875 0.07500000000000001 0.034375
3 0.6218750000000001 0.8406250000000001 0.037500000000000006 0.05
3 0.71484375 0.7585937500000001 0.1390625 0.09843750000000001
3 0.11640625 0.9187500000000001 0.0390625 0.025
3 0.2234375 0.7140625 0.059375000000000004 0.05625
3 0.27968750000000003 0.753125 0.05 0.025
3 0.25703125 0.7117187500000001 0.0234375 0.0203125
3 0.31875000000000003 0.67734375 0.028125 0.0328125
3 0.38203125000000004 0.71640625 0.06406250000000001 0.0328125
3 0.4078125 0.6453125000000001 0.08125 0.059375000000000004
3 0.37343750000000003 0.5828125000000001 0.05 0.046875
3 0.53359375 0.6531250000000001 0.0578125 0.07187500000000001
3 0.47968750000000004 0.71796875 0.05625 0.0203125
3 0.47968750000000004 0.6882812500000001 0.037500000000000006 0.035937500000000004
3 0.07890625000000001 0.5437500000000001 0.1484375 0.13125
3 0.23359375000000002 0.484375 0.1171875 0.125
3 0.32734375000000004 0.478125 0.0734375 0.15625
3 0.55703125 0.5398437500000001 0.13593750000000002 0.1234375
3 0.40078125000000003 0.5281250000000001 0.0703125 0.034375
3 0.43671875000000004 0.41015625 0.1609375 0.07968750000000001
3 0.5703125 0.44843750000000004 0.078125 0.037500000000000006
3 0.6156250000000001 0.38984375000000004 0.046875 0.029687500000000002
3 0.7125 0.45 0.065625 0.06875
3 0.6640625 0.33984375 0.11875000000000001 0.045312500000000006
3 0.6312500000000001 0.27968750000000003 0.065625 0.059375000000000004
3 0.71484375 0.23515625 0.0578125 0.029687500000000002
3 0.7578125 0.2859375 0.11875000000000001 0.053125000000000006
3 0.81953125 0.31875000000000003 0.1234375 0.078125
3 0.8171875000000001 0.38984375000000004 0.05 0.035937500000000004
3 0.8484375000000001 0.43671875000000004 0.059375000000000004 0.045312500000000006
3 0.8515625 0.2078125 0.046875 0.040625
3 0.7953125000000001 0.20703125 0.025 0.035937500000000004
3 0.49453125000000003 0.1375 0.0703125 0.03125
3 0.7578125 0.09765625 0.08125 0.0390625
3 0.9226562500000001 0.16796875 0.0484375 0.0484375
3 0.853125 0.06484375 0.290625 0.1265625
3 0.4578125 0.22734375 0.037500000000000006 0.029687500000000002
3 0.49531250000000004 0.31640625 0.140625 0.0578125
3 0.06015625 0.35234375 0.11406250000000001 0.08281250000000001
3 0.253125 0.20703125 0.05 0.0234375
