3 0.73046875 0.9375 0.09531250000000001 0.08125
3 0.85546875 0.9328125 0.0703125 0.05625
7 0.859375 0.76328125 0.05625 0.0578125
7 0.17109375000000002 0.49375 0.1453125 0.25
7 0.07421875 0.6507812500000001 0.1484375 0.0734375
7 0.034375 0.5945312500000001 0.065625 0.0703125
7 0.21953125 0.6429687500000001 0.1328125 0.051562500000000004
7 0.40390625 0.58046875 0.0421875 0.035937500000000004
7 0.5320312500000001 0.5007812500000001 0.2859375 0.1546875
7 0.40156250000000004 0.39453125 0.13125 0.0890625
3 0.34453125 0.6351562500000001 0.0390625 0.0234375
3 0.3640625 0.6171875 0.040625 0.021875000000000002
7 0.7117187500000001 0.26640625 0.24531250000000002 0.1546875
3 0.91015625 0.31015625 0.0546875 0.0203125
7 0.56875 0.35468750000000004 0.05625 0.040625
7 0.38984375000000004 0.2265625 0.1234375 0.115625
7 0.4703125 0.12734375 0.1875 0.0765625
7 0.63046875 0.4078125 0.1203125 0.028125
