7 0.38671875 0.15703125 0.18906250000000002 0.2515625
7 0.49453125000000003 0.22421875000000002 0.1390625 0.18906250000000002
7 0.5203125000000001 0.85859375 0.234375 0.2828125
7 0.44609375 0.52734375 0.1234375 0.16718750000000002
7 0.6359375 0.34218750000000003 0.1625 0.22812500000000002
7 0.59140625 0.14921875 0.060937500000000006 0.0859375
7 0.50390625 0.0054687500000000005 0.0671875 0.010937500000000001
7 0.69140625 0.7835937500000001 0.0328125 0.0421875
7 0.6859375000000001 0.8812500000000001 0.059375000000000004 0.08125
7 0.6843750000000001 0.6039062500000001 0.05625 0.0765625
7 0.6976562500000001 0.70078125 0.0578125 0.0765625
7 0.57734375 0.5906250000000001 0.0578125 0.08125
