3 0.55078125 0.060937500000000006 0.051562500000000004 0.028125
3 0.275 0.0171875 0.09375 0.025
3 0.5078125 0.3609375 0.12812500000000002 0.08125
3 0.49531250000000004 0.4546875 0.11875000000000001 0.10625000000000001
3 0.6484375 0.515625 0.0625 0.034375
3 0.753125 0.30546875 0.084375 0.0546875
3 0.7171875000000001 0.37031250000000004 0.053125000000000006 0.05625
3 0.665625 0.35781250000000003 0.034375 0.034375
3 0.6546875000000001 0.453125 0.053125000000000006 0.037500000000000006
3 0.596875 0.46953125 0.025 0.035937500000000004
3 0.73203125 0.44921875 0.0546875 0.0390625
3 0.7671875 0.5734375 0.025 0.046875
3 0.8093750000000001 0.9437500000000001 0.109375 0.0625
3 0.96484375 0.95703125 0.06406250000000001 0.0328125
3 0.5171875 0.846875 0.07187500000000001 0.021875000000000002
3 0.5 0.915625 0.037500000000000006 0.03125
3 0.6296875000000001 0.8875000000000001 0.018750000000000003 0.05625
3 0.36015625 0.91328125 0.0890625 0.051562500000000004
3 0.0390625 0.984375 0.043750000000000004 0.03125
