3 0.690625 0.8703125 0.353125 0.08750000000000001
3 0.6937500000000001 0.94921875 0.23750000000000002 0.0890625
3 0.4734375 0.6062500000000001 0.16875 0.1
3 0.2078125 0.5734375 0.05 0.03125
3 0.2578125 0.5007812500000001 0.07187500000000001 0.029687500000000002
3 0.029687500000000002 0.603125 0.040625 0.065625
3 0.53828125 0.09453125000000001 0.0484375 0.0390625
3 0.5765625 0.1875 0.037500000000000006 0.059375000000000004
3 0.8890625000000001 0.4390625 0.08125 0.053125000000000006
3 0.884375 0.696875 0.08125 0.078125
3 0.9437500000000001 0.878125 0.08750000000000001 0.040625
3 0.17265625 0.32890625 0.1015625 0.035937500000000004
3 0.5234375 0.78046875 0.065625 0.0546875
3 0.8703125 0.9070312500000001 0.053125000000000006 0.0546875
