4 0.48828125 0.31328125 0.4265625 0.2515625
4 0.18359375 0.60859375 0.3671875 0.31093750000000003
4 0.07109375 0.32734375000000004 0.1421875 0.1078125
4 0.06484375 0.24453125 0.1296875 0.0859375
4 0.8703125 0.57578125 0.253125 0.16718750000000002
4 0.59609375 0.5109375 0.2515625 0.16562500000000002
4 0.58828125 0.8890625000000001 0.5390625 0.1
3 0.28828125 0.7015625000000001 0.1171875 0.06875
3 0.30625 0.60859375 0.10625000000000001 0.0765625
4 0.5921875 0.73203125 0.07500000000000001 0.11406250000000001
4 0.784375 0.325 0.078125 0.15937500000000002
3 0.6828125 0.35625 0.078125 0.040625
3 0.5015625 0.36875 0.15000000000000002 0.05
3 0.56640625 0.325 0.060937500000000006 0.021875000000000002
3 0.37421875000000004 0.2015625 0.11406250000000001 0.05
3 0.11015625000000001 0.22968750000000002 0.035937500000000004 0.028125
