7 0.16718750000000002 0.23125 0.140625 0.14375000000000002
7 0.26796875000000003 0.28984375 0.11093750000000001 0.0671875
7 0.09531250000000001 0.2328125 0.184375 0.1375
7 0.47734375 0.32109375 0.06406250000000001 0.0734375
7 0.6062500000000001 0.30078125 0.109375 0.1203125
7 0.36953125000000003 0.46640625 0.18906250000000002 0.1234375
7 0.55859375 0.58046875 0.2109375 0.11093750000000001
7 0.7054687500000001 0.47500000000000003 0.0921875 0.1125
7 0.7210937500000001 0.57734375 0.1234375 0.1015625
4 0.34453125 0.53359375 0.1421875 0.1046875
7 0.4578125 0.5242187500000001 0.096875 0.0890625
3 0.7585937500000001 0.6921875000000001 0.045312500000000006 0.03125
3 0.8875000000000001 0.7445312500000001 0.078125 0.0234375
3 0.878125 0.2328125 0.034375 0.043750000000000004
