4 0.37109375 0.32265625000000003 0.22031250000000002 0.23593750000000002
4 0.7406250000000001 0.08984375 0.11875000000000001 0.1796875
4 0.50703125 0.171875 0.1796875 0.096875
4 0.77265625 0.58984375 0.18281250000000002 0.11093750000000001
4 0.85546875 0.78671875 0.1296875 0.1546875
4 0.94453125 0.64765625 0.11093750000000001 0.1296875
4 0.12890625 0.8093750000000001 0.1390625 0.078125
4 0.02734375 0.6359375 0.051562500000000004 0.184375
4 0.11796875000000001 0.59921875 0.0890625 0.07968750000000001
4 0.07500000000000001 0.48359375000000004 0.11875000000000001 0.1296875
4 0.1265625 0.37812500000000004 0.24375000000000002 0.096875
4 0.12890625 0.24140625000000002 0.15156250000000002 0.16718750000000002
4 0.021875000000000002 0.23750000000000002 0.037500000000000006 0.078125
4 0.078125 0.24531250000000002 0.096875 0.053125000000000006
4 0.296875 0.1640625 0.11875000000000001 0.19687500000000002
4 0.049218750000000006 0.0390625 0.09531250000000001 0.07187500000000001
4 0.037500000000000006 0.0859375 0.065625 0.1125
3 0.178125 0.02109375 0.03125 0.026562500000000003
3 0.1421875 0.13515625 0.0625 0.0234375
4 0.9710937500000001 0.26015625000000003 0.0578125 0.1484375
4 0.95078125 0.43125 0.0421875 0.046875
4 0.9164062500000001 0.484375 0.0765625 0.053125000000000006
4 0.9625 0.9398437500000001 0.07500000000000001 0.1078125
4 0.30000000000000004 0.44453125000000004 0.18125000000000002 0.11406250000000001
3 0.88046875 0.8265625000000001 0.029687500000000002 0.03125
3 0.940625 0.65390625 0.046875 0.0328125
3 0.018750000000000003 0.5710937500000001 0.03125 0.029687500000000002
4 0.9625 0.13984375000000002 0.043750000000000004 0.0484375
3 0.41718750000000004 0.3921875 0.08125 0.084375
3 0.12265625000000001 0.8328125000000001 0.0421875 0.0125
3 0.8226562500000001 0.5875 0.060937500000000006 0.021875000000000002
2 0.57578125 0.07421875 0.0421875 0.0578125
