7 0.83203125 0.8460937500000001 0.15781250000000002 0.1296875
7 0.65546875 0.7406250000000001 0.09531250000000001 0.09062500000000001
7 0.49531250000000004 0.7109375 0.203125 0.125
7 0.36640625000000004 0.66328125 0.0859375 0.0703125
7 0.55078125 0.92578125 0.18281250000000002 0.08281250000000001
7 0.69453125 0.95078125 0.11406250000000001 0.09531250000000001
7 0.8328125000000001 0.9765625 0.10625000000000001 0.040625
7 0.79453125 0.9539062500000001 0.060937500000000006 0.029687500000000002
7 0.9632812500000001 0.8601562500000001 0.0734375 0.1390625
7 0.71796875 0.5703125 0.1703125 0.12187500000000001
7 0.640625 0.44062500000000004 0.109375 0.16875
7 0.43515625 0.28984375 0.2921875 0.1234375
7 0.31562500000000004 0.1015625 0.11875000000000001 0.05625
7 0.21328125 0.48984375 0.0734375 0.0671875
3 0.25390625 0.37265625 0.0546875 0.035937500000000004
