3 0.98828125 0.0890625 0.0171875 0.05
3 0.7742187500000001 0.05078125 0.08281250000000001 0.0546875
3 0.7875000000000001 0.35546875 0.05 0.051562500000000004
3 0.7195312500000001 0.44140625 0.0671875 0.1546875
3 0.8453125 0.48046875 0.065625 0.0671875
3 0.671875 0.59375 0.040625 0.043750000000000004
3 0.78125 0.69921875 0.059375000000000004 0.06406250000000001
3 0.7898437500000001 0.8140625 0.0765625 0.134375
3 0.6140625000000001 0.115625 0.0625 0.12187500000000001
3 0.6671875 0.02734375 0.059375000000000004 0.0546875
3 0.45234375000000004 0.06484375 0.0921875 0.1234375
3 0.49921875000000004 0.36015625 0.0546875 0.06406250000000001
3 0.309375 0.78671875 0.043750000000000004 0.0671875
3 0.24609375 0.26875 0.0765625 0.125
3 0.23125 0.08125 0.140625 0.08750000000000001
3 0.42500000000000004 0.40703125 0.07187500000000001 0.0328125
3 0.25859375 0.5765625 0.0671875 0.109375
3 0.20390625 0.56796875 0.0484375 0.18281250000000002
3 0.2 0.74609375 0.037500000000000006 0.0921875
3 0.034375 0.9421875000000001 0.046875 0.08750000000000001
3 0.14375000000000002 0.5476562500000001 0.046875 0.0671875
3 0.07109375 0.5554687500000001 0.0734375 0.09843750000000001
3 0.34375 0.95859375 0.07187500000000001 0.0765625
3 0.415625 0.971875 0.040625 0.040625
