4 0.7359375 0.46875 0.5281250000000001 0.9375
4 0.07734375 0.35000000000000003 0.1546875 0.640625
3 0.7390625000000001 0.265625 0.1125 0.12187500000000001
3 0.5890625 0.12421875 0.2 0.2265625
3 0.5234375 0.890625 0.078125 0.065625
3 0.5867187500000001 0.9656250000000001 0.0703125 0.06875
3 0.043750000000000004 0.41640625000000003 0.08750000000000001 0.2515625
3 0.35000000000000003 0.53515625 0.1375 0.0921875
3 0.17109375000000002 0.55078125 0.06406250000000001 0.051562500000000004
3 0.434375 0.8187500000000001 0.1 0.05
