7 0.6898437500000001 0.0671875 0.09843750000000001 0.12812500000000002
7 0.29296875 0.12812500000000002 0.09531250000000001 0.13125
7 0.4859375 0.11328125 0.07187500000000001 0.045312500000000006
7 0.3453125 0.415625 0.10625000000000001 0.134375
7 0.1796875 0.41250000000000003 0.1125 0.06875
7 0.11015625000000001 0.4296875 0.06406250000000001 0.05625
7 0.12812500000000002 0.24531250000000002 0.084375 0.040625
7 0.02421875 0.25625000000000003 0.0484375 0.1
7 0.096875 0.30390625000000004 0.09062500000000001 0.0671875
7 0.540625 0.5867187500000001 0.034375 0.0671875
7 0.60703125 0.57578125 0.045312500000000006 0.0328125
7 0.81640625 0.05234375 0.1546875 0.1046875
