7 0.3484375 0.5515625000000001 0.28125 0.38125000000000003
7 0.38515625000000003 0.1234375 0.1953125 0.24375000000000002
4 0.6109375 0.63984375 0.15937500000000002 0.5484375
4 0.828125 0.23984375000000002 0.328125 0.2421875
7 0.09296875 0.7757812500000001 0.0578125 0.1015625
3 0.45937500000000003 0.61875 0.040625 0.09375
3 0.16171875000000002 0.9421875000000001 0.0484375 0.07187500000000001
7 0.25625000000000003 0.3203125 0.053125000000000006 0.078125
7 0.34296875000000004 0.91796875 0.1390625 0.15781250000000002
4 0.60859375 0.453125 0.1046875 0.1375
