3 0.14453125 0.07421875 0.1546875 0.0703125
3 0.15859375 0.240625 0.09531250000000001 0.07500000000000001
2 0.578125 0.3359375 0.21250000000000002 0.07500000000000001
3 0.6843750000000001 0.14765625000000002 0.08750000000000001 0.0703125
2 0.7765625 0.7507812500000001 0.09375 0.045312500000000006
3 0.04453125 0.3203125 0.08281250000000001 0.10625000000000001
3 0.0421875 0.4625 0.065625 0.07500000000000001
3 0.35781250000000003 0.7312500000000001 0.1375 0.0625
3 0.13593750000000002 0.728125 0.125 0.096875
2 0.03671875 0.83515625 0.0734375 0.0765625
2 0.225 0.6039062500000001 0.065625 0.11406250000000001
