5 0.22421875000000002 0.09765625 0.1703125 0.1953125
4 0.08671875000000001 0.57421875 0.17343750000000002 0.3609375
4 0.265625 0.7515625 0.215625 0.353125
4 0.2234375 0.91953125 0.30000000000000004 0.1609375
5 0.06953125 0.06640625 0.1390625 0.1328125
5 0.6351562500000001 0.52265625 0.1546875 0.18906250000000002
4 0.790625 0.5890625 0.16875 0.22812500000000002
3 0.028125 0.6570312500000001 0.05625 0.1796875
3 0.025781250000000002 0.5140625 0.051562500000000004 0.0625
3 0.384375 0.5945312500000001 0.12812500000000002 0.1265625
3 0.6687500000000001 0.5921875 0.078125 0.078125
4 0.775 0.290625 0.20625000000000002 0.30312500000000003
3 0.5421875 0.13046875 0.05625 0.13593750000000002
3 0.7039062500000001 0.290625 0.0734375 0.084375
3 0.8187500000000001 0.28125 0.037500000000000006 0.06875
3 0.7937500000000001 0.5750000000000001 0.065625 0.12187500000000001
3 0.8070312500000001 0.97265625 0.029687500000000002 0.0546875
