3 0.7976562500000001 0.9398437500000001 0.11406250000000001 0.07968750000000001
3 0.7250000000000001 0.3515625 0.040625 0.07500000000000001
3 0.81171875 0.47421875 0.0734375 0.06406250000000001
3 0.8890625000000001 0.796875 0.043750000000000004 0.053125000000000006
3 0.66796875 0.5281250000000001 0.0328125 0.084375
3 0.6171875 0.6664062500000001 0.053125000000000006 0.0171875
3 0.8445312500000001 0.2609375 0.0546875 0.065625
3 0.6062500000000001 0.07578125000000001 0.059375000000000004 0.11406250000000001
3 0.54609375 0.125 0.051562500000000004 0.034375
3 0.51171875 0.045312500000000006 0.051562500000000004 0.065625
3 0.3953125 0.10546875 0.0625 0.13593750000000002
3 0.14453125 0.5320312500000001 0.045312500000000006 0.11093750000000001
