4 0.51015625 0.68515625 0.4265625 0.2515625
4 0.815625 0.38984375000000004 0.36875 0.31093750000000003
4 0.9281250000000001 0.67109375 0.14375000000000002 0.1078125
4 0.93359375 0.75390625 0.1296875 0.0859375
4 0.12812500000000002 0.42265625 0.253125 0.16718750000000002
4 0.40234375 0.48750000000000004 0.2515625 0.16562500000000002
4 0.41015625 0.109375 0.5390625 0.1
3 0.71015625 0.296875 0.1171875 0.06875
3 0.6921875000000001 0.38984375000000004 0.10625000000000001 0.0765625
4 0.40625 0.26640625 0.07500000000000001 0.11406250000000001
4 0.21406250000000002 0.6734375 0.078125 0.15937500000000002
3 0.31562500000000004 0.6421875 0.078125 0.040625
3 0.496875 0.6296875000000001 0.15000000000000002 0.05
3 0.43203125000000003 0.6734375 0.060937500000000006 0.021875000000000002
3 0.6234375000000001 0.796875 0.115625 0.05
3 0.88828125 0.76875 0.035937500000000004 0.028125
