3 0.06796875000000001 0.9500000000000001 0.0421875 0.065625
3 0.6976562500000001 0.62890625 0.045312500000000006 0.0390625
3 0.6531250000000001 0.46640625 0.009375000000000001 0.0234375
3 0.6359375 0.44375000000000003 0.043750000000000004 0.043750000000000004
7 0.8578125000000001 0.48515625 0.046875 0.07968750000000001
7 0.45625000000000004 0.19453125000000002 0.15000000000000002 0.1234375
7 0.5789062500000001 0.0765625 0.0765625 0.084375
7 0.67578125 0.31171875000000004 0.0921875 0.1203125
7 0.59296875 0.7273437500000001 0.1484375 0.18906250000000002
5 0.74609375 0.5242187500000001 0.0578125 0.0671875
5 0.6328125 0.44765625000000003 0.10312500000000001 0.13593750000000002
5 0.6609375000000001 0.6414062500000001 0.1 0.19843750000000002
5 0.5125000000000001 0.1171875 0.14375000000000002 0.1
