4 0.61640625 0.23750000000000002 0.4734375 0.47187500000000004
3 0.7289062500000001 0.2015625 0.1015625 0.246875
3 0.8054687500000001 0.41250000000000003 0.06406250000000001 0.12812500000000002
3 0.5 0.18984375 0.14375000000000002 0.3765625
3 0.6195312500000001 0.403125 0.1265625 0.09062500000000001
3 0.6976562500000001 0.5609375 0.09531250000000001 0.096875
3 0.65234375 0.540625 0.0921875 0.12187500000000001
4 0.48984375 0.6078125000000001 0.1921875 0.246875
3 0.45390625 0.6218750000000001 0.0765625 0.134375
3 0.34296875000000004 0.66796875 0.045312500000000006 0.1546875
3 0.25546875 0.546875 0.0546875 0.215625
3 0.24453125 0.7664062500000001 0.1453125 0.1015625
3 0.290625 0.88984375 0.07500000000000001 0.11406250000000001
3 0.1 0.56796875 0.10312500000000001 0.22968750000000002
3 0.4890625 0.92734375 0.13125 0.0921875
3 0.12734375 0.9171875 0.060937500000000006 0.096875
3 0.9750000000000001 0.33515625000000004 0.040625 0.0765625
3 0.78515625 0.029687500000000002 0.0703125 0.053125000000000006
3 0.821875 0.1953125 0.043750000000000004 0.0625
3 0.6703125000000001 0.059375000000000004 0.07500000000000001 0.1
3 0.9 0.53125 0.046875 0.0625
3 0.81015625 0.93671875 0.1015625 0.11406250000000001
3 0.7781250000000001 0.8250000000000001 0.05 0.09375
3 0.88671875 0.734375 0.06406250000000001 0.1
3 0.65625 0.7578125 0.07187500000000001 0.03125
3 0.59609375 0.75703125 0.0328125 0.029687500000000002
3 0.1328125 0.7640625000000001 0.05 0.084375
3 0.39140625 0.30703125000000003 0.045312500000000006 0.08281250000000001
