3 0.50703125 0.29765625 0.0890625 0.1015625
3 0.5710937500000001 0.1953125 0.11093750000000001 0.11875000000000001
3 0.18281250000000002 0.14921875 0.16875 0.1609375
3 0.21640625000000002 0.25625000000000003 0.11406250000000001 0.078125
4 0.25546875 0.5320312500000001 0.1859375 0.19843750000000002
4 0.34609375000000003 0.36875 0.1859375 0.15000000000000002
4 0.11796875000000001 0.26640625 0.1921875 0.19843750000000002
3 0.37890625 0.66796875 0.0328125 0.035937500000000004
3 0.47734375 0.6578125 0.08281250000000001 0.09062500000000001
3 0.5671875000000001 0.54609375 0.19687500000000002 0.1421875
3 0.6875 0.5125000000000001 0.146875 0.07500000000000001
3 0.7406250000000001 0.34140625 0.1 0.0578125
3 0.8226562500000001 0.3984375 0.07968750000000001 0.0625
3 0.25234375000000003 0.9953125 0.09531250000000001 0.009375000000000001
3 0.42578125 0.9695312500000001 0.19843750000000002 0.060937500000000006
3 0.58203125 0.91953125 0.07968750000000001 0.08281250000000001
3 0.51796875 0.8070312500000001 0.0578125 0.0546875
3 0.85859375 0.1625 0.0765625 0.05625
3 0.42500000000000004 0.06875 0.07500000000000001 0.05625
3 0.70703125 0.09140625000000001 0.0859375 0.0890625
3 0.184375 0.8890625000000001 0.08125 0.07187500000000001
3 0.77265625 0.9359375000000001 0.0921875 0.0625
