4 0.37031250000000004 0.26875 0.4 0.5375
4 0.58828125 0.5015625 0.3984375 0.5875
4 0.95703125 0.24140625000000002 0.0859375 0.22968750000000002
4 0.7703125000000001 0.51484375 0.2 0.3171875
4 0.7429687500000001 0.1859375 0.30781250000000004 0.371875
5 0.521875 0.95703125 0.21875 0.0859375
4 0.06640625 0.71796875 0.1328125 0.3046875
3 0.36875 0.02734375 0.09375 0.0546875
3 0.45078125 0.09375 0.1171875 0.17500000000000002
3 0.375 0.24375000000000002 0.240625 0.309375
3 0.24453125 0.328125 0.0921875 0.134375
3 0.5265625 0.4609375 0.1125 0.1625
3 0.4921875 0.6195312500000001 0.09062500000000001 0.1390625
3 0.043750000000000004 0.7640625000000001 0.0625 0.10312500000000001
3 0.49765625 0.73984375 0.051562500000000004 0.060937500000000006
3 0.5859375 0.7585937500000001 0.059375000000000004 0.0921875
3 0.46171875 0.80234375 0.06406250000000001 0.0859375
