4 0.7093750000000001 0.3484375 0.58125 0.30312500000000003
4 0.7578125 0.10312500000000001 0.484375 0.18125000000000002
4 0.35781250000000003 0.13671875 0.1375 0.22031250000000002
4 0.15000000000000002 0.115625 0.296875 0.16562500000000002
4 0.23750000000000002 0.465625 0.15000000000000002 0.15625
4 0.08125 0.41328125000000004 0.15625 0.09531250000000001
4 0.6062500000000001 0.77109375 0.275 0.2609375
4 0.31953125000000004 0.690625 0.1390625 0.17500000000000002
4 0.17421875 0.7835937500000001 0.1796875 0.43281250000000004
4 0.0203125 0.6625000000000001 0.034375 0.109375
3 0.34375 0.26875 0.040625 0.0625
3 0.1 0.07187500000000001 0.11875000000000001 0.05
3 0.22578125000000002 0.12890625 0.060937500000000006 0.06406250000000001
3 0.39453125 0.11796875000000001 0.060937500000000006 0.15156250000000002
3 0.33515625000000004 0.14609375 0.0578125 0.0703125
3 0.64453125 0.07500000000000001 0.2328125 0.06875
3 0.56484375 0.13046875 0.0546875 0.0328125
3 0.40390625 0.42421875000000003 0.045312500000000006 0.045312500000000006
3 0.017968750000000002 0.38203125000000004 0.029687500000000002 0.0203125
3 0.24375000000000002 0.58359375 0.059375000000000004 0.026562500000000003
3 0.18906250000000002 0.7054687500000001 0.037500000000000006 0.0921875
3 0.246875 0.66796875 0.028125 0.07968750000000001
3 0.31953125000000004 0.7390625000000001 0.09531250000000001 0.037500000000000006
3 0.553125 0.721875 0.037500000000000006 0.053125000000000006
3 0.6078125000000001 0.73203125 0.043750000000000004 0.0765625
3 0.521875 0.6703125000000001 0.05 0.043750000000000004
3 0.6976562500000001 0.7546875000000001 0.0765625 0.065625
3 0.6609375000000001 0.79453125 0.025 0.0546875
3 0.62890625 0.8304687500000001 0.060937500000000006 0.0328125
3 0.5476562500000001 0.7976562500000001 0.060937500000000006 0.0421875
3 0.48046875 0.23203125000000002 0.0578125 0.06406250000000001
