7 0.3015625 0.2421875 0.040625 0.040625
7 0.29453125 0.2078125 0.026562500000000003 0.015625
7 0.029687500000000002 0.61328125 0.059375000000000004 0.060937500000000006
3 0.30234375 0.6375000000000001 0.0890625 0.034375
7 0.33828125000000003 0.4859375 0.06406250000000001 0.078125
3 0.42109375000000004 0.45156250000000003 0.0484375 0.05625
7 0.29375 0.94140625 0.278125 0.0890625
7 0.58046875 0.7734375 0.1609375 0.203125
7 0.58359375 0.92578125 0.0921875 0.0859375
7 0.3921875 0.8515625 0.13125 0.0625
7 0.43671875000000004 0.9007812500000001 0.11093750000000001 0.0328125
7 0.11953125 0.70625 0.20468750000000002 0.125
7 0.184375 0.203125 0.07187500000000001 0.025
3 0.5437500000000001 0.18203125 0.034375 0.06406250000000001
7 0.77734375 0.953125 0.0703125 0.09375
3 0.73359375 0.9593750000000001 0.0390625 0.03125
7 0.7734375 0.759375 0.109375 0.034375
