7 0.5046875000000001 0.884375 0.1875 0.184375
7 0.3328125 0.9242187500000001 0.07500000000000001 0.1171875
7 0.34296875000000004 0.6648437500000001 0.0734375 0.0765625
7 0.24296875 0.759375 0.0703125 0.115625
7 0.7609375 0.52265625 0.171875 0.1953125
7 0.6062500000000001 0.5125000000000001 0.17500000000000002 0.07500000000000001
7 0.63046875 0.30625 0.1859375 0.1625
7 0.13984375000000002 0.4578125 0.19843750000000002 0.096875
7 0.34296875000000004 0.41250000000000003 0.2390625 0.078125
7 0.3609375 0.203125 0.171875 0.078125
7 0.28671875 0.065625 0.0859375 0.046875
7 0.08515625 0.04296875 0.08281250000000001 0.0671875
7 0.16796875 0.025 0.035937500000000004 0.03125
3 0.0078125 0.30625 0.015625 0.03125
7 0.16171875000000002 0.28671875 0.1453125 0.0390625
3 0.178125 0.36171875000000003 0.059375000000000004 0.045312500000000006
7 0.4 0.49531250000000004 0.06875 0.043750000000000004
7 0.47500000000000003 0.5703125 0.05 0.040625
