3 0.05390625 0.634375 0.0671875 0.043750000000000004
3 0.36562500000000003 0.6117187500000001 0.034375 0.0328125
3 0.36250000000000004 0.8601562500000001 0.043750000000000004 0.0578125
3 0.5867187500000001 0.8343750000000001 0.026562500000000003 0.05
7 0.8148437500000001 0.9765625 0.0890625 0.040625
3 0.8375 0.8601562500000001 0.146875 0.0484375
3 0.8093750000000001 0.58125 0.115625 0.043750000000000004
3 0.47187500000000004 0.37109375 0.05625 0.1171875
3 0.56953125 0.44609375 0.1046875 0.0390625
3 0.19687500000000002 0.049218750000000006 0.025 0.0203125
7 0.11093750000000001 0.07187500000000001 0.040625 0.05625
3 0.25 0.27109375 0.043750000000000004 0.0484375
3 0.25859375 0.19921875 0.08281250000000001 0.0328125
3 0.25390625 0.42421875000000003 0.0703125 0.0140625
3 0.240625 0.6000000000000001 0.05 0.03125
