7 0.40625 0.47421875 0.153125 0.11406250000000001
7 0.296875 0.5398437500000001 0.1875 0.1328125
7 0.6101562500000001 0.64609375 0.3046875 0.24531250000000002
7 0.596875 0.403125 0.22187500000000002 0.14375000000000002
7 0.17734375000000002 0.32265625000000003 0.24531250000000002 0.1953125
7 0.35078125000000004 0.39453125 0.0859375 0.06406250000000001
7 0.34765625 0.309375 0.0765625 0.0625
7 0.38515625000000003 0.36171875000000003 0.0578125 0.045312500000000006
3 0.79296875 0.3765625 0.15781250000000002 0.1375
7 0.44140625 0.04296875 0.15781250000000002 0.0859375
