3 0.91015625 0.61875 0.1484375 0.07500000000000001
3 0.87890625 0.72421875 0.2109375 0.045312500000000006
7 0.665625 0.71640625 0.17500000000000002 0.13593750000000002
7 0.32109375 0.721875 0.18281250000000002 0.153125
3 0.16562500000000002 0.81953125 0.046875 0.0203125
7 0.46171875 0.7359375 0.1453125 0.0625
7 0.51328125 0.90546875 0.1546875 0.1015625
7 0.1015625 0.9617187500000001 0.10312500000000001 0.0703125
7 0.2421875 0.9625 0.1125 0.065625
7 0.0765625 0.52734375 0.153125 0.11093750000000001
7 0.021875000000000002 0.45546875000000003 0.040625 0.0390625
7 0.30078125 0.4078125 0.0765625 0.046875
7 0.5234375 0.40937500000000004 0.1375 0.08125
7 0.20625000000000002 0.33671875 0.203125 0.0734375
7 0.0921875 0.2171875 0.184375 0.078125
7 0.46015625000000004 0.3203125 0.11406250000000001 0.059375000000000004
7 0.3359375 0.5750000000000001 0.1375 0.059375000000000004
7 0.67109375 0.5203125000000001 0.4140625 0.09062500000000001
7 0.6625000000000001 0.565625 0.078125 0.08125
