3 0.1875 0.039843750000000004 0.10312500000000001 0.07968750000000001
3 0.46953125 0.3828125 0.37343750000000003 0.42812500000000003
3 0.9515625000000001 0.37265625 0.096875 0.11093750000000001
3 0.60546875 0.7445312500000001 0.15781250000000002 0.13593750000000002
3 0.45625000000000004 0.6875 0.12187500000000001 0.10625000000000001
4 0.6585937500000001 0.925 0.43593750000000003 0.15000000000000002
3 0.08984375 0.1328125 0.09531250000000001 0.078125
3 0.93515625 0.9953125 0.0734375 0.009375000000000001
3 0.371875 0.99375 0.078125 0.0125
3 0.71484375 0.1953125 0.09843750000000001 0.065625
3 0.9046875000000001 0.48515625 0.065625 0.0671875
