3 0.496875 0.60078125 0.065625 0.0703125
3 0.56484375 0.4453125 0.0484375 0.043750000000000004
3 0.06484375 0.6414062500000001 0.1078125 0.045312500000000006
3 0.1296875 0.7234375000000001 0.16875 0.13125
3 0.5945312500000001 0.884375 0.06406250000000001 0.028125
3 0.16953125000000002 0.24921875000000002 0.045312500000000006 0.0390625
3 0.0765625 0.19453125000000002 0.040625 0.029687500000000002
3 0.83359375 0.19843750000000002 0.0390625 0.053125000000000006
3 0.7507812500000001 0.19453125000000002 0.0328125 0.035937500000000004
3 0.71796875 0.21015625000000002 0.026562500000000003 0.045312500000000006
3 0.78515625 0.16796875 0.035937500000000004 0.0171875
3 0.93359375 0.14375000000000002 0.1296875 0.09062500000000001
3 0.790625 0.28671875 0.053125000000000006 0.0234375
3 0.7953125000000001 0.25078125 0.07187500000000001 0.0328125
3 0.5515625000000001 0.253125 0.07500000000000001 0.05
3 0.93125 0.39609375 0.08750000000000001 0.06406250000000001
3 0.02109375 0.26953125 0.0421875 0.06406250000000001
3 0.07578125000000001 0.5125000000000001 0.0671875 0.053125000000000006
3 0.39453125 0.5640625 0.0328125 0.025
3 0.8148437500000001 0.5554687500000001 0.045312500000000006 0.0203125
