4 0.52890625 0.5953125 0.29531250000000003 0.17500000000000002
3 0.62265625 0.65 0.1015625 0.09062500000000001
3 0.3765625 0.6804687500000001 0.037500000000000006 0.0703125
3 0.6179687500000001 0.7578125 0.060937500000000006 0.09062500000000001
3 0.32890625 0.7921875 0.0765625 0.078125
3 0.07578125000000001 0.07265625 0.0921875 0.1265625
7 0.08046875 0.10859375 0.1078125 0.2109375
3 0.13671875 0.50625 0.0578125 0.040625
7 0.04609375 0.5085937500000001 0.0921875 0.0859375
3 0.7375 0.59609375 0.034375 0.0703125
3 0.65234375 0.46171875 0.0484375 0.0921875
3 0.018750000000000003 0.78671875 0.037500000000000006 0.0578125
3 0.022656250000000003 0.41484375 0.029687500000000002 0.0390625
3 0.47187500000000004 0.38593750000000004 0.037500000000000006 0.034375
3 0.30000000000000004 0.42890625000000004 0.03125 0.1015625
3 0.27109375 0.46171875 0.035937500000000004 0.051562500000000004
