7 0.515625 0.82578125 0.31562500000000004 0.1796875
7 0.3171875 0.67578125 0.115625 0.1390625
7 0.5375 0.58828125 0.13125 0.30781250000000004
7 0.7375 0.503125 0.08750000000000001 0.078125
7 0.7515625 0.22109375 0.1 0.1859375
7 0.64609375 0.18125000000000002 0.045312500000000006 0.06875
7 0.5375 0.29765625 0.1 0.0890625
7 0.33515625000000004 0.5085937500000001 0.09843750000000001 0.0703125
7 0.8921875 0.91171875 0.09375 0.1203125
7 0.22812500000000002 0.32343750000000004 0.11875000000000001 0.09062500000000001
7 0.31875000000000003 0.32890625 0.08125 0.045312500000000006
7 0.31640625 0.24453125 0.0765625 0.051562500000000004
7 0.859375 0.44843750000000004 0.059375000000000004 0.096875
