7 0.32109375 0.49140625000000004 0.16718750000000002 0.0703125
7 0.38125000000000003 0.35000000000000003 0.1 0.125
7 0.38515625000000003 0.6453125000000001 0.1796875 0.06875
7 0.4703125 0.5984375000000001 0.08125 0.07500000000000001
7 0.5593750000000001 0.5476562500000001 0.07187500000000001 0.1046875
7 0.54921875 0.74140625 0.07968750000000001 0.0671875
3 0.57265625 0.70703125 0.0203125 0.0234375
3 0.47890625000000003 0.7468750000000001 0.060937500000000006 0.03125
3 0.48828125 0.8367187500000001 0.0578125 0.0546875
7 0.50390625 0.46640625 0.1390625 0.11093750000000001
7 0.69453125 0.53828125 0.15156250000000002 0.1453125
3 0.5203125000000001 0.3484375 0.05625 0.059375000000000004
3 0.6921875000000001 0.16562500000000002 0.1 0.065625
