7 0.5109375 0.4578125 0.384375 0.23125
3 0.59921875 0.22421875000000002 0.1296875 0.1078125
3 0.70625 0.23125 0.046875 0.043750000000000004
3 0.30390625000000004 0.2578125 0.1171875 0.05
7 0.16015625 0.26640625 0.3140625 0.29531250000000003
4 0.20859375000000002 0.2078125 0.4109375 0.403125
3 0.371875 0.178125 0.040625 0.037500000000000006
7 0.04296875 0.3796875 0.0734375 0.037500000000000006
4 0.7679687500000001 0.09296875 0.1421875 0.18281250000000002
7 0.46796875000000004 0.7117187500000001 0.1640625 0.1234375
7 0.15546875000000002 0.525 0.1296875 0.1125
3 0.1859375 0.9382812500000001 0.06875 0.060937500000000006
3 0.9796875 0.1484375 0.034375 0.078125
