7 0.6171875 0.9015625 0.234375 0.134375
7 0.16328125000000002 0.296875 0.09843750000000001 0.084375
7 0.08828125 0.08671875000000001 0.1609375 0.1421875
7 0.23984375000000002 0.1 0.1078125 0.084375
7 0.39921875 0.19687500000000002 0.1203125 0.07187500000000001
7 0.41328125000000004 0.5234375 0.1765625 0.1125
7 0.11171875 0.7406250000000001 0.2234375 0.11875000000000001
7 0.9867187500000001 0.82578125 0.026562500000000003 0.1015625
7 0.40859375000000003 0.30781250000000004 0.0734375 0.07500000000000001
3 0.42578125 0.37265625 0.0734375 0.026562500000000003
