4 0.64375 0.52890625 0.17500000000000002 0.2328125
4 0.93359375 0.44765625000000003 0.1328125 0.21406250000000002
4 0.8914062500000001 0.7125 0.2171875 0.084375
4 0.109375 0.8406250000000001 0.16562500000000002 0.21875
4 0.051562500000000004 0.43203125000000003 0.096875 0.20468750000000002
3 0.41640625000000003 0.41875 0.16718750000000002 0.209375
3 0.26171875 0.46953125 0.1015625 0.1078125
3 0.25625000000000003 0.3671875 0.037500000000000006 0.03125
3 0.46875 0.56796875 0.12812500000000002 0.0703125
3 0.47968750000000004 0.63671875 0.06875 0.0421875
7 0.47187500000000004 0.6742187500000001 0.14375000000000002 0.035937500000000004
7 0.2890625 0.6109375 0.09375 0.028125
3 0.1296875 0.9851562500000001 0.07187500000000001 0.0171875
3 0.134375 0.9546875 0.05 0.018750000000000003
