3 0.44062500000000004 0.80234375 0.065625 0.0734375
3 0.33046875000000003 0.7757812500000001 0.08281250000000001 0.08281250000000001
3 0.3171875 0.6984375 0.08750000000000001 0.028125
3 0.20234375000000002 0.7109375 0.051562500000000004 0.065625
3 0.4390625 0.5710937500000001 0.065625 0.0765625
7 0.62109375 0.28046875 0.11406250000000001 0.0859375
7 0.7312500000000001 0.36171875000000003 0.065625 0.0578125
7 0.5078125 0.42031250000000003 0.240625 0.14375000000000002
3 0.64453125 0.11093750000000001 0.060937500000000006 0.065625
3 0.01640625 0.56640625 0.0328125 0.0890625
3 0.78046875 0.56015625 0.0390625 0.0390625
