4 0.08828125 0.12421875 0.1640625 0.0765625
4 0.34453125 0.21484375 0.1453125 0.11093750000000001
7 0.49375 0.11875000000000001 0.059375000000000004 0.05625
7 0.56875 0.15390625000000002 0.1125 0.1203125
7 0.5164062500000001 0.22812500000000002 0.07968750000000001 0.15000000000000002
7 0.5398437500000001 0.25703125 0.0578125 0.0859375
7 0.5921875 0.41796875 0.05 0.0734375
7 0.12734375 0.8078125 0.0859375 0.065625
7 0.0546875 0.87109375 0.03125 0.0765625
7 0.6882812500000001 0.9242187500000001 0.1390625 0.09531250000000001
7 0.5328125 0.7585937500000001 0.15625 0.0859375
7 0.7375 0.6882812500000001 0.10625000000000001 0.1015625
7 0.846875 0.69296875 0.08750000000000001 0.06406250000000001
7 0.45 0.6484375 0.046875 0.03125
7 0.22578125000000002 0.534375 0.13593750000000002 0.078125
7 0.05234375 0.47109375000000003 0.1046875 0.1390625
7 0.07890625000000001 0.3640625 0.1484375 0.084375
7 0.14296875 0.2984375 0.1640625 0.07187500000000001
