3 0.41328125000000004 0.9070312500000001 0.1390625 0.051562500000000004
3 0.3359375 0.8460937500000001 0.065625 0.08281250000000001
3 0.1640625 0.8265625000000001 0.07500000000000001 0.07187500000000001
3 0.125 0.7468750000000001 0.109375 0.06875
3 0.23750000000000002 0.6976562500000001 0.06875 0.035937500000000004
3 0.109375 0.67890625 0.07500000000000001 0.060937500000000006
3 0.20703125 0.62890625 0.1453125 0.035937500000000004
2 0.04609375 0.6546875000000001 0.0921875 0.059375000000000004
3 0.10234375000000001 0.9398437500000001 0.026562500000000003 0.0328125
3 0.1640625 0.9015625 0.025 0.015625
2 0.23828125 0.7609375 0.13593750000000002 0.096875
2 0.40234375 0.675 0.0578125 0.037500000000000006
2 0.61328125 0.6984375 0.09843750000000001 0.08750000000000001
2 0.5015625 0.7125 0.037500000000000006 0.06875
2 0.44062500000000004 0.7351562500000001 0.08750000000000001 0.06406250000000001
3 0.5515625000000001 0.4859375 0.096875 0.05625
3 0.43359375 0.55390625 0.11406250000000001 0.1015625
3 0.6875 0.50390625 0.115625 0.08281250000000001
3 0.64375 0.31015625 0.065625 0.051562500000000004
3 0.51953125 0.284375 0.11406250000000001 0.053125000000000006
3 0.46875 0.41953125 0.15937500000000002 0.1234375
3 0.55859375 0.37265625 0.0390625 0.0484375
3 0.32265625000000003 0.3671875 0.051562500000000004 0.037500000000000006
3 0.225 0.3140625 0.0625 0.065625
2 0.1046875 0.32656250000000003 0.09375 0.059375000000000004
3 0.15859375 0.33906250000000004 0.026562500000000003 0.025
3 0.09453125000000001 0.36953125000000003 0.0328125 0.029687500000000002
3 0.15859375 0.40546875000000004 0.16718750000000002 0.0859375
3 0.28359375000000003 0.5 0.09531250000000001 0.209375
3 0.18203125 0.51328125 0.1078125 0.1265625
3 0.1703125 0.134375 0.0625 0.043750000000000004
3 0.10390625 0.24531250000000002 0.1046875 0.046875
3 0.06015625 0.16562500000000002 0.0546875 0.096875
