3 0.44765625000000003 0.9375 0.051562500000000004 0.028125
3 0.7234375000000001 0.9812500000000001 0.09375 0.025
3 0.48984375 0.63671875 0.1296875 0.08281250000000001
3 0.503125 0.5437500000000001 0.11875000000000001 0.10625000000000001
3 0.35000000000000003 0.48281250000000003 0.0625 0.034375
3 0.24531250000000002 0.69296875 0.084375 0.0546875
3 0.28046875 0.628125 0.0546875 0.05625
3 0.3328125 0.63984375 0.034375 0.0328125
3 0.34375 0.5453125 0.053125000000000006 0.037500000000000006
3 0.40156250000000004 0.52890625 0.025 0.035937500000000004
3 0.26640625 0.54921875 0.0546875 0.0390625
3 0.23125 0.42500000000000004 0.025 0.046875
3 0.18906250000000002 0.0546875 0.109375 0.0625
3 0.03359375 0.041406250000000006 0.06406250000000001 0.0328125
3 0.48125 0.15156250000000002 0.07187500000000001 0.021875000000000002
3 0.49843750000000003 0.08281250000000001 0.037500000000000006 0.03125
3 0.36875 0.11093750000000001 0.018750000000000003 0.05625
3 0.63828125 0.08515625 0.0890625 0.051562500000000004
3 0.9593750000000001 0.014843750000000001 0.043750000000000004 0.029687500000000002
