3 0.5171875 0.6015625 0.15000000000000002 0.19687500000000002
3 0.26953125 0.7828125 0.09843750000000001 0.11875000000000001
3 0.32890625 0.1703125 0.0734375 0.109375
3 0.3515625 0.05859375 0.1 0.1171875
3 0.5484375 0.25 0.084375 0.13125
3 0.8265625000000001 0.625 0.0625 0.084375
7 0.49140625000000004 0.296875 0.2921875 0.465625
7 0.6937500000000001 0.54609375 0.20625000000000002 0.32656250000000003
7 0.59765625 0.6726562500000001 0.1234375 0.13593750000000002
7 0.6664062500000001 0.7671875 0.15781250000000002 0.1875
