4 0.8343750000000001 0.275 0.33125000000000004 0.45937500000000003
4 0.25703125 0.434375 0.5078125 0.53125
4 0.2609375 0.06484375 0.5125000000000001 0.1296875
3 0.5945312500000001 0.23984375000000002 0.1421875 0.1421875
3 0.9046875000000001 0.3953125 0.19062500000000002 0.096875
3 0.35390625000000003 0.30703125000000003 0.11093750000000001 0.2265625
3 0.48203125 0.31171875000000004 0.0578125 0.15156250000000002
3 0.16718750000000002 0.32109375 0.11875000000000001 0.18281250000000002
3 0.16171875000000002 0.18125000000000002 0.1078125 0.065625
3 0.31171875000000004 0.15703125 0.0859375 0.0421875
3 0.1046875 0.057031250000000006 0.2 0.060937500000000006
4 0.83359375 0.596875 0.3328125 0.146875
4 0.4078125 0.775 0.2625 0.19687500000000002
4 0.7250000000000001 0.7585937500000001 0.2 0.2234375
3 0.8601562500000001 0.6000000000000001 0.2328125 0.07500000000000001
3 0.640625 0.6781250000000001 0.05 0.040625
3 0.7171875000000001 0.7546875000000001 0.184375 0.109375
3 0.47187500000000004 0.7976562500000001 0.10625000000000001 0.11406250000000001
3 0.31796875 0.76875 0.0484375 0.15937500000000002
3 0.5640625 0.13203125000000002 0.034375 0.0328125
3 0.76875 0.11796875000000001 0.1125 0.0921875
3 0.7132812500000001 0.22578125000000002 0.051562500000000004 0.1234375
3 0.63046875 0.540625 0.0578125 0.059375000000000004
3 0.45156250000000003 0.628125 0.10312500000000001 0.1
