7 0.6484375 0.47500000000000003 0.240625 0.07500000000000001
7 0.61484375 0.7351562500000001 0.1328125 0.2109375
7 0.240625 0.7210937500000001 0.084375 0.0734375
7 0.43125 0.6234375000000001 0.115625 0.1125
7 0.2265625 0.8359375 0.125 0.10312500000000001
7 0.3875 0.753125 0.13125 0.08750000000000001
7 0.525 0.8250000000000001 0.12812500000000002 0.043750000000000004
4 0.8460937500000001 0.2484375 0.1703125 0.184375
4 0.6664062500000001 0.034375 0.1015625 0.0625
7 0.07968750000000001 0.46328125000000003 0.08750000000000001 0.09531250000000001
