4 0.39296875000000003 0.0203125 0.4421875 0.040625
4 0.69921875 0.1 0.1265625 0.19375
4 0.225 0.15859375 0.14375000000000002 0.2859375
4 0.784375 0.27890625 0.42812500000000003 0.3015625
7 0.24140625000000002 0.39296875000000003 0.20468750000000002 0.18281250000000002
7 0.41953125 0.5890625 0.2109375 0.19062500000000002
3 0.35390625000000003 0.57265625 0.0546875 0.026562500000000003
3 0.5265625 0.62890625 0.14375000000000002 0.0921875
3 0.6796875 0.55859375 0.06875 0.06406250000000001
3 0.71640625 0.34609375000000003 0.1703125 0.0734375
3 0.9281250000000001 0.6023437500000001 0.0625 0.0421875
3 0.98046875 0.6390625000000001 0.0390625 0.059375000000000004
3 0.9421875000000001 0.6742187500000001 0.046875 0.0421875
3 0.859375 0.6195312500000001 0.05625 0.0484375
3 0.27734375 0.9070312500000001 0.0703125 0.0421875
3 0.3515625 0.5750000000000001 0.05 0.028125
3 0.1390625 0.69453125 0.028125 0.0140625
3 0.75546875 0.89765625 0.0484375 0.051562500000000004
3 0.7250000000000001 0.7914062500000001 0.053125000000000006 0.029687500000000002
3 0.48984375 0.8132812500000001 0.06406250000000001 0.0390625
3 0.69296875 0.49921875000000004 0.0765625 0.0484375
