4 0.51328125 0.2703125 0.7984375 0.359375
4 0.66953125 0.58125 0.5859375 0.284375
3 0.84375 0.54140625 0.065625 0.0421875
3 0.88046875 0.48281250000000003 0.1046875 0.053125000000000006
3 0.8093750000000001 0.15234375 0.09375 0.0546875
3 0.9554687500000001 0.9164062500000001 0.0890625 0.0421875
3 0.37343750000000003 0.5320312500000001 0.06875 0.0484375
3 0.043750000000000004 0.5953125 0.08125 0.08750000000000001
4 0.36875 0.76953125 0.234375 0.2078125
4 0.6312500000000001 0.775 0.4375 0.15625
4 0.25078125 0.66796875 0.11093750000000001 0.1296875
4 0.09062500000000001 0.03671875 0.084375 0.0734375
