3 0.8984375 0.8187500000000001 0.05 0.025
7 0.1453125 0.7117187500000001 0.08750000000000001 0.07968750000000001
7 0.13359375 0.6351562500000001 0.0671875 0.0328125
7 0.34609375000000003 0.6203125 0.0671875 0.115625
7 0.36640625000000004 0.49375 0.07968750000000001 0.037500000000000006
7 0.47578125000000004 0.5078125 0.035937500000000004 0.043750000000000004
3 0.0671875 0.36796875 0.12187500000000001 0.051562500000000004
3 0.215625 0.42500000000000004 0.03125 0.05
7 0.17265625 0.56484375 0.0484375 0.0328125
7 0.23828125 0.60703125 0.0484375 0.0484375
7 0.24531250000000002 0.6492187500000001 0.109375 0.045312500000000006
7 0.28125 0.45078125 0.05625 0.051562500000000004
3 0.27187500000000003 0.7312500000000001 0.06875 0.025
7 0.5640625 0.49765625 0.037500000000000006 0.045312500000000006
3 0.790625 0.546875 0.043750000000000004 0.025
3 0.64609375 0.31328125 0.0421875 0.029687500000000002
3 0.6171875 0.02421875 0.037500000000000006 0.0390625
3 0.9929687500000001 0.19843750000000002 0.0140625 0.053125000000000006
3 0.4296875 0.69453125 0.037500000000000006 0.026562500000000003
3 0.3515625 0.01015625 0.037500000000000006 0.0203125
3 0.6937500000000001 0.06406250000000001 0.05625 0.028125
