4 0.1390625 0.2578125 0.265625 0.515625
3 0.47734375 0.33906250000000004 0.0390625 0.046875
3 0.47109375000000003 0.39375000000000004 0.0328125 0.040625
3 0.53359375 0.38359375 0.035937500000000004 0.035937500000000004
4 0.67890625 0.603125 0.17343750000000002 0.115625
3 0.17578125 0.74375 0.029687500000000002 0.14375000000000002
6 0.496875 0.675 0.05625 0.096875
6 0.5578125 0.7351562500000001 0.078125 0.0859375
6 0.6734375 0.7453125 0.12812500000000002 0.10312500000000001
6 0.553125 0.525 0.05625 0.059375000000000004
6 0.57578125 0.43359375 0.1640625 0.1171875
6 0.45625000000000004 0.359375 0.08750000000000001 0.10625000000000001
