3 0.22578125000000002 0.86484375 0.13593750000000002 0.0546875
3 0.3203125 0.8304687500000001 0.059375000000000004 0.035937500000000004
3 0.1953125 0.8078125 0.078125 0.037500000000000006
3 0.15859375 0.78828125 0.051562500000000004 0.0546875
3 0.31015625 0.7523437500000001 0.06406250000000001 0.08281250000000001
3 0.390625 0.7601562500000001 0.084375 0.1203125
3 0.46484375 0.7890625 0.0484375 0.065625
3 0.53125 0.8070312500000001 0.053125000000000006 0.0390625
3 0.675 0.7664062500000001 0.140625 0.09531250000000001
3 0.8328125000000001 0.7578125 0.05 0.040625
3 0.82421875 0.7156250000000001 0.09531250000000001 0.034375
3 0.54140625 0.6507812500000001 0.1078125 0.0859375
3 0.64453125 0.61640625 0.08281250000000001 0.0421875
3 0.2390625 0.63828125 0.046875 0.026562500000000003
3 0.240625 0.5921875 0.08750000000000001 0.065625
3 0.39140625 0.55703125 0.0765625 0.0921875
3 0.47421875 0.534375 0.0484375 0.0625
3 0.11015625000000001 0.5078125 0.08281250000000001 0.059375000000000004
3 0.184375 0.48046875 0.05 0.0671875
3 0.07578125000000001 0.4375 0.0859375 0.053125000000000006
3 0.13046875 0.42812500000000003 0.026562500000000003 0.037500000000000006
3 0.92734375 0.39140625 0.1046875 0.09843750000000001
3 0.46953125 0.353125 0.09531250000000001 0.07500000000000001
3 0.35468750000000004 0.45390625 0.065625 0.035937500000000004
3 0.20703125 0.34140625 0.1015625 0.07968750000000001
3 0.1078125 0.38593750000000004 0.06875 0.037500000000000006
3 0.56796875 0.35234375 0.0546875 0.0484375
3 0.62109375 0.40859375000000003 0.035937500000000004 0.045312500000000006
3 0.6046875 0.49062500000000003 0.0625 0.040625
3 0.5296875 0.47500000000000003 0.065625 0.028125
3 0.6898437500000001 0.41250000000000003 0.06406250000000001 0.03125
3 0.97265625 0.029687500000000002 0.051562500000000004 0.046875
3 0.95078125 0.08203125 0.045312500000000006 0.035937500000000004
3 0.19140625 0.23828125 0.0921875 0.0765625
3 0.11093750000000001 0.2734375 0.05625 0.037500000000000006
3 0.34765625 0.203125 0.060937500000000006 0.08125
3 0.40546875000000004 0.22031250000000002 0.0328125 0.065625
3 0.12421875 0.18984375 0.08281250000000001 0.045312500000000006
