3 0.81796875 0.6585937500000001 0.07968750000000001 0.0171875
3 0.6414062500000001 0.70078125 0.035937500000000004 0.0171875
7 0.11484375000000001 0.6265625 0.060937500000000006 0.05625
7 0.10625000000000001 0.57265625 0.046875 0.0234375
7 0.2546875 0.56171875 0.046875 0.07968750000000001
7 0.26875 0.4734375 0.05625 0.025
7 0.3453125 0.48281250000000003 0.025 0.03125
3 0.059375000000000004 0.38515625000000003 0.084375 0.035937500000000004
3 0.1640625 0.42500000000000004 0.021875000000000002 0.034375
7 0.13359375 0.52265625 0.0328125 0.0234375
7 0.1796875 0.55234375 0.034375 0.0328125
7 0.18359375 0.58203125 0.0765625 0.029687500000000002
7 0.21015625000000002 0.44296875 0.0390625 0.035937500000000004
3 0.203125 0.63984375 0.05 0.0171875
7 0.4078125 0.4765625 0.025 0.03125
3 0.565625 0.51015625 0.03125 0.0171875
3 0.46484375 0.34765625 0.029687500000000002 0.0203125
3 0.44453125000000004 0.1453125 0.026562500000000003 0.028125
3 0.8625 0.026562500000000003 0.028125 0.021875000000000002
3 0.7265625 0.2671875 0.046875 0.037500000000000006
7 0.78515625 0.24921875000000002 0.0484375 0.0484375
3 0.88046875 0.35468750000000004 0.045312500000000006 0.018750000000000003
3 0.7109375 0.9593750000000001 0.065625 0.025
3 0.31328125 0.6140625000000001 0.026562500000000003 0.018750000000000003
3 0.25859375 0.13359375 0.026562500000000003 0.0171875
3 0.49843750000000003 0.17265625 0.037500000000000006 0.0203125
