4 0.78515625 0.1609375 0.4296875 0.321875
4 0.6179687500000001 0.23046875 0.3359375 0.22031250000000002
4 0.35000000000000003 0.05859375 0.34687500000000004 0.1171875
4 0.7523437500000001 0.5125000000000001 0.3609375 0.19375
4 0.37890625 0.46406250000000004 0.1390625 0.278125
4 0.9484375 0.7679687500000001 0.10312500000000001 0.3765625
4 0.67734375 0.7953125000000001 0.33906250000000004 0.2
4 0.29375 0.953125 0.14375000000000002 0.09375
4 0.11093750000000001 0.53125 0.22187500000000002 0.12187500000000001
3 0.09296875 0.340625 0.035937500000000004 0.06875
3 0.23203125000000002 0.3953125 0.1328125 0.08750000000000001
3 0.3796875 0.4296875 0.07187500000000001 0.13125
3 0.46171875 0.5921875 0.1328125 0.140625
3 0.6921875000000001 0.7742187500000001 0.290625 0.09531250000000001
3 0.88984375 0.8078125 0.0703125 0.078125
3 0.9671875000000001 0.91796875 0.065625 0.07968750000000001
3 0.28828125 0.9695312500000001 0.0765625 0.060937500000000006
3 0.08281250000000001 0.53515625 0.16562500000000002 0.0765625
3 0.8601562500000001 0.06484375 0.1765625 0.1296875
3 0.6875 0.20703125 0.225 0.15156250000000002
3 0.92734375 0.2234375 0.11406250000000001 0.13125
3 0.9515625000000001 0.33984375 0.096875 0.09843750000000001
