3 0.88046875 0.035937500000000004 0.13593750000000002 0.06875
3 0.9304687500000001 0.20703125 0.1296875 0.0734375
7 0.83984375 0.1859375 0.0484375 0.0625
7 0.9109375000000001 0.16953125000000002 0.037500000000000006 0.0171875
7 0.7757812500000001 0.134375 0.09531250000000001 0.034375
3 0.7117187500000001 0.24765625000000002 0.051562500000000004 0.06406250000000001
3 0.8460937500000001 0.41328125000000004 0.1046875 0.07968750000000001
3 0.9343750000000001 0.415625 0.07187500000000001 0.05625
3 0.51328125 0.47265625 0.0578125 0.045312500000000006
3 0.57578125 0.5320312500000001 0.0546875 0.08281250000000001
3 0.5867187500000001 0.45859375 0.0421875 0.035937500000000004
3 0.51015625 0.38593750000000004 0.1046875 0.025
3 0.503125 0.29531250000000003 0.065625 0.040625
3 0.571875 0.25859375 0.03125 0.045312500000000006
3 0.4140625 0.26640625 0.06875 0.035937500000000004
3 0.434375 0.07187500000000001 0.046875 0.053125000000000006
3 0.15937500000000002 0.3609375 0.053125000000000006 0.034375
3 0.12578125 0.39687500000000003 0.0328125 0.018750000000000003
3 0.140625 0.46406250000000004 0.05625 0.053125000000000006
3 0.23593750000000002 0.5796875 0.09375 0.09062500000000001
3 0.32656250000000003 0.61328125 0.08125 0.15156250000000002
3 0.45156250000000003 0.50390625 0.037500000000000006 0.0484375
3 0.51875 0.5375 0.12187500000000001 0.11875000000000001
3 0.6531250000000001 0.55859375 0.08750000000000001 0.0734375
3 0.09140625000000001 0.9484375 0.1421875 0.059375000000000004
3 0.7546875000000001 0.9484375 0.015625 0.065625
3 0.64765625 0.946875 0.1265625 0.043750000000000004
3 0.9546875 0.8 0.043750000000000004 0.034375
3 0.9421875000000001 0.6414062500000001 0.03125 0.0390625
3 0.9875 0.5421875 0.025 0.034375
3 0.98203125 0.5921875 0.035937500000000004 0.043750000000000004
3 0.6351562500000001 0.62109375 0.09531250000000001 0.029687500000000002
3 0.0390625 0.6328125 0.078125 0.0625
3 0.028125 0.5671875000000001 0.03125 0.025
3 0.07421875 0.3875 0.035937500000000004 0.028125
3 0.15703125 0.09375 0.0890625 0.05
3 0.09140625000000001 0.19843750000000002 0.0546875 0.05
3 0.4140625 0.35546875 0.053125000000000006 0.0859375
