3 0.37421875000000004 0.7796875000000001 0.17343750000000002 0.275
3 0.634375 0.46171875 0.340625 0.4234375
3 0.4265625 0.29296875 0.171875 0.32656250000000003
3 0.6125 0.09609375 0.240625 0.17343750000000002
3 0.7585937500000001 0.08750000000000001 0.0421875 0.05
3 0.33125000000000004 0.52734375 0.1375 0.15781250000000002
3 0.31093750000000003 0.38828125 0.0625 0.1171875
3 0.5375 0.7585937500000001 0.16875 0.2515625
3 0.21796875000000002 0.07109375 0.2546875 0.1421875
3 0.18359375 0.18828125 0.1796875 0.1953125
3 0.8992187500000001 0.21406250000000002 0.1453125 0.1375
