3 0.6492187500000001 0.02421875 0.09531250000000001 0.0484375
3 0.7046875 0.07265625 0.043750000000000004 0.051562500000000004
3 0.796875 0.10546875 0.078125 0.0734375
7 0.47500000000000003 0.3828125 0.33125000000000004 0.20625000000000002
4 0.28125 0.53125 0.421875 0.375
4 0.5984375000000001 0.52734375 0.340625 0.26406250000000003
3 0.28203125 0.53046875 0.0671875 0.0390625
3 0.34296875000000004 0.46406250000000004 0.08281250000000001 0.053125000000000006
3 0.21796875000000002 0.55078125 0.1234375 0.1421875
3 0.3921875 0.6109375 0.109375 0.08125
7 0.12265625000000001 0.36796875 0.0765625 0.0703125
3 0.9085937500000001 0.45390625 0.0890625 0.08281250000000001
