4 0.95625 0.63984375 0.08750000000000001 0.0890625
4 0.76875 0.42890625000000004 0.4625 0.3953125
4 0.91171875 0.10703125000000001 0.1765625 0.1015625
7 0.34921875 0.46640625 0.2234375 0.1484375
7 0.59375 0.4625 0.11875000000000001 0.08125
3 0.49375 0.6546875000000001 0.08750000000000001 0.040625
3 0.084375 0.72578125 0.096875 0.09843750000000001
7 0.42578125 0.8343750000000001 0.18281250000000002 0.12187500000000001
3 0.9203125000000001 0.25625000000000003 0.053125000000000006 0.025
3 0.8578125000000001 0.41484375 0.096875 0.0859375
3 0.7742187500000001 0.5281250000000001 0.06406250000000001 0.037500000000000006
3 0.75390625 0.57578125 0.060937500000000006 0.029687500000000002
3 0.69296875 0.41250000000000003 0.1796875 0.11875000000000001
4 0.08984375 0.33515625000000004 0.1796875 0.0890625
