3 0.7367187500000001 0.246875 0.0921875 0.07187500000000001
4 0.8109375000000001 0.19765625 0.30625 0.2421875
3 0.628125 0.225 0.053125000000000006 0.05
3 0.8304687500000001 0.13984375000000002 0.0890625 0.0734375
4 0.92109375 0.7640625000000001 0.1546875 0.215625
3 0.93359375 0.8296875 0.045312500000000006 0.034375
3 0.8851562500000001 0.70859375 0.0765625 0.0921875
4 0.6664062500000001 0.47500000000000003 0.18906250000000002 0.16562500000000002
4 0.6890625 0.6000000000000001 0.178125 0.1125
3 0.7015625000000001 0.478125 0.03125 0.040625
3 0.71875 0.53046875 0.034375 0.0328125
3 0.6390625000000001 0.5242187500000001 0.034375 0.035937500000000004
3 0.6390625000000001 0.5875 0.0625 0.03125
3 0.52109375 0.38125000000000003 0.0421875 0.084375
3 0.5296875 0.5164062500000001 0.065625 0.0484375
3 0.54453125 0.71015625 0.0484375 0.1078125
4 0.7992187500000001 0.915625 0.18281250000000002 0.134375
3 0.0765625 0.546875 0.0625 0.1125
3 0.45546875000000003 0.2390625 0.0203125 0.084375
3 0.4578125 0.37031250000000004 0.028125 0.09062500000000001
