4 0.31640625 0.596875 0.6328125 0.33125000000000004
4 0.8382812500000001 0.69140625 0.32343750000000004 0.38906250000000003
3 0.8578125000000001 0.82421875 0.2 0.0890625
3 0.9671875000000001 0.7109375 0.065625 0.20625000000000002
3 0.75 0.76953125 0.078125 0.0421875
3 0.23359375000000002 0.73359375 0.4140625 0.0921875
3 0.55703125 0.7054687500000001 0.07968750000000001 0.0546875
3 0.64609375 0.9500000000000001 0.2421875 0.1
4 0.12578125 0.022656250000000003 0.2515625 0.045312500000000006
4 0.6726562500000001 0.02890625 0.1765625 0.0578125
4 0.8890625000000001 0.31015625 0.22187500000000002 0.1609375
4 0.9609375 0.21953125 0.078125 0.11093750000000001
3 0.9359375000000001 0.32109375 0.10312500000000001 0.045312500000000006
3 0.99140625 0.215625 0.0171875 0.043750000000000004
4 0.86640625 0.42734375 0.2609375 0.16718750000000002
4 0.6804687500000001 0.39609375 0.0890625 0.11093750000000001
