5 0.58203125 0.45859375 0.2546875 0.13593750000000002
4 0.30859375 0.60546875 0.1171875 0.1296875
3 0.8171875000000001 0.8757812500000001 0.19062500000000002 0.2484375
3 0.22421875000000002 0.9484375 0.0671875 0.09062500000000001
5 0.23828125 0.5281250000000001 0.0484375 0.028125
4 0.40546875000000004 0.57421875 0.11406250000000001 0.060937500000000006
3 0.46328125000000003 0.0171875 0.1078125 0.034375
3 0.49062500000000003 0.16015625 0.10312500000000001 0.029687500000000002
3 0.1453125 0.1921875 0.1875 0.12187500000000001
3 0.27734375 0.3359375 0.1421875 0.07500000000000001
3 0.045312500000000006 0.62109375 0.09062500000000001 0.051562500000000004
3 0.19843750000000002 0.57578125 0.053125000000000006 0.0703125
3 0.57578125 0.71484375 0.1453125 0.1265625
3 0.953125 0.69921875 0.09062500000000001 0.0390625
4 0.3296875 0.4390625 0.203125 0.1125
3 0.6781250000000001 0.484375 0.15000000000000002 0.084375
3 0.6375000000000001 0.38359375 0.034375 0.0390625
