3 0.09531250000000001 0.49765625 0.078125 0.0484375
7 0.48984375 0.04453125 0.07968750000000001 0.0890625
7 0.6265625 0.0234375 0.07500000000000001 0.046875
7 0.34140625 0.70625 0.051562500000000004 0.22187500000000002
7 0.44921875 0.47890625000000003 0.0765625 0.2515625
7 0.5984375000000001 0.42500000000000004 0.19062500000000002 0.1125
7 0.42578125 0.79453125 0.0734375 0.2390625
7 0.67109375 0.67578125 0.3015625 0.20468750000000002
7 0.31953125000000004 0.26328125 0.16718750000000002 0.1421875
7 0.4609375 0.215625 0.07187500000000001 0.07500000000000001
7 0.65 0.19375 0.21250000000000002 0.17500000000000002
3 0.80625 0.20859375000000002 0.037500000000000006 0.1234375
7 0.23203125000000002 0.58984375 0.0734375 0.1171875
