7 0.2015625 0.6062500000000001 0.19375 0.171875
7 0.39453125 0.6359375 0.18281250000000002 0.09062500000000001
7 0.37812500000000004 0.33359375 0.403125 0.4859375
7 0.6390625000000001 0.58203125 0.246875 0.2546875
7 0.80390625 0.64609375 0.1453125 0.22968750000000002
7 0.6507812500000001 0.7937500000000001 0.0765625 0.07187500000000001
7 0.5984375000000001 0.8929687500000001 0.1 0.06406250000000001
7 0.259375 0.91796875 0.234375 0.1328125
7 0.03125 0.821875 0.0625 0.043750000000000004
7 0.76484375 0.9109375000000001 0.1203125 0.08750000000000001
3 0.63671875 0.53671875 0.2078125 0.1859375
