7 0.47265625 0.28671875 0.1921875 0.2546875
7 0.63046875 0.33515625000000004 0.0671875 0.1265625
7 0.7640625000000001 0.36015625 0.20625000000000002 0.27968750000000003
7 0.55625 0.5421875 0.12812500000000002 0.146875
7 0.3140625 0.45234375000000004 0.115625 0.1265625
7 0.4140625 0.46796875000000004 0.046875 0.0484375
7 0.46171875 0.5140625 0.045312500000000006 0.059375000000000004
7 0.1265625 0.54140625 0.246875 0.1390625
7 0.16484375 0.6218750000000001 0.1328125 0.084375
7 0.3359375 0.84140625 0.1 0.27968750000000003
