7 0.234375 0.56953125 0.1125 0.2234375
4 0.29921875000000003 0.45859375 0.3515625 0.3515625
3 0.28984375 0.34453125 0.1328125 0.09531250000000001
3 0.43828125 0.22187500000000002 0.1203125 0.09375
4 0.38984375000000004 0.1859375 0.23593750000000002 0.12812500000000002
4 0.20546875 0.15156250000000002 0.1171875 0.2
3 0.7601562500000001 0.6937500000000001 0.0765625 0.10312500000000001
3 0.85078125 0.7718750000000001 0.08281250000000001 0.115625
3 0.6359375 0.921875 0.1 0.15000000000000002
3 0.62109375 0.055468750000000004 0.07968750000000001 0.11093750000000001
4 0.62265625 0.15156250000000002 0.1296875 0.29375
