3 0.029687500000000002 0.63671875 0.059375000000000004 0.1171875
3 0.09921875000000001 0.6015625 0.19843750000000002 0.17500000000000002
3 0.29453125 0.47734375 0.3765625 0.2484375
3 0.46484375 0.19765625 0.3609375 0.27968750000000003
3 0.53046875 0.34921875 0.2234375 0.1921875
3 0.6843750000000001 0.43984375000000003 0.15937500000000002 0.1203125
3 0.89609375 0.40937500000000004 0.2078125 0.146875
3 0.925 0.32421875 0.15000000000000002 0.1390625
3 0.828125 0.66796875 0.34375 0.3796875
3 0.75546875 0.53828125 0.3171875 0.27968750000000003
3 0.48828125 0.88203125 0.1796875 0.1296875
3 0.7578125 0.9328125 0.284375 0.134375
3 0.46406250000000004 0.36015625 0.19687500000000002 0.1390625
