3 0.8835937500000001 0.12421875 0.060937500000000006 0.0421875
4 0.68125 0.39609375 0.153125 0.2109375
4 0.7835937500000001 0.43828125 0.1015625 0.0734375
4 0.70859375 0.47109375000000003 0.13593750000000002 0.0734375
4 0.3171875 0.23203125000000002 0.609375 0.15156250000000002
3 0.38828125 0.1421875 0.0765625 0.025
3 0.53125 0.34140625 0.053125000000000006 0.045312500000000006
3 0.49453125000000003 0.2578125 0.0546875 0.05625
3 0.17265625 0.2109375 0.0859375 0.025
4 0.42109375000000004 0.39296875000000003 0.0921875 0.1484375
3 0.40156250000000004 0.4109375 0.05 0.053125000000000006
3 0.5906250000000001 0.41640625000000003 0.078125 0.0703125
3 0.66015625 0.46171875 0.0390625 0.0546875
4 0.18984375 0.30312500000000003 0.1953125 0.11875000000000001
4 0.34609375000000003 0.45078125 0.0578125 0.11093750000000001
7 0.23203125000000002 0.46953125 0.1609375 0.07968750000000001
4 0.55859375 0.50390625 0.13593750000000002 0.1046875
7 0.265625 0.5296875 0.07187500000000001 0.046875
3 0.24921875000000002 0.19140625 0.0734375 0.0234375
3 0.83984375 0.7765625 0.0578125 0.115625
7 0.4734375 0.8304687500000001 0.10625000000000001 0.1171875
7 0.36953125000000003 0.9625 0.1078125 0.07500000000000001
7 0.30546875 0.85078125 0.060937500000000006 0.08281250000000001
7 0.290625 0.7828125 0.0625 0.053125000000000006
7 0.22265625 0.796875 0.060937500000000006 0.05
7 0.05859375 0.60546875 0.1046875 0.07968750000000001
7 0.10390625 0.665625 0.0578125 0.043750000000000004
7 0.07109375 0.7039062500000001 0.08281250000000001 0.0546875
7 0.02890625 0.75 0.0578125 0.046875
3 0.35078125000000004 0.059375000000000004 0.0328125 0.05
3 0.02734375 0.05390625 0.0546875 0.0328125
