3 0.359375 0.884375 0.09062500000000001 0.134375
3 0.51484375 0.84765625 0.0921875 0.0703125
3 0.44921875 0.8171875000000001 0.0921875 0.034375
4 0.23593750000000002 0.78046875 0.284375 0.31093750000000003
3 0.13984375000000002 0.6023437500000001 0.1328125 0.045312500000000006
3 0.029687500000000002 0.8304687500000001 0.053125000000000006 0.0734375
3 0.09531250000000001 0.84375 0.0625 0.08750000000000001
4 0.11328125 0.8890625000000001 0.1390625 0.20625000000000002
3 0.18828125 0.8609375 0.035937500000000004 0.07500000000000001
3 0.48828125 0.63828125 0.16718750000000002 0.2671875
3 0.42890625000000004 0.73828125 0.0578125 0.060937500000000006
4 0.38671875 0.49140625000000004 0.2703125 0.1859375
3 0.40937500000000004 0.44296875 0.15000000000000002 0.060937500000000006
3 0.65390625 0.50546875 0.0703125 0.0421875
4 0.6640625 0.4625 0.36562500000000003 0.153125
3 0.7562500000000001 0.47421875 0.07500000000000001 0.0546875
4 0.68671875 0.29765625 0.37343750000000003 0.15156250000000002
3 0.703125 0.30312500000000003 0.30625 0.10312500000000001
4 0.6781250000000001 0.125 0.209375 0.134375
3 0.72265625 0.14453125 0.1203125 0.07968750000000001
4 0.057031250000000006 0.35703125 0.11406250000000001 0.11406250000000001
4 0.22109375 0.27109375 0.18906250000000002 0.11406250000000001
4 0.39375000000000004 0.051562500000000004 0.184375 0.10312500000000001
3 0.7109375 0.0140625 0.14375000000000002 0.028125
4 0.9546875 0.31562500000000004 0.09062500000000001 0.171875
3 0.97578125 0.5390625 0.045312500000000006 0.059375000000000004
3 0.91015625 0.759375 0.1203125 0.05625
3 0.9640625 0.178125 0.037500000000000006 0.0625
3 0.88203125 0.94296875 0.15781250000000002 0.035937500000000004
7 0.6703125000000001 0.89453125 0.09062500000000001 0.07968750000000001
