3 0.38515625000000003 0.09062500000000001 0.0484375 0.09375
3 0.51015625 0.05390625 0.1296875 0.0671875
4 0.42109375000000004 0.16796875 0.4546875 0.2578125
4 0.1703125 0.50703125 0.12187500000000001 0.2671875
4 0.43281250000000004 0.453125 0.16562500000000002 0.24375000000000002
4 0.571875 0.51015625 0.203125 0.4109375
3 0.7406250000000001 0.28125 0.07187500000000001 0.10312500000000001
4 0.40234375 0.69296875 0.22031250000000002 0.1546875
3 0.6078125000000001 0.7609375 0.065625 0.037500000000000006
3 0.6492187500000001 0.7039062500000001 0.0671875 0.029687500000000002
4 0.80078125 0.790625 0.23593750000000002 0.403125
4 0.29531250000000003 0.8304687500000001 0.16875 0.2078125
