3 0.2765625 0.20078125000000002 0.134375 0.2515625
3 0.32343750000000004 0.525 0.146875 0.35625
3 0.765625 0.06406250000000001 0.146875 0.12812500000000002
3 0.8093750000000001 0.33046875000000003 0.28125 0.34218750000000003
3 0.9828125000000001 0.35390625000000003 0.034375 0.2671875
3 0.16875 0.62265625 0.1625 0.46718750000000003
3 0.57734375 0.77265625 0.34218750000000003 0.24531250000000002
3 0.3140625 0.8718750000000001 0.325 0.25625000000000003
3 0.60859375 0.9500000000000001 0.2609375 0.1
3 0.9070312500000001 0.88984375 0.17343750000000002 0.22031250000000002
3 0.08671875000000001 0.0765625 0.17343750000000002 0.153125
