3 0.9476562500000001 0.7507812500000001 0.09531250000000001 0.0890625
3 0.9359375000000001 0.6359375 0.11875000000000001 0.084375
3 0.8875000000000001 0.18828125 0.043750000000000004 0.0703125
3 0.8203125 0.1375 0.059375000000000004 0.034375
3 0.9421875000000001 0.17421875 0.115625 0.06406250000000001
3 0.5703125 0.19765625 0.03125 0.0390625
3 0.04453125 0.029687500000000002 0.0765625 0.059375000000000004
3 0.18515625000000002 0.037500000000000006 0.0671875 0.05625
3 0.0765625 0.32109375 0.06875 0.0484375
3 0.078125 0.62421875 0.040625 0.0421875
3 0.0671875 0.6890625 0.043750000000000004 0.043750000000000004
3 0.7375 0.48828125 0.059375000000000004 0.045312500000000006
3 0.4625 0.38125000000000003 0.05 0.028125
7 0.775 0.9375 0.12812500000000002 0.053125000000000006
7 0.94140625 0.8968750000000001 0.1046875 0.0625
