5 0.67109375 0.0734375 0.2390625 0.14375000000000002
5 0.47578125000000004 0.032031250000000004 0.23593750000000002 0.06406250000000001
5 0.9304687500000001 0.16015625 0.1234375 0.2078125
3 0.93359375 0.13125 0.09531250000000001 0.08125
3 0.6976562500000001 0.07734375 0.1171875 0.0921875
3 0.10859375 0.47421875 0.09843750000000001 0.06406250000000001
4 0.09375 0.91171875 0.10312500000000001 0.1296875
3 0.15781250000000002 0.21171875 0.12812500000000002 0.06406250000000001
3 0.69140625 0.31875000000000003 0.1796875 0.037500000000000006
3 0.35781250000000003 0.31171875000000004 0.05625 0.0765625
3 0.509375 0.14140625 0.09375 0.035937500000000004
3 0.28750000000000003 0.07500000000000001 0.096875 0.03125
3 0.89375 0.029687500000000002 0.037500000000000006 0.034375
3 0.48828125 0.39453125 0.0671875 0.0328125
