7 0.10390625 0.32109375 0.1609375 0.1203125
7 0.29531250000000003 0.52578125 0.359375 0.3515625
7 0.7835937500000001 0.3953125 0.2765625 0.203125
7 0.45 0.5078125 0.146875 0.140625
7 0.43203125000000003 0.35234375 0.2734375 0.2671875
7 0.56640625 0.32734375000000004 0.1546875 0.1453125
7 0.6257812500000001 0.40859375000000003 0.0671875 0.051562500000000004
7 0.6882812500000001 0.2671875 0.0921875 0.07187500000000001
3 0.7484375000000001 0.78515625 0.10625000000000001 0.0703125
3 0.10234375000000001 0.18281250000000002 0.20468750000000002 0.215625
3 0.11953125 0.7195312500000001 0.1390625 0.1640625
3 0.18906250000000002 0.66328125 0.20625000000000002 0.21406250000000002
3 0.81953125 0.6273437500000001 0.060937500000000006 0.0421875
3 0.98984375 0.5593750000000001 0.0203125 0.028125
7 0.9789062500000001 0.5796875 0.0421875 0.065625
7 0.33203125 0.09140625000000001 0.1390625 0.1265625
3 0.48281250000000003 0.060937500000000006 0.09375 0.07187500000000001
3 0.703125 0.1203125 0.12812500000000002 0.134375
