4 0.6796875 0.8148437500000001 0.240625 0.1546875
4 0.9171875 0.31484375000000003 0.16562500000000002 0.4859375
4 0.56484375 0.19921875 0.5203125000000001 0.3984375
5 0.3296875 0.7609375 0.325 0.278125
4 0.36250000000000004 0.3296875 0.053125000000000006 0.084375
5 0.6265625 0.46328125000000003 0.0625 0.0390625
3 0.36640625000000004 0.728125 0.06406250000000001 0.08125
3 0.4453125 0.6671875 0.05 0.053125000000000006
3 0.64375 0.153125 0.08125 0.08125
3 0.659375 0.3203125 0.021875000000000002 0.028125
3 0.609375 0.2671875 0.078125 0.040625
3 0.51484375 0.09765625 0.13593750000000002 0.1203125
3 0.40625 0.07734375 0.07500000000000001 0.0703125
3 0.90234375 0.45156250000000003 0.051562500000000004 0.053125000000000006
3 0.91015625 0.5234375 0.0421875 0.018750000000000003
3 0.9554687500000001 0.14296875 0.0859375 0.1390625
3 0.421875 0.58203125 0.07187500000000001 0.0703125
3 0.5046875000000001 0.5984375000000001 0.034375 0.028125
3 0.71796875 0.81015625 0.1078125 0.035937500000000004
3 0.6015625 0.8054687500000001 0.025 0.029687500000000002
