7 0.1875 0.0859375 0.1375 0.15625
7 0.32656250000000003 0.21640625000000002 0.06875 0.029687500000000002
7 0.30625 0.30312500000000003 0.1875 0.078125
7 0.1265625 0.4453125 0.11875000000000001 0.125
7 0.43828125 0.43671875000000004 0.16718750000000002 0.0890625
7 0.63046875 0.31093750000000003 0.1328125 0.08750000000000001
7 0.40156250000000004 0.58359375 0.290625 0.11406250000000001
7 0.5734375 0.625 0.046875 0.037500000000000006
3 0.6882812500000001 0.7132812500000001 0.060937500000000006 0.029687500000000002
3 0.23984375000000002 0.47578125000000004 0.0921875 0.0328125
3 0.3171875 0.41718750000000004 0.19375 0.03125
3 0.8835937500000001 0.44296875 0.1015625 0.035937500000000004
3 0.12109375 0.23671875 0.060937500000000006 0.0484375
7 0.08281250000000001 0.06953125 0.084375 0.0390625
