7 0.26015625000000003 0.6703125000000001 0.1421875 0.078125
7 0.70234375 0.28203125 0.0734375 0.060937500000000006
3 0.69921875 0.27734375 0.035937500000000004 0.029687500000000002
3 0.5015625 0.21484375 0.059375000000000004 0.0671875
3 0.60703125 0.209375 0.0578125 0.05625
3 0.61484375 0.6882812500000001 0.0703125 0.0328125
3 0.59140625 0.81171875 0.0859375 0.0703125
3 0.73984375 0.59609375 0.0703125 0.060937500000000006
3 0.2921875 0.796875 0.13125 0.040625
3 0.059375000000000004 0.3140625 0.11875000000000001 0.1
3 0.08281250000000001 0.546875 0.084375 0.059375000000000004
3 0.41796875 0.27578125000000003 0.045312500000000006 0.0234375
