3 0.22734375 0.27421875 0.07968750000000001 0.09531250000000001
4 0.17265625 0.20234375000000002 0.2671875 0.3171875
3 0.215625 0.38359375 0.053125000000000006 0.0546875
3 0.11328125 0.18515625000000002 0.07968750000000001 0.0921875
4 0.728125 0.07421875 0.22812500000000002 0.1484375
3 0.79296875 0.05078125 0.035937500000000004 0.045312500000000006
3 0.67578125 0.1046875 0.09843750000000001 0.08125
4 0.4609375 0.33359375 0.18125000000000002 0.1953125
4 0.584375 0.30546875 0.12812500000000002 0.18281250000000002
3 0.4609375 0.2984375 0.043750000000000004 0.03125
3 0.51171875 0.278125 0.035937500000000004 0.037500000000000006
3 0.51171875 0.35859375000000004 0.0390625 0.035937500000000004
3 0.57578125 0.35546875 0.035937500000000004 0.06406250000000001
3 0.37890625 0.48281250000000003 0.0890625 0.046875
3 0.5140625 0.46796875000000004 0.053125000000000006 0.0671875
3 0.7054687500000001 0.44453125000000004 0.11093750000000001 0.0546875
4 0.8890625000000001 0.18046875 0.15000000000000002 0.18906250000000002
3 0.58203125 0.91953125 0.1171875 0.0671875
3 0.24296875 0.5546875 0.0859375 0.025
3 0.37421875000000004 0.54609375 0.0921875 0.0328125
