4 0.625 0.06328125 0.75 0.1265625
3 0.9812500000000001 0.051562500000000004 0.037500000000000006 0.10312500000000001
4 0.728125 0.29531250000000003 0.5437500000000001 0.25625000000000003
3 0.19765625 0.51328125 0.3953125 0.42031250000000003
3 0.13828125 0.7859375000000001 0.2703125 0.146875
3 0.43203125000000003 0.921875 0.47968750000000004 0.15625
3 0.87421875 0.6898437500000001 0.2265625 0.1296875
3 0.87265625 0.2546875 0.2546875 0.15937500000000002
3 0.32734375000000004 0.16484375 0.09843750000000001 0.1171875
3 0.4546875 0.57578125 0.209375 0.3484375
