7 0.68671875 0.22890625 0.1046875 0.1453125
7 0.7976562500000001 0.18281250000000002 0.16718750000000002 0.096875
7 0.3921875 0.50546875 0.153125 0.1765625
7 0.4625 0.37890625 0.10625000000000001 0.19843750000000002
7 0.60859375 0.603125 0.23593750000000002 0.11875000000000001
3 0.85546875 0.7820312500000001 0.0484375 0.0484375
3 0.33203125 0.8609375 0.0703125 0.06875
3 0.9710937500000001 0.690625 0.051562500000000004 0.10625000000000001
3 0.7328125000000001 0.8812500000000001 0.05625 0.07187500000000001
3 0.6921875000000001 0.92890625 0.053125000000000006 0.029687500000000002
3 0.6937500000000001 0.95703125 0.06875 0.029687500000000002
3 0.7390625000000001 0.9859375 0.065625 0.015625
3 0.6609375000000001 0.9875 0.025 0.018750000000000003
3 0.88984375 0.94296875 0.06406250000000001 0.029687500000000002
7 0.3921875 0.18281250000000002 0.084375 0.059375000000000004
