3 0.7820312500000001 0.36250000000000004 0.1609375 0.12187500000000001
3 0.9765625 0.7523437500000001 0.043750000000000004 0.1296875
7 0.4890625 0.6429687500000001 0.125 0.3140625
7 0.7898437500000001 0.815625 0.0765625 0.15000000000000002
7 0.665625 0.8445312500000001 0.05 0.08281250000000001
7 0.60546875 0.67109375 0.0859375 0.30781250000000004
3 0.571875 0.59609375 0.053125000000000006 0.1328125
3 0.1796875 0.88828125 0.16875 0.0765625
3 0.0140625 0.80390625 0.028125 0.0421875
7 0.81171875 0.9734375000000001 0.0703125 0.053125000000000006
7 0.6468750000000001 0.9625 0.1125 0.07500000000000001
7 0.47421875 0.8984375 0.08281250000000001 0.07500000000000001
3 0.46015625000000004 0.97265625 0.06406250000000001 0.0546875
7 0.37265625 0.853125 0.08281250000000001 0.05
3 0.03125 0.2671875 0.0625 0.03125
