7 0.38593750000000004 0.421875 0.1125 0.26875
7 0.5710937500000001 0.50625 0.1484375 0.07187500000000001
7 0.32421875 0.6531250000000001 0.1328125 0.12187500000000001
7 0.6515625 0.7039062500000001 0.19687500000000002 0.0671875
7 0.48359375000000004 0.6625000000000001 0.0921875 0.05625
7 0.41250000000000003 0.6421875 0.037500000000000006 0.040625
7 0.4265625 0.74609375 0.06875 0.035937500000000004
7 0.41015625 0.8375 0.1203125 0.07500000000000001
7 0.28750000000000003 0.83515625 0.10625000000000001 0.0703125
3 0.509375 0.7984375 0.065625 0.053125000000000006
