3 0.11015625000000001 0.9296875 0.1015625 0.043750000000000004
3 0.1015625 0.85859375 0.07500000000000001 0.0390625
3 0.13593750000000002 0.5859375 0.12812500000000002 0.07187500000000001
3 0.23203125000000002 0.6429687500000001 0.029687500000000002 0.051562500000000004
7 0.45546875000000003 0.6234375000000001 0.1703125 0.12187500000000001
7 0.39921875 0.55859375 0.13593750000000002 0.06406250000000001
7 0.6296875000000001 0.55625 0.12812500000000002 0.053125000000000006
7 0.6515625 0.45156250000000003 0.09375 0.078125
7 0.43281250000000004 0.46875 0.10312500000000001 0.078125
7 0.5453125 0.30859375 0.1625 0.22031250000000002
7 0.034375 0.5234375 0.06875 0.09062500000000001
3 0.3609375 0.8421875000000001 0.05625 0.018750000000000003
3 0.58359375 0.84296875 0.0484375 0.045312500000000006
