3 0.58515625 0.09140625000000001 0.1390625 0.051562500000000004
3 0.6625000000000001 0.15234375 0.065625 0.08281250000000001
3 0.8343750000000001 0.171875 0.07500000000000001 0.07187500000000001
3 0.8734375000000001 0.25078125 0.109375 0.0703125
3 0.7609375 0.30078125 0.06875 0.035937500000000004
3 0.8890625000000001 0.31953125000000004 0.07500000000000001 0.060937500000000006
3 0.7914062500000001 0.36953125000000003 0.1453125 0.035937500000000004
2 0.95234375 0.34375 0.09531250000000001 0.059375000000000004
3 0.89609375 0.05859375 0.026562500000000003 0.0328125
3 0.8343750000000001 0.09609375 0.025 0.0171875
2 0.7601562500000001 0.23750000000000002 0.13593750000000002 0.096875
2 0.5953125 0.32343750000000004 0.059375000000000004 0.037500000000000006
2 0.38515625000000003 0.30000000000000004 0.09843750000000001 0.08750000000000001
2 0.496875 0.2859375 0.037500000000000006 0.06875
2 0.5578125 0.26328125 0.08750000000000001 0.06406250000000001
3 0.446875 0.5125000000000001 0.096875 0.05625
3 0.56484375 0.44453125000000004 0.11406250000000001 0.1015625
3 0.31093750000000003 0.49453125000000003 0.115625 0.08281250000000001
3 0.35468750000000004 0.6882812500000001 0.065625 0.051562500000000004
3 0.47890625000000003 0.7140625 0.11406250000000001 0.053125000000000006
3 0.5296875 0.5789062500000001 0.15937500000000002 0.1234375
3 0.43984375000000003 0.6257812500000001 0.0390625 0.0484375
3 0.67578125 0.6312500000000001 0.051562500000000004 0.037500000000000006
3 0.7734375 0.6843750000000001 0.0625 0.065625
2 0.8929687500000001 0.671875 0.0921875 0.059375000000000004
3 0.83984375 0.6585937500000001 0.026562500000000003 0.026562500000000003
3 0.90390625 0.62890625 0.0328125 0.029687500000000002
3 0.83984375 0.59296875 0.16718750000000002 0.0859375
3 0.71484375 0.49843750000000003 0.09531250000000001 0.209375
3 0.81640625 0.484375 0.1078125 0.12812500000000002
3 0.828125 0.8640625000000001 0.0625 0.043750000000000004
3 0.89453125 0.753125 0.1046875 0.046875
3 0.9375 0.8328125000000001 0.05625 0.096875
