3 0.21640625000000002 0.36250000000000004 0.1609375 0.12187500000000001
3 0.021875000000000002 0.7523437500000001 0.043750000000000004 0.1296875
7 0.509375 0.6429687500000001 0.125 0.3140625
7 0.20859375000000002 0.815625 0.0765625 0.15000000000000002
7 0.3328125 0.8445312500000001 0.05 0.08281250000000001
7 0.39375000000000004 0.67109375 0.08750000000000001 0.30781250000000004
3 0.4265625 0.59609375 0.053125000000000006 0.1328125
3 0.8187500000000001 0.88828125 0.16875 0.0765625
3 0.9851562500000001 0.80390625 0.029687500000000002 0.0421875
7 0.18671875000000002 0.9734375000000001 0.0703125 0.053125000000000006
7 0.3515625 0.9625 0.1125 0.07500000000000001
7 0.5242187500000001 0.8984375 0.08281250000000001 0.07500000000000001
3 0.53828125 0.97265625 0.06406250000000001 0.0546875
7 0.6257812500000001 0.853125 0.08281250000000001 0.05
3 0.96796875 0.2671875 0.06406250000000001 0.03125
