7 0.85546875 0.2421875 0.1796875 0.16562500000000002
7 0.9750000000000001 0.11796875000000001 0.05 0.11093750000000001
7 0.7453125 0.39765625000000004 0.1125 0.07968750000000001
7 0.30234375 0.7210937500000001 0.2734375 0.1390625
7 0.30078125 0.8953125000000001 0.27968750000000003 0.209375
7 0.51328125 0.83203125 0.1015625 0.2703125
7 0.6328125 0.8054687500000001 0.05 0.1453125
7 0.66953125 0.7820312500000001 0.06406250000000001 0.1171875
7 0.9929687500000001 0.7742187500000001 0.0140625 0.1453125
3 0.92109375 0.6960937500000001 0.1328125 0.06406250000000001
7 0.8679687500000001 0.9382812500000001 0.09843750000000001 0.1234375
7 0.7367187500000001 0.775 0.06406250000000001 0.07187500000000001
3 0.44140625 0.6039062500000001 0.07968750000000001 0.06406250000000001
3 0.56015625 0.6273437500000001 0.0484375 0.0421875
3 0.55625 0.55703125 0.05625 0.0421875
3 0.36484375 0.5515625000000001 0.0328125 0.09062500000000001
7 0.41953125 0.25234375000000003 0.0328125 0.1015625
3 0.45937500000000003 0.259375 0.037500000000000006 0.078125
7 0.67578125 0.9859375 0.09531250000000001 0.028125
3 0.13515625 0.5437500000000001 0.0546875 0.065625
3 0.5109375 0.22031250000000002 0.03125 0.05625
