4 0.04609375 0.5906250000000001 0.08281250000000001 0.046875
4 0.032031250000000004 0.5015625 0.06406250000000001 0.084375
3 0.022656250000000003 0.253125 0.045312500000000006 0.028125
3 0.030468750000000003 0.15156250000000002 0.029687500000000002 0.028125
3 0.16171875000000002 0.4421875 0.045312500000000006 0.053125000000000006
3 0.18515625000000002 0.096875 0.0421875 0.025
3 0.38125000000000003 0.2015625 0.059375000000000004 0.03125
3 0.45546875000000003 0.2671875 0.035937500000000004 0.025
3 0.36171875000000003 0.084375 0.0671875 0.043750000000000004
3 0.53515625 0.6414062500000001 0.035937500000000004 0.029687500000000002
3 0.48671875000000003 0.634375 0.026562500000000003 0.015625
3 0.53828125 0.59609375 0.060937500000000006 0.0484375
3 0.58515625 0.55859375 0.0390625 0.029687500000000002
3 0.47734375 0.6468750000000001 0.035937500000000004 0.021875000000000002
3 0.5281250000000001 0.7859375000000001 0.040625 0.034375
3 0.5593750000000001 0.76875 0.037500000000000006 0.03125
7 0.61484375 0.5945312500000001 0.0703125 0.045312500000000006
7 0.5242187500000001 0.6414062500000001 0.1078125 0.0671875
3 0.30078125 0.61484375 0.0671875 0.045312500000000006
3 0.36250000000000004 0.62421875 0.08125 0.0484375
3 0.39609375 0.69296875 0.0578125 0.051562500000000004
3 0.5703125 0.67890625 0.03125 0.029687500000000002
3 0.609375 0.69921875 0.028125 0.0171875
3 0.73203125 0.49609375 0.0421875 0.0234375
3 0.9921875 0.81953125 0.015625 0.0203125
3 0.8203125 0.90625 0.021875000000000002 0.015625
3 0.7640625000000001 0.828125 0.05 0.034375
7 0.9812500000000001 0.6000000000000001 0.037500000000000006 0.053125000000000006
3 0.815625 0.978125 0.028125 0.018750000000000003
3 0.759375 0.79453125 0.03125 0.0203125
3 0.7976562500000001 0.73984375 0.045312500000000006 0.0328125
3 0.77890625 0.6843750000000001 0.0671875 0.05625
3 0.828125 0.70234375 0.028125 0.0234375
3 0.7507812500000001 0.89375 0.06406250000000001 0.053125000000000006
