4 0.57421875 0.29531250000000003 0.5515625000000001 0.23750000000000002
4 0.30000000000000004 0.56875 0.328125 0.225
4 0.06796875000000001 0.4609375 0.1265625 0.1
4 0.060937500000000006 0.59140625 0.12187500000000001 0.1546875
4 0.8601562500000001 0.775 0.22031250000000002 0.1625
4 0.35390625000000003 0.9070312500000001 0.17343750000000002 0.1765625
4 0.10312500000000001 0.9226562500000001 0.17500000000000002 0.1546875
3 0.9453125 0.65390625 0.08125 0.051562500000000004
3 0.2625 0.6117187500000001 0.07187500000000001 0.08281250000000001
3 0.20625000000000002 0.525 0.10312500000000001 0.0625
3 0.3375 0.5234375 0.043750000000000004 0.043750000000000004
3 0.70625 0.353125 0.21250000000000002 0.1
7 0.42812500000000003 0.14609375 0.084375 0.0765625
3 0.5640625 0.62265625 0.10625000000000001 0.051562500000000004
3 0.47109375000000003 0.6359375 0.060937500000000006 0.053125000000000006
3 0.85703125 0.5578125 0.1640625 0.046875
3 0.078125 0.815625 0.1 0.046875
3 0.08750000000000001 0.6265625 0.040625 0.03125
3 0.01640625 0.5703125 0.0328125 0.09375
7 0.296875 0.19921875 0.07500000000000001 0.0484375
