7 0.8148437500000001 0.8070312500000001 0.1296875 0.09843750000000001
7 0.61640625 0.30312500000000003 0.1328125 0.19375
7 0.48046875 0.3953125 0.1328125 0.15000000000000002
7 0.55390625 0.55625 0.2734375 0.12812500000000002
7 0.3875 0.68125 0.225 0.25
7 0.52265625 0.7671875 0.1390625 0.07500000000000001
7 0.640625 0.8523437500000001 0.1125 0.0671875
7 0.5789062500000001 0.67109375 0.0921875 0.07968750000000001
3 0.6218750000000001 0.67109375 0.03125 0.0484375
7 0.17734375000000002 0.9281250000000001 0.1640625 0.1375
7 0.34140625 0.9187500000000001 0.07968750000000001 0.11875000000000001
7 0.5945312500000001 0.9734375000000001 0.1546875 0.05
3 0.78125 0.9921875 0.028125 0.0125
3 0.9859375 0.8984375 0.028125 0.03125
3 0.19765625 0.5953125 0.045312500000000006 0.021875000000000002
7 0.11093750000000001 0.58125 0.043750000000000004 0.025
7 0.19765625 0.45859375 0.0546875 0.0546875
3 0.775 0.38515625000000003 0.09062500000000001 0.045312500000000006
3 0.55703125 0.0859375 0.0859375 0.040625
3 0.64453125 0.06484375 0.0703125 0.026562500000000003
