7 0.34687500000000004 0.946875 0.10625000000000001 0.1
7 0.42265625 0.9632812500000001 0.029687500000000002 0.0328125
7 0.1484375 0.8679687500000001 0.10312500000000001 0.0578125
7 0.24140625000000002 0.7898437500000001 0.3453125 0.09531250000000001
7 0.24531250000000002 0.8539062500000001 0.09062500000000001 0.0390625
7 0.6648437500000001 0.55234375 0.1859375 0.08281250000000001
7 0.5398437500000001 0.34687500000000004 0.15156250000000002 0.153125
7 0.60859375 0.41953125 0.1234375 0.09531250000000001
7 0.4859375 0.1953125 0.31562500000000004 0.15000000000000002
7 0.21640625000000002 0.23046875 0.1796875 0.0703125
7 0.25859375 0.47187500000000004 0.0765625 0.09062500000000001
7 0.37031250000000004 0.48515625 0.08125 0.0703125
7 0.6351562500000001 0.8421875000000001 0.0328125 0.03125
7 0.8718750000000001 0.50625 0.10625000000000001 0.053125000000000006
3 0.41718750000000004 0.38046875 0.046875 0.029687500000000002
