3 0.5859375 0.1484375 0.0625 0.078125
3 0.63046875 0.52265625 0.1265625 0.11406250000000001
3 0.59765625 0.39375000000000004 0.07968750000000001 0.15625
3 0.31093750000000003 0.43125 0.08125 0.12187500000000001
3 0.35625 0.609375 0.065625 0.05
3 0.26484375 0.66953125 0.0859375 0.15781250000000002
3 0.41875 0.134375 0.109375 0.146875
3 0.31171875000000004 0.18984375 0.0703125 0.08281250000000001
3 0.09843750000000001 0.11015625000000001 0.08750000000000001 0.1203125
3 0.06328125 0.87109375 0.1265625 0.18906250000000002
3 0.018750000000000003 0.2078125 0.03125 0.08125
3 0.053125000000000006 0.42031250000000003 0.053125000000000006 0.10625000000000001
3 0.5265625 0.403125 0.07500000000000001 0.19375
3 0.34296875000000004 0.6804687500000001 0.0703125 0.060937500000000006
3 0.45625000000000004 0.44296875 0.05 0.1046875
3 0.48046875 0.20859375000000002 0.0890625 0.09843750000000001
