7 0.5007812500000001 0.48750000000000004 0.22031250000000002 0.38125000000000003
7 0.22421875000000002 0.1015625 0.1078125 0.14375000000000002
7 0.48281250000000003 0.85859375 0.23125 0.2328125
7 0.278125 0.5015625 0.11875000000000001 0.09062500000000001
7 0.2328125 0.61875 0.109375 0.134375
7 0.19687500000000002 0.29765625 0.08750000000000001 0.1203125
7 0.030468750000000003 0.74921875 0.060937500000000006 0.0671875
3 0.5890625 0.43203125000000003 0.043750000000000004 0.045312500000000006
7 0.7171875000000001 0.18046875 0.1 0.09531250000000001
3 0.5203125000000001 0.0703125 0.08125 0.08125
7 0.91328125 0.07734375 0.1546875 0.11093750000000001
7 0.28750000000000003 0.31328125 0.078125 0.1453125
