7 0.94296875 0.9546875 0.0921875 0.07187500000000001
7 0.91171875 0.7093750000000001 0.0703125 0.21250000000000002
7 0.8328125000000001 0.60859375 0.15625 0.1796875
3 0.89609375 0.61328125 0.0328125 0.051562500000000004
7 0.36250000000000004 0.8875000000000001 0.140625 0.203125
3 0.209375 0.8578125000000001 0.05625 0.09062500000000001
7 0.06328125 0.8015625000000001 0.1203125 0.07500000000000001
3 0.6140625000000001 0.7742187500000001 0.06875 0.0546875
7 0.259375 0.55078125 0.115625 0.060937500000000006
7 0.278125 0.65546875 0.059375000000000004 0.051562500000000004
7 0.27265625 0.71640625 0.0421875 0.0734375
7 0.11171875 0.340625 0.1453125 0.19062500000000002
3 0.07578125000000001 0.05625 0.06406250000000001 0.10625000000000001
7 0.7140625 0.11640625 0.059375000000000004 0.07968750000000001
3 0.8046875 0.36328125 0.0625 0.051562500000000004
7 0.8210937500000001 0.0578125 0.0734375 0.10312500000000001
7 0.8210937500000001 0.15703125 0.051562500000000004 0.06406250000000001
3 0.8984375 0.30078125 0.08125 0.0578125
4 0.9640625 0.146875 0.07187500000000001 0.19062500000000002
4 0.80234375 0.7585937500000001 0.045312500000000006 0.1015625
7 0.6257812500000001 0.18125000000000002 0.035937500000000004 0.05
