4 0.11796875000000001 0.3671875 0.15156250000000002 0.134375
4 0.3359375 0.13828125 0.140625 0.1328125
5 0.59296875 0.253125 0.2765625 0.21250000000000002
4 0.2078125 0.4421875 0.2 0.09375
5 0.3953125 0.6640625 0.309375 0.21250000000000002
5 0.60078125 0.7781250000000001 0.2390625 0.18125000000000002
5 0.6484375 0.56875 0.28125 0.17500000000000002
5 0.8125 0.3921875 0.096875 0.10312500000000001
3 0.878125 0.3140625 0.24375000000000002 0.053125000000000006
3 0.6234375000000001 0.70703125 0.084375 0.051562500000000004
3 0.19843750000000002 0.46640625 0.16562500000000002 0.029687500000000002
5 0.0734375 0.1046875 0.07500000000000001 0.115625
5 0.403125 0.40234375 0.1375 0.09531250000000001
