3 0.67578125 0.02421875 0.06406250000000001 0.0484375
3 0.92109375 0.50625 0.0859375 0.0625
3 0.4421875 0.45625000000000004 0.14375000000000002 0.096875
3 0.36250000000000004 0.48125 0.11875000000000001 0.07187500000000001
3 0.33203125 0.40625 0.0734375 0.07187500000000001
3 0.47968750000000004 0.65625 0.10625000000000001 0.07187500000000001
3 0.22968750000000002 0.54609375 0.059375000000000004 0.0484375
3 0.33906250000000004 0.5109375 0.03125 0.021875000000000002
3 0.2765625 0.55078125 0.025 0.0234375
3 0.27109375 0.6218750000000001 0.035937500000000004 0.021875000000000002
