3 0.6578125 0.9632812500000001 0.046875 0.0671875
3 0.7703125000000001 0.9578125000000001 0.084375 0.05
3 0.35781250000000003 0.77109375 0.05625 0.1015625
3 0.784375 0.58984375 0.05625 0.045312500000000006
3 0.83203125 0.5171875 0.0421875 0.08750000000000001
3 0.8796875000000001 0.7523437500000001 0.08125 0.051562500000000004
3 0.65 0.7171875000000001 0.1 0.05
7 0.35546875 0.54453125 0.035937500000000004 0.0546875
7 0.37343750000000003 0.640625 0.109375 0.140625
7 0.46406250000000004 0.62109375 0.053125000000000006 0.1015625
7 0.51328125 0.68515625 0.0765625 0.1296875
7 0.51484375 0.5945312500000001 0.0578125 0.0484375
7 0.70625 0.55234375 0.109375 0.1453125
7 0.5046875000000001 0.47109375000000003 0.059375000000000004 0.0703125
7 0.5578125 0.4421875 0.07500000000000001 0.15625
7 0.665625 0.434375 0.03125 0.034375
7 0.42031250000000003 0.4109375 0.059375000000000004 0.1125
7 0.37734375000000003 0.37109375 0.11093750000000001 0.08281250000000001
3 0.5765625 0.6640625 0.018750000000000003 0.034375
3 0.5945312500000001 0.5953125 0.026562500000000003 0.040625
