7 0.18515625000000002 0.93359375 0.1640625 0.1265625
7 0.34765625 0.8296875 0.1453125 0.109375
7 0.3765625 0.7375 0.30625 0.12812500000000002
7 0.2703125 0.5828125000000001 0.278125 0.15000000000000002
7 0.453125 0.54453125 0.15937500000000002 0.0859375
7 0.65625 0.40390625 0.15937500000000002 0.45156250000000003
7 0.8093750000000001 0.3765625 0.1375 0.371875
7 0.5203125000000001 0.053125000000000006 0.10625000000000001 0.09062500000000001
7 0.48828125 0.38515625000000003 0.18281250000000002 0.1265625
3 0.06875 0.34218750000000003 0.10312500000000001 0.046875
7 0.7078125000000001 0.74765625 0.1 0.0703125
3 0.775 0.8 0.12812500000000002 0.10625000000000001
3 0.77265625 0.634375 0.1203125 0.03125
3 0.7757812500000001 0.06015625 0.15781250000000002 0.1203125
3 0.8890625000000001 0.36953125000000003 0.09375 0.0390625
