7 0.11953125 0.4453125 0.1765625 0.153125
7 0.17890625000000002 0.23671875 0.09843750000000001 0.07968750000000001
3 0.09062500000000001 0.2828125 0.05625 0.043750000000000004
3 0.08203125 0.33828125000000003 0.0546875 0.0390625
3 0.02890625 0.27578125000000003 0.0578125 0.045312500000000006
7 0.2609375 0.1203125 0.35000000000000003 0.240625
7 0.19453125000000002 0.68125 0.2578125 0.21875
7 0.7210937500000001 0.41328125000000004 0.1921875 0.1234375
7 0.6484375 0.86328125 0.215625 0.1328125
7 0.68671875 0.73359375 0.13593750000000002 0.0921875
7 0.703125 0.6257812500000001 0.11875000000000001 0.1078125
7 0.49531250000000004 0.7109375 0.07187500000000001 0.046875
7 0.44921875 0.49765625 0.0734375 0.060937500000000006
3 0.7664062500000001 0.99765625 0.051562500000000004 0.004687500000000001
