7 0.49375 0.884375 0.1875 0.184375
7 0.665625 0.9242187500000001 0.07500000000000001 0.1171875
7 0.65546875 0.6648437500000001 0.0734375 0.0765625
7 0.75546875 0.759375 0.0703125 0.115625
7 0.23750000000000002 0.52265625 0.171875 0.1953125
7 0.3921875 0.5125000000000001 0.17500000000000002 0.07500000000000001
7 0.36796875 0.30625 0.1859375 0.1625
7 0.85859375 0.4578125 0.19843750000000002 0.096875
7 0.65546875 0.41250000000000003 0.2390625 0.078125
7 0.6375000000000001 0.203125 0.171875 0.078125
7 0.7117187500000001 0.065625 0.0859375 0.046875
7 0.9125000000000001 0.04296875 0.08125 0.0671875
7 0.8304687500000001 0.025 0.035937500000000004 0.03125
3 0.99140625 0.30625 0.0171875 0.03125
7 0.8367187500000001 0.28671875 0.1453125 0.0390625
3 0.8203125 0.36171875000000003 0.059375000000000004 0.045312500000000006
7 0.5984375000000001 0.49531250000000004 0.06875 0.043750000000000004
7 0.52265625 0.5703125 0.0484375 0.040625
