3 0.045312500000000006 0.03515625 0.08125 0.06406250000000001
3 0.025781250000000002 0.15937500000000002 0.0421875 0.084375
3 0.50703125 0.0578125 0.1046875 0.08750000000000001
3 0.5671875000000001 0.1546875 0.046875 0.240625
3 0.9656250000000001 0.17500000000000002 0.053125000000000006 0.134375
3 0.8718750000000001 0.4234375 0.10312500000000001 0.296875
7 0.21953125 0.23593750000000002 0.0765625 0.05625
7 0.1625 0.32343750000000004 0.078125 0.034375
7 0.22421875000000002 0.42500000000000004 0.18906250000000002 0.19375
7 0.37031250000000004 0.63984375 0.1 0.1609375
7 0.24531250000000002 0.6625000000000001 0.03125 0.084375
7 0.309375 0.72265625 0.037500000000000006 0.0765625
7 0.63203125 0.48359375000000004 0.2109375 0.5421875
7 0.690625 0.82578125 0.1125 0.2578125
7 0.4546875 0.6882812500000001 0.13125 0.3828125
3 0.33984375 0.8601562500000001 0.0734375 0.0890625
