3 0.36171875000000003 0.178125 0.0734375 0.09375
3 0.37421875000000004 0.55625 0.1421875 0.146875
3 0.38671875 0.421875 0.1015625 0.17500000000000002
3 0.6742187500000001 0.3828125 0.09843750000000001 0.140625
3 0.65546875 0.56953125 0.0734375 0.0671875
3 0.75390625 0.6039062500000001 0.1078125 0.1765625
3 0.5242187500000001 0.1203125 0.1296875 0.171875
3 0.63671875 0.1453125 0.08281250000000001 0.1
3 0.8343750000000001 0.040625 0.10312500000000001 0.08125
3 0.95234375 0.74765625 0.09531250000000001 0.22031250000000002
3 0.92578125 0.0859375 0.0421875 0.08750000000000001
3 0.9242187500000001 0.30312500000000003 0.0671875 0.11875000000000001
3 0.4578125 0.41250000000000003 0.10312500000000001 0.209375
3 0.67890625 0.6359375 0.0765625 0.078125
3 0.53359375 0.43203125000000003 0.06406250000000001 0.11406250000000001
3 0.47421875 0.20859375000000002 0.1015625 0.1203125
