7 0.42578125 0.3953125 0.17343750000000002 0.203125
7 0.28125 0.86875 0.08750000000000001 0.11875000000000001
7 0.16562500000000002 0.7796875000000001 0.084375 0.109375
7 0.3875 0.68359375 0.209375 0.16718750000000002
7 0.45625000000000004 0.74609375 0.096875 0.0703125
7 0.6171875 0.5789062500000001 0.225 0.1796875
7 0.6375000000000001 0.39140625 0.1375 0.0890625
7 0.6507812500000001 0.23046875 0.1484375 0.17343750000000002
7 0.671875 0.07578125000000001 0.11875000000000001 0.15156250000000002
7 0.8359375 0.31953125000000004 0.184375 0.1046875
7 0.26406250000000003 0.6273437500000001 0.240625 0.11406250000000001
7 0.42890625000000004 0.86640625 0.11093750000000001 0.13593750000000002
3 0.884375 0.565625 0.115625 0.08125
3 0.18359375 0.1171875 0.07968750000000001 0.025
3 0.1265625 0.07968750000000001 0.043750000000000004 0.040625
3 0.76953125 0.215625 0.0484375 0.059375000000000004
7 0.7742187500000001 0.215625 0.07968750000000001 0.08750000000000001
