7 0.37421875000000004 0.3375 0.1046875 0.140625
7 0.453125 0.6273437500000001 0.30000000000000004 0.15156250000000002
7 0.24375000000000002 0.83125 0.29375 0.296875
7 0.9789062500000001 0.57734375 0.0421875 0.060937500000000006
7 0.8734375000000001 0.68515625 0.253125 0.1703125
3 0.8054687500000001 0.59609375 0.09531250000000001 0.0390625
3 0.9 0.053125000000000006 0.1625 0.10625000000000001
3 0.9515625000000001 0.9734375000000001 0.096875 0.053125000000000006
3 0.12187500000000001 0.0546875 0.12812500000000002 0.05625
3 0.1640625 0.49375 0.034375 0.034375
