7 0.8890625000000001 0.13125 0.22187500000000002 0.153125
7 0.7890625 0.2765625 0.0625 0.059375000000000004
7 0.6726562500000001 0.29375 0.16718750000000002 0.15937500000000002
7 0.43125 0.21875 0.19687500000000002 0.12812500000000002
7 0.5546875 0.434375 0.171875 0.15000000000000002
7 0.78046875 0.5234375 0.15781250000000002 0.125
7 0.359375 0.4609375 0.246875 0.24375000000000002
7 0.37031250000000004 0.596875 0.0625 0.046875
3 0.3015625 0.7093750000000001 0.059375000000000004 0.053125000000000006
3 0.43359375 0.30859375 0.0734375 0.0765625
3 0.53515625 0.34218750000000003 0.11093750000000001 0.146875
3 0.7093750000000001 0.7468750000000001 0.08125 0.084375
3 0.6890625 0.1390625 0.08125 0.059375000000000004
7 0.88203125 0.05234375 0.07968750000000001 0.0734375
