4 0.57734375 0.146875 0.5640625 0.29375
4 0.51171875 0.6390625000000001 0.5390625 0.43125
4 0.64453125 0.92734375 0.32343750000000004 0.1453125
4 0.89765625 0.63203125 0.20468750000000002 0.47968750000000004
5 0.039843750000000004 0.9171875 0.07968750000000001 0.16562500000000002
3 0.76875 0.09843750000000001 0.1625 0.125
3 0.5750000000000001 0.1375 0.21875 0.275
3 0.5 0.509375 0.14375000000000002 0.13125
3 0.33125000000000004 0.5796875 0.134375 0.09062500000000001
3 0.22890625 0.68359375 0.035937500000000004 0.0859375
3 0.28046875 0.8375 0.09531250000000001 0.05
3 0.14453125 0.67578125 0.0671875 0.0859375
