7 0.6546875000000001 0.53046875 0.08125 0.1421875
5 0.8453125 0.53671875 0.30000000000000004 0.1484375
7 0.58828125 0.45390625 0.029687500000000002 0.0546875
7 0.5515625000000001 0.3671875 0.115625 0.11875000000000001
7 0.44765625000000003 0.3375 0.0484375 0.07500000000000001
7 0.42031250000000003 0.47421875 0.0625 0.1046875
7 0.50703125 0.54609375 0.09843750000000001 0.13593750000000002
3 0.4703125 0.6328125 0.05 0.078125
3 0.46406250000000004 0.6976562500000001 0.09375 0.051562500000000004
3 0.446875 0.21328125 0.025 0.07968750000000001
3 0.36250000000000004 0.31484375000000003 0.03125 0.06406250000000001
3 0.371875 0.36484375 0.040625 0.0234375
3 0.37734375000000003 0.0171875 0.0203125 0.034375
