4 0.53125 0.026562500000000003 0.525 0.053125000000000006
3 0.69921875 0.01015625 0.0921875 0.0203125
7 0.12265625000000001 0.48750000000000004 0.07968750000000001 0.17500000000000002
7 0.4390625 0.17890625000000002 0.115625 0.2171875
7 0.19843750000000002 0.2703125 0.1125 0.15937500000000002
7 0.20859375000000002 0.6156250000000001 0.09531250000000001 0.1625
7 0.03515625 0.890625 0.0703125 0.21875
7 0.1328125 0.90390625 0.146875 0.1921875
4 0.7093750000000001 0.5578125 0.3125 0.16562500000000002
3 0.82578125 0.5828125000000001 0.0390625 0.043750000000000004
