7 0.6742187500000001 0.8070312500000001 0.0671875 0.1078125
7 0.634375 0.74921875 0.040625 0.029687500000000002
7 0.7000000000000001 0.7359375 0.037500000000000006 0.015625
7 0.80390625 0.62421875 0.1796875 0.0734375
7 0.55703125 0.64765625 0.1765625 0.07968750000000001
7 0.6484375 0.68671875 0.043750000000000004 0.0234375
7 0.53046875 0.5476562500000001 0.11093750000000001 0.1015625
7 0.71640625 0.5234375 0.09531250000000001 0.046875
7 0.7507812500000001 0.46640625 0.11093750000000001 0.060937500000000006
7 0.56953125 0.2703125 0.1265625 0.11875000000000001
7 0.6265625 0.325 0.15000000000000002 0.08125
7 0.76328125 0.16015625 0.16718750000000002 0.1328125
7 0.61484375 0.1 0.13593750000000002 0.134375
