2 0.31875000000000003 0.58984375 0.125 0.09531250000000001
2 0.5875 0.11875000000000001 0.096875 0.10625000000000001
2 0.465625 0.05234375 0.05 0.0484375
2 0.47421875 0.12890625 0.0328125 0.045312500000000006
3 0.225 0.3515625 0.025 0.0625
3 0.45390625 0.29375 0.0421875 0.10312500000000001
3 0.215625 0.6640625 0.07187500000000001 0.0625
3 0.9421875000000001 0.37109375 0.025 0.035937500000000004
3 0.98828125 0.6109375 0.0171875 0.046875
3 0.6101562500000001 0.59375 0.0234375 0.018750000000000003
2 0.2578125 0.178125 0.037500000000000006 0.034375
2 0.20859375000000002 0.290625 0.0390625 0.053125000000000006
3 0.35859375000000004 0.48671875000000003 0.0484375 0.060937500000000006
3 0.33515625000000004 0.39375000000000004 0.0234375 0.046875
3 0.20234375000000002 0.775 0.0421875 0.09062500000000001
