7 0.7546875000000001 0.81796875 0.19375 0.2578125
3 0.884375 0.76953125 0.05 0.060937500000000006
7 0.8671875 0.91015625 0.05625 0.0765625
7 0.41875 0.503125 0.15000000000000002 0.1875
3 0.29921875000000003 0.36328125 0.0671875 0.0859375
7 0.5554687500000001 0.36953125000000003 0.1421875 0.1703125
7 0.846875 0.5359375000000001 0.059375000000000004 0.078125
3 0.140625 0.19453125000000002 0.08125 0.11406250000000001
7 0.48984375 0.10625000000000001 0.0765625 0.109375
7 0.59609375 0.13359375 0.1234375 0.1640625
7 0.59296875 0.6414062500000001 0.07968750000000001 0.11093750000000001
7 0.7351562500000001 0.953125 0.09531250000000001 0.09375
