7 0.47890625000000003 0.34609375000000003 0.2765625 0.23593750000000002
7 0.8171875000000001 0.19140625 0.35625 0.1546875
4 0.8851562500000001 0.07187500000000001 0.17343750000000002 0.14375000000000002
4 0.71640625 0.09296875 0.2484375 0.1015625
4 0.13593750000000002 0.049218750000000006 0.27187500000000003 0.0734375
3 0.2484375 0.27968750000000003 0.05 0.03125
3 0.30546875 0.6140625000000001 0.051562500000000004 0.078125
3 0.16796875 0.7578125 0.0703125 0.037500000000000006
7 0.43515625 0.6687500000000001 0.34218750000000003 0.08750000000000001
7 0.51796875 0.9203125000000001 0.11093750000000001 0.065625
