3 0.23671875 0.3203125 0.0734375 0.05625
3 0.384375 0.30234375 0.171875 0.0703125
3 0.42734375 0.390625 0.17343750000000002 0.043750000000000004
3 0.12578125 0.7734375 0.2515625 0.078125
3 0.19453125000000002 0.6453125000000001 0.19843750000000002 0.09375
3 0.32890625 0.72421875 0.09531250000000001 0.035937500000000004
3 0.26796875000000003 0.81796875 0.1546875 0.1203125
3 0.47109375000000003 0.7515625 0.1203125 0.12187500000000001
3 0.70859375 0.48359375000000004 0.17343750000000002 0.0671875
3 0.609375 0.6570312500000001 0.153125 0.1453125
3 0.640625 0.7742187500000001 0.09062500000000001 0.0671875
3 0.29531250000000003 0.53515625 0.1375 0.045312500000000006
3 0.73359375 0.43515625 0.0578125 0.0171875
3 0.6765625000000001 0.57578125 0.1125 0.0328125
