7 0.67734375 0.55625 0.1234375 0.275
3 0.7273437500000001 0.4390625 0.1421875 0.10312500000000001
7 0.446875 0.24453125 0.25 0.1234375
3 0.35000000000000003 0.275 0.06875 0.034375
3 0.23593750000000002 0.27109375 0.037500000000000006 0.035937500000000004
3 0.0625 0.27968750000000003 0.018750000000000003 0.15937500000000002
3 0.146875 0.27421875 0.05 0.035937500000000004
3 0.21953125 0.4859375 0.1078125 0.053125000000000006
3 0.2609375 0.43046875 0.059375000000000004 0.0234375
3 0.41171875 0.44609375 0.1203125 0.0390625
3 0.021875000000000002 0.21250000000000002 0.043750000000000004 0.15000000000000002
7 0.5234375 0.06015625 0.10312500000000001 0.1203125
7 0.40234375 0.1078125 0.0328125 0.11875000000000001
7 0.45156250000000003 0.07968750000000001 0.037500000000000006 0.08125
3 0.8109375000000001 0.52890625 0.09062500000000001 0.1609375
5 0.47421875 0.33046875000000003 0.15781250000000002 0.1015625
5 0.6125 0.5242187500000001 0.09062500000000001 0.1703125
5 0.7507812500000001 0.49140625000000004 0.1953125 0.2390625
