3 0.25 0.6828125 0.16875 0.15000000000000002
3 0.40625 0.8671875 0.1 0.14375000000000002
3 0.578125 0.8812500000000001 0.17500000000000002 0.23750000000000002
3 0.11484375000000001 0.33828125000000003 0.0921875 0.1390625
3 0.47578125000000004 0.12890625 0.1703125 0.0890625
3 0.659375 0.6820312500000001 0.5 0.2609375
3 0.73203125 0.51015625 0.0765625 0.0421875
3 0.9343750000000001 0.703125 0.13125 0.25625000000000003
3 0.022656250000000003 0.25703125 0.045312500000000006 0.0890625
3 0.20078125000000002 0.21875 0.1265625 0.07187500000000001
2 0.049218750000000006 0.96796875 0.09843750000000001 0.06406250000000001
7 0.0484375 0.8296875 0.096875 0.109375
