3 0.38359375 0.1171875 0.07968750000000001 0.146875
3 0.9765625 0.375 0.046875 0.065625
3 0.8 0.19453125000000002 0.14375000000000002 0.0703125
7 0.37890625 0.4390625 0.051562500000000004 0.078125
7 0.40546875000000004 0.30390625000000004 0.1546875 0.2015625
7 0.53359375 0.33046875000000003 0.0765625 0.1453125
7 0.60546875 0.23984375000000002 0.11093750000000001 0.1859375
7 0.60703125 0.36875 0.08281250000000001 0.06875
7 0.88046875 0.42890625000000004 0.1546875 0.2078125
7 0.59296875 0.546875 0.0859375 0.1
7 0.66953125 0.5875 0.1078125 0.225
7 0.8226562500000001 0.596875 0.045312500000000006 0.046875
7 0.47265625 0.63046875 0.08281250000000001 0.1609375
7 0.4109375 0.6875 0.15937500000000002 0.11875000000000001
3 0.6953125 0.26953125 0.028125 0.051562500000000004
3 0.721875 0.36796875 0.037500000000000006 0.0546875
