3 0.09062500000000001 0.4703125 0.1375 0.07187500000000001
3 0.36796875 0.44609375 0.051562500000000004 0.0734375
3 0.20468750000000002 0.38828125 0.178125 0.0421875
3 0.34765625 0.33359375 0.1234375 0.0390625
3 0.20468750000000002 0.31171875000000004 0.053125000000000006 0.0203125
3 0.45859375 0.30234375 0.0578125 0.035937500000000004
3 0.45 0.38906250000000003 0.025 0.03125
3 0.63828125 0.31875000000000003 0.0671875 0.046875
3 0.27109375 0.7734375 0.09531250000000001 0.034375
3 0.215625 0.7054687500000001 0.03125 0.045312500000000006
3 0.34140625 0.759375 0.0328125 0.040625
3 0.26406250000000003 0.9789062500000001 0.1125 0.0421875
3 0.19687500000000002 0.94296875 0.03125 0.029687500000000002
3 0.022656250000000003 0.78515625 0.035937500000000004 0.0421875
3 0.57734375 0.9375 0.045312500000000006 0.043750000000000004
3 0.9398437500000001 0.72578125 0.029687500000000002 0.0703125
3 0.7367187500000001 0.59296875 0.035937500000000004 0.0484375
3 0.53046875 0.515625 0.0484375 0.053125000000000006
3 0.9539062500000001 0.44765625000000003 0.0921875 0.0390625
3 0.153125 0.77109375 0.053125000000000006 0.0421875
3 0.11953125 0.81953125 0.0421875 0.0234375
3 0.765625 0.5109375 0.040625 0.03125
3 0.0765625 0.16171875000000002 0.018750000000000003 0.026562500000000003
3 0.0125 0.22968750000000002 0.021875000000000002 0.034375
3 0.40234375 0.043750000000000004 0.0328125 0.025
