7 0.39375000000000004 0.2328125 0.2 0.134375
5 0.9859375 0.6171875 0.028125 0.1375
7 0.20859375000000002 0.77734375 0.22031250000000002 0.1953125
7 0.140625 0.6859375000000001 0.09062500000000001 0.065625
7 0.05078125 0.5953125 0.1015625 0.09062500000000001
7 0.14453125 0.5375 0.1390625 0.1
7 0.2578125 0.53359375 0.1375 0.11406250000000001
3 0.21171875 0.5921875 0.060937500000000006 0.046875
3 0.15156250000000002 0.6328125 0.053125000000000006 0.037500000000000006
7 0.675 0.43593750000000003 0.209375 0.178125
7 0.8968750000000001 0.57578125 0.078125 0.0734375
5 0.98984375 0.44140625 0.0203125 0.0703125
3 0.9070312500000001 0.45078125 0.07968750000000001 0.0484375
3 0.8367187500000001 0.46796875000000004 0.060937500000000006 0.0390625
3 0.90390625 0.4 0.0671875 0.043750000000000004
