7 0.57265625 0.039843750000000004 0.2265625 0.07968750000000001
7 0.7125 0.045312500000000006 0.12187500000000001 0.09062500000000001
7 0.4296875 0.37343750000000003 0.25625000000000003 0.34375
7 0.6078125000000001 0.2984375 0.08125 0.10625000000000001
7 0.66953125 0.28359375000000003 0.0890625 0.1203125
7 0.7992187500000001 0.27421875 0.1234375 0.1640625
7 0.88046875 0.2 0.18906250000000002 0.25
7 0.9109375000000001 0.35078125000000004 0.178125 0.3453125
7 0.7000000000000001 0.540625 0.34687500000000004 0.465625
7 0.55390625 0.13203125000000002 0.0546875 0.0734375
7 0.24531250000000002 0.6414062500000001 0.246875 0.3296875
7 0.5046875000000001 0.11015625000000001 0.0625 0.08281250000000001
7 0.6578125 0.08125 0.09062500000000001 0.11875000000000001
