3 0.045312500000000006 0.9632812500000001 0.08125 0.06406250000000001
3 0.025781250000000002 0.8390625 0.0421875 0.084375
3 0.50703125 0.940625 0.1046875 0.08750000000000001
3 0.5671875000000001 0.84375 0.046875 0.240625
3 0.9656250000000001 0.8234375 0.053125000000000006 0.134375
3 0.8718750000000001 0.5750000000000001 0.10312500000000001 0.296875
7 0.21953125 0.7625000000000001 0.0765625 0.05625
7 0.1625 0.675 0.078125 0.034375
7 0.22421875000000002 0.5734375 0.18906250000000002 0.19375
7 0.37031250000000004 0.35859375000000004 0.1 0.1609375
7 0.24531250000000002 0.3359375 0.03125 0.084375
7 0.309375 0.27578125000000003 0.037500000000000006 0.0765625
7 0.63203125 0.51484375 0.2109375 0.5421875
7 0.690625 0.17265625 0.1125 0.2578125
7 0.4546875 0.31015625 0.13125 0.3828125
3 0.33984375 0.13828125 0.0734375 0.0890625
