3 0.41250000000000003 0.8500000000000001 0.0625 0.078125
3 0.36796875 0.47500000000000003 0.1265625 0.115625
3 0.40078125000000003 0.6046875 0.07968750000000001 0.15625
3 0.6875 0.5671875000000001 0.08125 0.12187500000000001
3 0.6414062500000001 0.38906250000000003 0.0671875 0.05
3 0.73359375 0.32890625 0.0859375 0.15781250000000002
3 0.5796875 0.8640625000000001 0.109375 0.146875
3 0.68671875 0.80859375 0.0703125 0.08281250000000001
3 0.9 0.88828125 0.08750000000000001 0.1203125
3 0.9359375000000001 0.12734375 0.12812500000000002 0.18906250000000002
3 0.9789062500000001 0.790625 0.029687500000000002 0.08125
3 0.9453125 0.578125 0.053125000000000006 0.10625000000000001
3 0.47187500000000004 0.5953125 0.07500000000000001 0.19375
3 0.65546875 0.3171875 0.0703125 0.059375000000000004
3 0.5421875 0.5554687500000001 0.05 0.1046875
3 0.51796875 0.7898437500000001 0.0890625 0.09843750000000001
