4 0.48203125 0.56953125 0.2421875 0.3171875
4 0.22968750000000002 0.734375 0.390625 0.24375000000000002
4 0.39765625000000004 0.7367187500000001 0.19843750000000002 0.1390625
4 0.7671875 0.33671875 0.44375000000000003 0.1390625
4 0.9164062500000001 0.675 0.1265625 0.19062500000000002
4 0.884375 0.53828125 0.23125 0.1015625
4 0.13828125 0.3328125 0.2265625 0.109375
4 0.30625 0.509375 0.1 0.11875000000000001
4 0.4 0.29296875 0.1375 0.15156250000000002
3 0.9398437500000001 0.171875 0.1203125 0.07500000000000001
3 0.23984375000000002 0.6898437500000001 0.09531250000000001 0.0421875
3 0.5796875 0.70078125 0.034375 0.026562500000000003
3 0.2921875 0.29609375 0.040625 0.0421875
4 0.31328125 0.2515625 0.1015625 0.16562500000000002
