3 0.371875 0.15390625000000002 0.059375000000000004 0.051562500000000004
3 0.33437500000000003 0.36796875 0.084375 0.0546875
3 0.29296875 0.44765625000000003 0.15156250000000002 0.0734375
3 0.30781250000000004 0.5320312500000001 0.15000000000000002 0.07968750000000001
7 0.23984375000000002 0.28203125 0.2578125 0.0328125
7 0.9500000000000001 0.15859375 0.08750000000000001 0.0390625
7 0.94140625 0.10703125000000001 0.0859375 0.0390625
7 0.89375 0.2265625 0.1125 0.12812500000000002
7 0.9078125 0.41015625 0.153125 0.1015625
7 0.6742187500000001 0.390625 0.0890625 0.125
7 0.59375 0.48203125 0.096875 0.1171875
7 0.74921875 0.45078125 0.1265625 0.0734375
7 0.5328125 0.1875 0.09062500000000001 0.07500000000000001
7 0.63984375 0.14609375 0.1640625 0.1421875
7 0.6039062500000001 0.04296875 0.1265625 0.0578125
7 0.40468750000000003 0.0140625 0.1 0.025
3 0.26406250000000003 0.6890625 0.059375000000000004 0.05625
7 0.03828125 0.634375 0.0765625 0.115625
7 0.171875 0.5875 0.08750000000000001 0.125
4 0.12265625000000001 0.8406250000000001 0.1171875 0.1375
