7 0.44921875 0.3328125 0.07968750000000001 0.109375
7 0.5234375 0.18828125 0.10625000000000001 0.09531250000000001
7 0.4734375 0.259375 0.07187500000000001 0.05
7 0.39296875000000003 0.23515625 0.0890625 0.1171875
7 0.31875000000000003 0.178125 0.1875 0.209375
3 0.53515625 0.06484375 0.029687500000000002 0.0546875
4 0.87890625 0.12734375 0.13593750000000002 0.18281250000000002
4 0.76328125 0.32421875 0.16718750000000002 0.1203125
4 0.7289062500000001 0.240625 0.0765625 0.25625000000000003
7 0.6921875000000001 0.09296875 0.059375000000000004 0.09843750000000001
4 0.61484375 0.46640625 0.0765625 0.1546875
3 0.7234375000000001 0.4703125 0.053125000000000006 0.06875
3 0.675 0.54296875 0.053125000000000006 0.0578125
4 0.91328125 0.70078125 0.16718750000000002 0.2078125
3 0.8914062500000001 0.6218750000000001 0.035937500000000004 0.028125
4 0.78671875 0.56015625 0.09843750000000001 0.1765625
4 0.7585937500000001 0.6203125 0.0421875 0.08750000000000001
7 0.44609375 0.66015625 0.1609375 0.24531250000000002
4 0.38125000000000003 0.91953125 0.146875 0.1609375
3 0.553125 0.8695312500000001 0.07187500000000001 0.026562500000000003
4 0.6140625000000001 0.6312500000000001 0.140625 0.07500000000000001
3 0.7210937500000001 0.9187500000000001 0.06406250000000001 0.037500000000000006
3 0.63203125 0.8851562500000001 0.0484375 0.029687500000000002
