5 0.26328125 0.18984375 0.1859375 0.0890625
3 0.2390625 0.41250000000000003 0.153125 0.115625
4 0.5796875 0.42265625 0.34375 0.0859375
3 0.79296875 0.56484375 0.0859375 0.045312500000000006
3 0.91015625 0.42031250000000003 0.1453125 0.0625
3 0.6515625 0.44375000000000003 0.078125 0.03125
3 0.9171875 0.31093750000000003 0.05 0.034375
4 0.46875 0.084375 0.08125 0.115625
5 0.43515625 0.29453125 0.08281250000000001 0.045312500000000006
5 0.5546875 0.3171875 0.15937500000000002 0.115625
3 0.8132812500000001 0.03828125 0.0578125 0.0671875
7 0.9773437500000001 0.6375000000000001 0.045312500000000006 0.046875
3 0.70625 0.34453125 0.05625 0.0328125
5 0.6203125 0.21953125 0.146875 0.0578125
5 0.290625 0.34921875 0.12812500000000002 0.0765625
