3 0.41640625000000003 0.24296875 0.09531250000000001 0.0703125
3 0.29609375 0.19765625 0.0578125 0.051562500000000004
3 0.49062500000000003 0.403125 0.10625000000000001 0.07500000000000001
3 0.67578125 0.37812500000000004 0.0859375 0.07187500000000001
3 0.67578125 0.45625000000000004 0.1453125 0.1375
3 0.6179687500000001 0.55078125 0.045312500000000006 0.0390625
7 0.78828125 0.65546875 0.1203125 0.0671875
3 0.41875 0.7429687500000001 0.109375 0.1015625
4 0.38515625000000003 0.35703125 0.22031250000000002 0.1484375
4 0.9750000000000001 0.36328125 0.05 0.09531250000000001
