7 0.8515625 0.1421875 0.275 0.1375
7 0.40234375 0.1328125 0.2546875 0.084375
7 0.47734375 0.30546875 0.37343750000000003 0.1640625
7 0.25546875 0.30078125 0.2015625 0.1171875
7 0.38593750000000004 0.45 0.253125 0.10312500000000001
7 0.20234375000000002 0.58046875 0.1703125 0.18906250000000002
7 0.06015625 0.65625 0.1203125 0.18125000000000002
7 0.6390625000000001 0.446875 0.125 0.09062500000000001
7 0.6257812500000001 0.7421875 0.1859375 0.1
7 0.7375 0.9242187500000001 0.14375000000000002 0.1171875
