3 0.465625 0.4625 0.234375 0.225
3 0.92890625 0.5578125 0.08281250000000001 0.18125000000000002
3 0.8757812500000001 0.36328125 0.0859375 0.1640625
3 0.7000000000000001 0.06640625 0.046875 0.0703125
3 0.94921875 0.0765625 0.0484375 0.115625
3 0.70703125 0.9546875 0.3015625 0.08750000000000001
2 0.032031250000000004 0.80625 0.06406250000000001 0.19062500000000002
3 0.9593750000000001 0.71015625 0.0625 0.1234375
3 0.4921875 0.7390625000000001 0.028125 0.09062500000000001
3 0.25703125 0.784375 0.08281250000000001 0.0625
3 0.55625 0.15625 0.14375000000000002 0.05
