4 0.42890625000000004 0.5164062500000001 0.3171875 0.2421875
4 0.26406250000000003 0.76875 0.24375000000000002 0.390625
4 0.26171875 0.60078125 0.1390625 0.19843750000000002
4 0.66171875 0.23046875 0.1390625 0.4421875
4 0.32343750000000004 0.08203125 0.19062500000000002 0.1265625
4 0.46015625000000004 0.11484375000000001 0.1015625 0.22968750000000002
4 0.665625 0.8601562500000001 0.109375 0.2265625
4 0.4890625 0.6921875000000001 0.11875000000000001 0.1
4 0.7054687500000001 0.5984375000000001 0.15156250000000002 0.1375
3 0.8265625000000001 0.059375000000000004 0.07500000000000001 0.11875000000000001
3 0.30859375 0.7585937500000001 0.0421875 0.09531250000000001
3 0.29765625 0.41875 0.026562500000000003 0.034375
3 0.70234375 0.70625 0.0421875 0.040625
4 0.7468750000000001 0.6843750000000001 0.16562500000000002 0.1
