7 0.45859375 0.6015625 0.1921875 0.06875
7 0.46171875 0.54921875 0.11406250000000001 0.0328125
7 0.46484375 0.51484375 0.0390625 0.0390625
7 0.40390625 0.48828125 0.09843750000000001 0.0328125
7 0.41015625 0.44140625 0.1796875 0.0578125
7 0.28671875 0.45937500000000003 0.029687500000000002 0.040625
7 0.28359375000000003 0.25234375000000003 0.0765625 0.1046875
7 0.1765625 0.29140625000000003 0.07500000000000001 0.1234375
3 0.92109375 0.45078125 0.1296875 0.0703125
3 0.853125 0.11640625 0.1875 0.0671875
3 0.721875 0.17734375000000002 0.0625 0.0546875
3 0.31093750000000003 0.15000000000000002 0.065625 0.12812500000000002
3 0.36875 0.0671875 0.08750000000000001 0.07187500000000001
3 0.06406250000000001 0.24140625000000002 0.07500000000000001 0.0890625
3 0.27890625 0.5765625 0.0328125 0.034375
3 0.05859375 0.6585937500000001 0.0234375 0.08281250000000001
3 0.018750000000000003 0.6687500000000001 0.037500000000000006 0.065625
3 0.9476562500000001 0.753125 0.0671875 0.0625
3 0.7679687500000001 0.5984375000000001 0.051562500000000004 0.065625
3 0.5320312500000001 0.40468750000000003 0.0671875 0.05625
3 0.7015625000000001 0.33359375 0.125 0.0421875
