7 0.27265625 0.45390625 0.5453125 0.4296875
7 0.34296875000000004 0.1328125 0.1015625 0.07500000000000001
7 0.4375 0.14921875 0.125 0.09531250000000001
7 0.5578125 0.153125 0.14375000000000002 0.109375
7 0.7289062500000001 0.33984375 0.4109375 0.30781250000000004
7 0.8289062500000001 0.44843750000000004 0.1546875 0.115625
7 0.7664062500000001 0.5484375 0.18281250000000002 0.1375
7 0.7703125000000001 0.7640625000000001 0.08750000000000001 0.065625
7 0.90625 0.7054687500000001 0.13125 0.09843750000000001
7 0.97578125 0.7296875 0.0484375 0.12187500000000001
7 0.7484375000000001 0.8992187500000001 0.30000000000000004 0.2015625
7 0.37578125 0.75546875 0.2578125 0.1921875
