3 0.7515625 0.596875 0.065625 0.037500000000000006
3 0.71484375 0.69140625 0.0734375 0.045312500000000006
3 0.67890625 0.6546875000000001 0.060937500000000006 0.040625
3 0.5921875 0.65 0.034375 0.05625
3 0.6140625000000001 0.71484375 0.037500000000000006 0.035937500000000004
3 0.57578125 0.81015625 0.045312500000000006 0.029687500000000002
3 0.48671875000000003 0.58515625 0.0171875 0.060937500000000006
3 0.52265625 0.43828125 0.07968750000000001 0.0671875
3 0.5484375 0.30859375 0.040625 0.026562500000000003
3 0.509375 0.33437500000000003 0.021875000000000002 0.03125
3 0.584375 0.37109375 0.0125 0.035937500000000004
3 0.57421875 0.77734375 0.0234375 0.0234375
3 0.38671875 0.4265625 0.029687500000000002 0.025
3 0.3140625 0.415625 0.059375000000000004 0.05
3 0.2609375 0.42031250000000003 0.018750000000000003 0.021875000000000002
3 0.26875 0.3375 0.053125000000000006 0.03125
3 0.08281250000000001 0.42109375000000004 0.021875000000000002 0.029687500000000002
3 0.3203125 0.78515625 0.043750000000000004 0.060937500000000006
7 0.32890625 0.74140625 0.035937500000000004 0.045312500000000006
3 0.23984375000000002 0.93515625 0.029687500000000002 0.0890625
3 0.90546875 0.34218750000000003 0.0390625 0.05
3 0.8140625 0.20859375000000002 0.059375000000000004 0.0234375
3 0.540625 0.1203125 0.028125 0.05
3 0.60546875 0.18515625000000002 0.0390625 0.0421875
3 0.41328125000000004 0.35234375 0.0328125 0.0421875
3 0.290625 0.56015625 0.034375 0.0421875
3 0.2921875 0.6101562500000001 0.03125 0.0484375
7 0.18828125 0.5828125000000001 0.029687500000000002 0.034375
3 0.3140625 0.1171875 0.021875000000000002 0.040625
3 0.34218750000000003 0.0765625 0.03125 0.018750000000000003
3 0.4390625 0.1484375 0.028125 0.034375
3 0.20625000000000002 0.7992187500000001 0.025 0.0203125
3 0.47187500000000004 0.7546875000000001 0.021875000000000002 0.018750000000000003
3 0.043750000000000004 0.38906250000000003 0.015625 0.015625
3 0.14296875 0.6265625 0.0171875 0.034375
3 0.27421875 0.8929687500000001 0.0203125 0.06406250000000001
