4 0.52890625 0.80625 0.6921875000000001 0.384375
3 0.5593750000000001 0.8015625000000001 0.3375 0.1375
3 0.7289062500000001 0.66796875 0.09531250000000001 0.0734375
3 0.07968750000000001 0.9609375 0.09062500000000001 0.06875
3 0.22890625 0.9085937500000001 0.0703125 0.1171875
4 0.5710937500000001 0.49609375 0.4890625 0.1796875
4 0.9171875 0.60078125 0.16562500000000002 0.1203125
3 0.14296875 0.34375 0.2828125 0.29375
3 0.10390625 0.153125 0.18906250000000002 0.10312500000000001
3 0.31015625 0.057031250000000006 0.3359375 0.11093750000000001
3 0.6195312500000001 0.22031250000000002 0.15781250000000002 0.09062500000000001
3 0.65546875 0.525 0.2515625 0.1125
3 0.23750000000000002 0.58828125 0.06875 0.08281250000000001
3 0.32656250000000003 0.30000000000000004 0.146875 0.24375000000000002
