4 0.42578125 0.68125 0.2765625 0.215625
4 0.64453125 0.73828125 0.16718750000000002 0.2515625
4 0.60859375 0.253125 0.26406250000000003 0.20625000000000002
4 0.8187500000000001 0.6703125000000001 0.0625 0.05
4 0.7312500000000001 0.53359375 0.12187500000000001 0.06406250000000001
3 0.043750000000000004 0.6828125 0.046875 0.078125
3 0.44843750000000004 0.6546875000000001 0.0625 0.134375
3 0.41484375 0.759375 0.0328125 0.043750000000000004
3 0.52890625 0.6726562500000001 0.0671875 0.07968750000000001
4 0.7367187500000001 0.87109375 0.06406250000000001 0.0484375
