3 0.7515625 0.26171875 0.07187500000000001 0.0921875
4 0.80078125 0.1875 0.2421875 0.30625
3 0.7734375 0.37031250000000004 0.05 0.053125000000000006
3 0.85859375 0.16796875 0.0734375 0.0890625
4 0.234375 0.07734375 0.215625 0.1546875
3 0.16875 0.06484375 0.034375 0.045312500000000006
3 0.28984375 0.11328125 0.0921875 0.0765625
4 0.5234375 0.33203125 0.16562500000000002 0.18906250000000002
4 0.3984375 0.309375 0.1125 0.178125
3 0.5203125000000001 0.296875 0.040625 0.03125
3 0.46796875000000004 0.27968750000000003 0.0328125 0.034375
3 0.47421875 0.359375 0.035937500000000004 0.034375
3 0.4109375 0.359375 0.03125 0.0625
3 0.6171875 0.478125 0.084375 0.043750000000000004
3 0.48203125 0.46875 0.0484375 0.065625
3 0.28828125 0.45390625 0.1078125 0.0484375
4 0.08281250000000001 0.19921875 0.134375 0.18281250000000002
3 0.45156250000000003 0.921875 0.1125 0.0625
3 0.759375 0.54296875 0.084375 0.0203125
3 0.628125 0.540625 0.09062500000000001 0.028125
