3 0.26406250000000003 0.9109375000000001 0.06875 0.037500000000000006
3 0.055468750000000004 0.81171875 0.0578125 0.0484375
3 0.2734375 0.85078125 0.096875 0.0171875
3 0.33984375 0.7796875000000001 0.11406250000000001 0.025
3 0.43671875000000004 0.9046875000000001 0.029687500000000002 0.053125000000000006
3 0.69296875 0.75390625 0.1203125 0.0390625
3 0.60703125 0.7171875000000001 0.0421875 0.037500000000000006
3 0.74140625 0.7328125000000001 0.09843750000000001 0.043750000000000004
3 0.6828125 0.671875 0.08125 0.040625
3 0.9281250000000001 0.7125 0.037500000000000006 0.037500000000000006
3 0.42109375000000004 0.603125 0.0734375 0.046875
3 0.31562500000000004 0.5164062500000001 0.059375000000000004 0.0484375
3 0.90546875 0.64609375 0.11406250000000001 0.0421875
3 0.1421875 0.465625 0.05625 0.03125
7 0.13828125 0.040625 0.0484375 0.040625
3 0.81171875 0.31015625 0.0421875 0.026562500000000003
3 0.5437500000000001 0.496875 0.05625 0.05
3 0.59921875 0.51015625 0.0734375 0.0484375
3 0.23671875 0.47734375 0.0390625 0.026562500000000003
3 0.36796875 0.43359375 0.051562500000000004 0.0421875
3 0.0328125 0.6117187500000001 0.065625 0.0546875
