4 0.34140625 0.6687500000000001 0.3046875 0.265625
3 0.30390625000000004 0.72265625 0.1484375 0.1421875
4 0.7562500000000001 0.78046875 0.24375000000000002 0.38593750000000004
4 0.90625 0.7156250000000001 0.1875 0.28125
4 0.9460937500000001 0.3875 0.1078125 0.1875
4 0.1625 0.38906250000000003 0.140625 0.065625
4 0.31640625 0.47109375000000003 0.1703125 0.09843750000000001
4 0.39296875000000003 0.31171875000000004 0.1609375 0.1203125
4 0.6703125000000001 0.3015625 0.19687500000000002 0.15937500000000002
3 0.30078125 0.72421875 0.1484375 0.1328125
3 0.08828125 0.3796875 0.0890625 0.046875
3 0.71484375 0.578125 0.1046875 0.07500000000000001
3 0.89375 0.946875 0.040625 0.05625
3 0.8500000000000001 0.6312500000000001 0.096875 0.07500000000000001
