7 0.53671875 0.86640625 0.15781250000000002 0.1703125
7 0.42890625000000004 0.4234375 0.29531250000000003 0.39687500000000003
7 0.5125000000000001 0.6898437500000001 0.234375 0.1296875
7 0.6265625 0.52109375 0.065625 0.1203125
7 0.6570312500000001 0.3828125 0.13593750000000002 0.14375000000000002
7 0.83359375 0.309375 0.1203125 0.096875
7 0.86640625 0.54140625 0.1265625 0.1609375
7 0.68125 0.7937500000000001 0.0625 0.05625
7 0.7703125000000001 0.78125 0.059375000000000004 0.07187500000000001
7 0.9343750000000001 0.7609375 0.07187500000000001 0.184375
7 0.95703125 0.884375 0.0859375 0.08750000000000001
7 0.08281250000000001 0.9609375 0.12187500000000001 0.07500000000000001
3 0.6453125000000001 0.10234375000000001 0.10312500000000001 0.0703125
3 0.23828125 0.209375 0.1078125 0.09375
