4 0.859375 0.74140625 0.265625 0.5171875
3 0.52109375 0.659375 0.0390625 0.046875
3 0.52734375 0.6046875 0.0328125 0.040625
3 0.46484375 0.61484375 0.035937500000000004 0.035937500000000004
4 0.31953125000000004 0.3953125 0.17343750000000002 0.115625
3 0.8226562500000001 0.2546875 0.029687500000000002 0.14375000000000002
6 0.5015625 0.32343750000000004 0.05625 0.096875
6 0.44062500000000004 0.26328125 0.078125 0.0859375
6 0.325 0.253125 0.12812500000000002 0.10312500000000001
6 0.4453125 0.4734375 0.05625 0.059375000000000004
6 0.42265625 0.56484375 0.1640625 0.1171875
6 0.5421875 0.6390625000000001 0.08750000000000001 0.10625000000000001
