3 0.30234375 0.8859375 0.1703125 0.1125
3 0.63046875 0.7375 0.3671875 0.109375
3 0.7703125000000001 0.64453125 0.10625000000000001 0.0765625
3 0.7109375 0.5789062500000001 0.08750000000000001 0.1078125
3 0.7375 0.4296875 0.240625 0.23125
3 0.915625 0.21875 0.08750000000000001 0.040625
3 0.76328125 0.23828125 0.0890625 0.09531250000000001
3 0.6781250000000001 0.24609375 0.07500000000000001 0.09843750000000001
3 0.45859375 0.31015625 0.1390625 0.1046875
3 0.10703125000000001 0.54296875 0.2078125 0.1796875
3 0.275 0.24375000000000002 0.171875 0.07187500000000001
3 0.52734375 0.08125 0.1765625 0.07187500000000001
3 0.96640625 0.32734375000000004 0.0421875 0.0703125
3 0.043750000000000004 0.93515625 0.046875 0.045312500000000006
3 0.7898437500000001 0.92890625 0.0578125 0.06406250000000001
3 0.35625 0.42812500000000003 0.134375 0.040625
3 0.45859375 0.4625 0.18281250000000002 0.043750000000000004
3 0.7921875 0.30234375 0.09062500000000001 0.051562500000000004
3 0.8734375000000001 0.2890625 0.07500000000000001 0.109375
