7 0.44765625000000003 0.42734375 0.15156250000000002 0.1953125
7 0.5796875 0.37812500000000004 0.109375 0.125
7 0.89765625 0.41015625 0.1953125 0.1609375
7 0.78828125 0.61640625 0.2078125 0.1234375
7 0.93671875 0.6257812500000001 0.09843750000000001 0.15156250000000002
7 0.53515625 0.56953125 0.2421875 0.11406250000000001
7 0.36250000000000004 0.6640625 0.359375 0.134375
7 0.1859375 0.57578125 0.15000000000000002 0.0859375
7 0.0484375 0.64375 0.06875 0.043750000000000004
7 0.08671875000000001 0.6890625 0.17343750000000002 0.08750000000000001
7 0.09921875000000001 0.74140625 0.18906250000000002 0.1234375
7 0.37109375 0.07265625 0.0921875 0.0484375
3 0.065625 0.07578125000000001 0.13125 0.0203125
3 0.06406250000000001 0.1125 0.034375 0.03125
3 0.81171875 0.30390625000000004 0.045312500000000006 0.045312500000000006
3 0.178125 0.5085937500000001 0.08750000000000001 0.026562500000000003
3 0.1171875 0.5578125 0.037500000000000006 0.037500000000000006
7 0.30625 0.22421875000000002 0.18125000000000002 0.0921875
7 0.5578125 0.15781250000000002 0.096875 0.059375000000000004
7 0.70078125 0.24609375 0.0671875 0.06406250000000001
