7 0.08359375000000001 0.9484375 0.0921875 0.043750000000000004
7 0.05234375 0.88828125 0.051562500000000004 0.051562500000000004
7 0.1703125 0.8828125 0.037500000000000006 0.037500000000000006
7 0.1921875 0.8289062500000001 0.065625 0.026562500000000003
7 0.18359375 0.80234375 0.0546875 0.0234375
7 0.2734375 0.89609375 0.06875 0.035937500000000004
7 0.32343750000000004 0.853125 0.046875 0.021875000000000002
7 0.5015625 0.759375 0.065625 0.06875
7 0.5281250000000001 0.7156250000000001 0.046875 0.034375
7 0.44140625 0.6179687500000001 0.0921875 0.1046875
7 0.5593750000000001 0.64453125 0.043750000000000004 0.0546875
7 0.26406250000000003 0.57578125 0.290625 0.0921875
7 0.15000000000000002 0.53359375 0.05 0.0421875
7 0.1390625 0.42890625000000004 0.15000000000000002 0.0578125
7 0.1 0.3984375 0.07500000000000001 0.03125
7 0.059375000000000004 0.32265625000000003 0.096875 0.1234375
7 0.26953125 0.31171875000000004 0.3046875 0.15156250000000002
7 0.21328125 0.178125 0.2265625 0.146875
3 0.46640625 0.25 0.0890625 0.03125
7 0.7000000000000001 0.578125 0.0625 0.07500000000000001
7 0.78671875 0.596875 0.08281250000000001 0.0625
3 0.8367187500000001 0.7781250000000001 0.045312500000000006 0.08125
7 0.6531250000000001 0.7273437500000001 0.043750000000000004 0.0578125
7 0.7039062500000001 0.70859375 0.0578125 0.0859375
7 0.77890625 0.6843750000000001 0.0546875 0.07500000000000001
