7 0.49921875000000004 0.446875 0.3828125 0.28750000000000003
7 0.728125 0.1875 0.21875 0.36875
7 0.1046875 0.571875 0.209375 0.1
7 0.2703125 0.20859375000000002 0.09375 0.1015625
3 0.5828125000000001 0.6156250000000001 0.1 0.08750000000000001
3 0.77265625 0.69453125 0.1921875 0.1921875
3 0.5398437500000001 0.81171875 0.1390625 0.1078125
3 0.45625000000000004 0.6976562500000001 0.040625 0.026562500000000003
3 0.37421875000000004 0.659375 0.06406250000000001 0.125
3 0.47265625 0.61328125 0.0703125 0.035937500000000004
