7 0.42890625000000004 0.44609375 0.15781250000000002 0.23593750000000002
7 0.66953125 0.54453125 0.1078125 0.1234375
7 0.58203125 0.68515625 0.1078125 0.051562500000000004
3 0.035937500000000004 0.13593750000000002 0.03125 0.03125
3 0.80390625 0.4765625 0.0484375 0.034375
3 0.7625000000000001 0.5 0.0625 0.021875000000000002
3 0.73359375 0.5398437500000001 0.0703125 0.0234375
3 0.821875 0.54921875 0.084375 0.0421875
3 0.7796875000000001 0.58359375 0.0625 0.029687500000000002
3 0.71484375 0.61640625 0.0859375 0.029687500000000002
3 0.59375 0.60703125 0.018750000000000003 0.0171875
3 0.51796875 0.62890625 0.0234375 0.0234375
7 0.19453125000000002 0.83359375 0.1765625 0.2171875
7 0.4546875 0.67890625 0.07187500000000001 0.060937500000000006
7 0.5437500000000001 0.525 0.043750000000000004 0.065625
