7 0.30781250000000004 0.5281250000000001 0.084375 0.16875
7 0.8500000000000001 0.32109375 0.115625 0.1640625
7 0.94921875 0.34296875000000004 0.07968750000000001 0.1234375
7 0.9382812500000001 0.62890625 0.08281250000000001 0.1640625
7 0.41953125 0.2859375 0.051562500000000004 0.1625
7 0.25859375 0.2 0.0578125 0.240625
7 0.49531250000000004 0.61328125 0.059375000000000004 0.1296875
7 0.5789062500000001 0.28671875 0.1046875 0.06406250000000001
7 0.775 0.43125 0.059375000000000004 0.16875
7 0.659375 0.48203125 0.046875 0.1171875
7 0.5554687500000001 0.7453125 0.0703125 0.11875000000000001
