4 0.5281250000000001 0.3203125 0.36250000000000004 0.36875
4 0.82421875 0.12421875 0.3484375 0.19843750000000002
4 0.8734375000000001 0.54453125 0.253125 0.2984375
4 0.10078125 0.9320312500000001 0.11406250000000001 0.1296875
3 0.32734375000000004 0.9343750000000001 0.0921875 0.078125
3 0.43593750000000003 0.9460937500000001 0.078125 0.09843750000000001
3 0.26015625000000003 0.80859375 0.0578125 0.051562500000000004
3 0.6218750000000001 0.27890625 0.14375000000000002 0.2265625
3 0.48125 0.253125 0.1375 0.140625
3 0.42265625 0.446875 0.1296875 0.08125
3 0.94140625 0.4703125 0.08281250000000001 0.09062500000000001
3 0.846875 0.6335937500000001 0.059375000000000004 0.051562500000000004
3 0.78515625 0.6039062500000001 0.060937500000000006 0.0671875
3 0.1875 0.30781250000000004 0.065625 0.078125
