4 0.45234375000000004 0.6960937500000001 0.2484375 0.34218750000000003
3 0.27968750000000003 0.325 0.053125000000000006 0.078125
3 0.0625 0.46796875000000004 0.065625 0.0921875
3 0.1953125 0.41250000000000003 0.046875 0.06875
4 0.15937500000000002 0.7093750000000001 0.19687500000000002 0.24375000000000002
4 0.30000000000000004 0.57265625 0.19062500000000002 0.2390625
4 0.37031250000000004 0.83203125 0.26875 0.3359375
4 0.3453125 0.9671875000000001 0.203125 0.065625
3 0.37109375 0.99140625 0.0703125 0.0171875
3 0.37109375 0.76875 0.0921875 0.13125
3 0.3328125 0.8484375000000001 0.10312500000000001 0.146875
3 0.4703125 0.6414062500000001 0.06875 0.0921875
3 0.53515625 0.60078125 0.06406250000000001 0.0890625
4 0.49453125000000003 0.41328125000000004 0.1953125 0.2484375
3 0.6000000000000001 0.33671875 0.046875 0.06406250000000001
3 0.5203125000000001 0.415625 0.07500000000000001 0.1
4 0.8656250000000001 0.39687500000000003 0.178125 0.25
3 0.9304687500000001 0.43359375 0.0546875 0.0765625
