7 0.55390625 0.43671875000000004 0.33906250000000004 0.1640625
7 0.47500000000000003 0.6335937500000001 0.184375 0.1046875
7 0.27421875 0.59765625 0.0890625 0.0890625
3 0.8765625 0.08359375000000001 0.046875 0.029687500000000002
3 0.59140625 0.71796875 0.0546875 0.0421875
3 0.55234375 0.6921875000000001 0.0421875 0.05
3 0.49453125000000003 0.6796875 0.045312500000000006 0.05625
3 0.5 0.74609375 0.07187500000000001 0.0703125
3 0.44609375 0.72265625 0.051562500000000004 0.051562500000000004
3 0.390625 0.68125 0.05625 0.06875
3 0.37734375000000003 0.59140625 0.026562500000000003 0.0171875
3 0.33359375 0.5398437500000001 0.035937500000000004 0.0234375
7 0.07968750000000001 0.34453125 0.15937500000000002 0.17343750000000002
7 0.25546875 0.503125 0.09531250000000001 0.065625
7 0.47500000000000003 0.5375 0.09375 0.046875
