5 0.8367187500000001 0.0765625 0.0921875 0.13125
5 0.7625000000000001 0.7375 0.09375 0.084375
5 0.5453125 0.225 0.296875 0.06875
5 0.25390625 0.0859375 0.1390625 0.16562500000000002
5 0.2234375 0.22734375 0.09062500000000001 0.1046875
5 0.39687500000000003 0.29531250000000003 0.0625 0.078125
5 0.5125000000000001 0.3796875 0.234375 0.15937500000000002
5 0.41875 0.52890625 0.19375 0.1234375
3 0.7664062500000001 0.6117187500000001 0.09843750000000001 0.0859375
3 0.70859375 0.503125 0.07968750000000001 0.0625
3 0.9617187500000001 0.203125 0.0734375 0.109375
3 0.8609375 0.9203125000000001 0.078125 0.07187500000000001
3 0.61640625 0.7203125 0.0578125 0.10312500000000001
3 0.36328125 0.9640625 0.1234375 0.053125000000000006
3 0.07500000000000001 0.9632812500000001 0.05625 0.0734375
5 0.1765625 0.525 0.21250000000000002 0.10625000000000001
5 0.37343750000000003 0.41953125 0.078125 0.060937500000000006
5 0.25078125 0.3515625 0.051562500000000004 0.10625000000000001
3 0.63671875 0.596875 0.0328125 0.034375
3 0.08984375 0.6390625000000001 0.0390625 0.05625
3 0.92890625 0.8125 0.08281250000000001 0.053125000000000006
3 0.49140625000000004 0.7140625 0.07968750000000001 0.043750000000000004
