3 0.03125 0.07890625000000001 0.043750000000000004 0.026562500000000003
3 0.01171875 0.19921875 0.0234375 0.0328125
3 0.09531250000000001 0.2390625 0.08125 0.034375
3 0.15390625000000002 0.2265625 0.060937500000000006 0.037500000000000006
3 0.29921875000000003 0.12421875 0.0203125 0.029687500000000002
3 0.28750000000000003 0.2765625 0.043750000000000004 0.025
3 0.47890625000000003 0.06953125 0.0390625 0.045312500000000006
3 0.7984375 0.2390625 0.05 0.034375
3 0.6828125 0.36015625 0.043750000000000004 0.026562500000000003
3 0.6937500000000001 0.41875 0.040625 0.028125
3 0.6453125000000001 0.403125 0.037500000000000006 0.025
3 0.65390625 0.46328125000000003 0.0390625 0.029687500000000002
3 0.40234375 0.32890625 0.035937500000000004 0.035937500000000004
3 0.33671875 0.48515625 0.0390625 0.0390625
3 0.37343750000000003 0.50234375 0.021875000000000002 0.0140625
7 0.15625 0.59140625 0.05 0.035937500000000004
3 0.05078125 0.6078125000000001 0.051562500000000004 0.05625
3 0.46953125 0.6117187500000001 0.0484375 0.0484375
3 0.52265625 0.5867187500000001 0.045312500000000006 0.035937500000000004
3 0.4859375 0.734375 0.040625 0.037500000000000006
3 0.6265625 0.76875 0.021875000000000002 0.03125
3 0.6921875000000001 0.7937500000000001 0.040625 0.034375
3 0.6921875000000001 0.72421875 0.037500000000000006 0.0234375
3 0.7273437500000001 0.78515625 0.026562500000000003 0.0328125
7 0.8718750000000001 0.6171875 0.05625 0.08125
7 0.98359375 0.69453125 0.0328125 0.035937500000000004
3 0.8546875 0.72421875 0.0625 0.045312500000000006
3 0.89375 0.7796875000000001 0.028125 0.034375
3 0.9046875000000001 0.71875 0.018750000000000003 0.028125
3 0.95703125 0.43359375 0.026562500000000003 0.029687500000000002
3 0.9929687500000001 0.49609375 0.0140625 0.0421875
3 0.45625000000000004 0.54140625 0.07187500000000001 0.010937500000000001
3 0.6023437500000001 0.578125 0.029687500000000002 0.034375
3 0.6570312500000001 0.6585937500000001 0.0328125 0.0328125
3 0.65234375 0.51953125 0.029687500000000002 0.029687500000000002
7 0.9796875 0.29453125 0.040625 0.0484375
3 0.821875 0.3140625 0.05625 0.028125
7 0.78125 0.85078125 0.06875 0.045312500000000006
7 0.99609375 0.5921875 0.0078125 0.046875
3 0.8109375000000001 0.7679687500000001 0.034375 0.0546875
3 0.8125 0.6156250000000001 0.037500000000000006 0.037500000000000006
7 0.8015625000000001 0.5625 0.043750000000000004 0.025
