7 0.09453125000000001 0.25 0.18906250000000002 0.16562500000000002
7 0.7664062500000001 0.45078125 0.1546875 0.1078125
7 0.2984375 0.58515625 0.22812500000000002 0.2265625
7 0.45546875000000003 0.7273437500000001 0.26406250000000003 0.11093750000000001
7 0.35546875 0.86640625 0.1484375 0.17343750000000002
7 0.50703125 0.9171875 0.15781250000000002 0.16562500000000002
7 0.7289062500000001 0.94296875 0.0671875 0.08281250000000001
3 0.6671875 0.89375 0.06875 0.1
3 0.721875 0.8562500000000001 0.096875 0.040625
3 0.6179687500000001 0.2421875 0.1421875 0.06875
7 0.51953125 0.28125 0.2171875 0.1375
