3 0.64765625 0.2265625 0.0328125 0.08750000000000001
3 0.0546875 0.3375 0.109375 0.10312500000000001
3 0.02890625 0.68515625 0.0578125 0.1296875
3 0.13046875 0.696875 0.0546875 0.07187500000000001
3 0.44843750000000004 0.2421875 0.08750000000000001 0.19062500000000002
6 0.2671875 0.43203125000000003 0.22812500000000002 0.1203125
6 0.18125000000000002 0.49765625 0.08125 0.08281250000000001
6 0.421875 0.46718750000000003 0.171875 0.05625
3 0.70703125 0.1609375 0.029687500000000002 0.05625
3 0.7671875 0.2734375 0.08125 0.1
3 0.63046875 0.4921875 0.1078125 0.09062500000000001
3 0.69140625 0.70859375 0.1328125 0.08281250000000001
3 0.9164062500000001 0.3125 0.0703125 0.11875000000000001
3 0.057031250000000006 0.16796875 0.11406250000000001 0.1421875
3 0.9765625 0.26171875 0.046875 0.0734375
3 0.99609375 0.1546875 0.0078125 0.059375000000000004
3 0.7078125000000001 0.9593750000000001 0.03125 0.08125
3 0.75390625 0.940625 0.1078125 0.10312500000000001
3 0.7296875 0.56953125 0.07187500000000001 0.0921875
3 0.9343750000000001 0.9421875000000001 0.115625 0.109375
3 0.35703125 0.2484375 0.029687500000000002 0.040625
3 0.27968750000000003 0.33203125 0.034375 0.060937500000000006
7 0.26328125 0.246875 0.0578125 0.078125
3 0.13671875 0.1765625 0.0765625 0.05625
3 0.79296875 0.6937500000000001 0.0421875 0.09375
3 0.1609375 0.99375 0.053125000000000006 0.0125
