3 0.6312500000000001 0.01953125 0.109375 0.0390625
3 0.52890625 0.05078125 0.0921875 0.0703125
7 0.6328125 0.13125 0.30312500000000003 0.23125
3 0.22187500000000002 0.23515625 0.18125000000000002 0.1390625
7 0.9593750000000001 0.34921875 0.08125 0.15781250000000002
7 0.6218750000000001 0.43515625 0.19375 0.1484375
7 0.75546875 0.47578125000000004 0.1328125 0.1015625
7 0.728125 0.5515625000000001 0.1625 0.12187500000000001
7 0.6828125 0.784375 0.296875 0.22187500000000002
3 0.41328125000000004 0.6585937500000001 0.2578125 0.1953125
3 0.41953125 0.44453125000000004 0.2328125 0.1703125
3 0.11015625000000001 0.6875 0.11093750000000001 0.084375
3 0.12812500000000002 0.7546875000000001 0.07500000000000001 0.05625
3 0.3328125 0.9484375 0.1375 0.10312500000000001
3 0.4859375 0.9625 0.16875 0.07500000000000001
7 0.15546875000000002 0.6125 0.2328125 0.171875
7 0.018750000000000003 0.60703125 0.037500000000000006 0.2328125
7 0.10703125000000001 0.43281250000000004 0.21406250000000002 0.15937500000000002
