3 0.22734375 0.74921875 0.051562500000000004 0.035937500000000004
4 0.1625 0.83515625 0.2 0.21406250000000002
7 0.675 0.13828125 0.1125 0.1296875
7 0.6328125 0.33046875000000003 0.184375 0.1171875
7 0.4625 0.16171875000000002 0.12187500000000001 0.1234375
7 0.4140625 0.39687500000000003 0.08750000000000001 0.1375
3 0.828125 0.49921875000000004 0.09375 0.0859375
3 0.9476562500000001 0.33984375 0.1046875 0.1796875
3 0.79609375 0.24765625000000002 0.0890625 0.1046875
3 0.6796875 0.7093750000000001 0.10312500000000001 0.09062500000000001
3 0.6125 0.8054687500000001 0.07500000000000001 0.1046875
3 0.76484375 0.33906250000000004 0.0421875 0.05625
7 0.44609375 0.30781250000000004 0.1046875 0.07500000000000001
3 0.84375 0.96640625 0.09375 0.0578125
3 0.58203125 0.42890625000000004 0.11093750000000001 0.0734375
7 0.55703125 0.49453125000000003 0.0921875 0.0671875
4 0.5125000000000001 0.89453125 0.046875 0.0546875
7 0.8539062500000001 0.21015625000000002 0.08281250000000001 0.1265625
3 0.85703125 0.0625 0.029687500000000002 0.06875
3 0.7078125000000001 0.84765625 0.053125000000000006 0.0703125
3 0.8015625000000001 0.36640625000000004 0.025 0.051562500000000004
3 0.8304687500000001 0.40625 0.035937500000000004 0.03125
3 0.78515625 0.5593750000000001 0.0703125 0.059375000000000004
4 0.6296875000000001 0.5085937500000001 0.084375 0.0765625
3 0.18125000000000002 0.03671875 0.0625 0.0734375
