3 0.078125 0.03125 0.10312500000000001 0.059375000000000004
3 0.7296875 0.44765625000000003 0.08125 0.0890625
3 0.7875000000000001 0.284375 0.043750000000000004 0.043750000000000004
3 0.45390625 0.48203125 0.060937500000000006 0.035937500000000004
3 0.16953125000000002 0.5750000000000001 0.045312500000000006 0.065625
3 0.38046875 0.75546875 0.0921875 0.060937500000000006
3 0.36015625 0.696875 0.0484375 0.025
7 0.34375 0.18203125 0.07187500000000001 0.1390625
3 0.10859375 0.203125 0.0234375 0.037500000000000006
3 0.1453125 0.21406250000000002 0.03125 0.028125
7 0.51484375 0.028125 0.09531250000000001 0.053125000000000006
3 0.5703125 0.025 0.0125 0.043750000000000004
7 0.34140625 0.08359375000000001 0.0234375 0.0484375
3 0.5984375000000001 0.7359375 0.034375 0.07187500000000001
3 0.5750000000000001 0.6726562500000001 0.018750000000000003 0.0421875
