3 0.8929687500000001 0.8 0.1640625 0.225
3 0.23125 0.7898437500000001 0.09062500000000001 0.1234375
3 0.596875 0.82734375 0.134375 0.18281250000000002
3 0.61328125 0.47890625000000003 0.1453125 0.1859375
3 0.5625 0.43515625 0.059375000000000004 0.0765625
3 0.14921875 0.22890625 0.1640625 0.21406250000000002
3 0.1171875 0.57578125 0.134375 0.1859375
3 0.19375 0.446875 0.12812500000000002 0.1625
3 0.225 0.55234375 0.084375 0.11093750000000001
3 0.7054687500000001 0.78828125 0.1390625 0.18906250000000002
3 0.9617187500000001 0.52890625 0.0765625 0.11093750000000001
