4 0.4734375 0.11640625 0.40937500000000004 0.1859375
4 0.2921875 0.07421875 0.22812500000000002 0.0578125
7 0.65625 0.21640625000000002 0.146875 0.09531250000000001
7 0.42109375000000004 0.32421875 0.2671875 0.1796875
7 0.22890625 0.33359375 0.0765625 0.11406250000000001
7 0.23515625 0.23593750000000002 0.11406250000000001 0.053125000000000006
7 0.8250000000000001 0.54609375 0.1625 0.11406250000000001
7 0.11484375000000001 0.9578125000000001 0.1203125 0.08125
7 0.940625 0.39921875 0.08750000000000001 0.051562500000000004
4 0.6273437500000001 0.628125 0.21406250000000002 0.07500000000000001
4 0.8148437500000001 0.775 0.22031250000000002 0.14375000000000002
4 0.33203125 0.6359375 0.2828125 0.12812500000000002
4 0.384375 0.8703125 0.19375 0.215625
4 0.5437500000000001 0.78046875 0.09062500000000001 0.13593750000000002
4 0.9226562500000001 0.93671875 0.15156250000000002 0.1203125
3 0.42734375 0.146875 0.060937500000000006 0.043750000000000004
3 0.5625 0.1171875 0.078125 0.053125000000000006
3 0.33203125 0.18359375 0.0671875 0.0421875
3 0.32421875 0.6453125000000001 0.1078125 0.037500000000000006
3 0.259375 0.60078125 0.11875000000000001 0.0671875
3 0.33984375 0.6804687500000001 0.1765625 0.0203125
3 0.34687500000000004 0.8914062500000001 0.0625 0.0765625
3 0.36484375 0.9656250000000001 0.0484375 0.065625
3 0.884375 0.7429687500000001 0.053125000000000006 0.060937500000000006
3 0.78828125 0.7468750000000001 0.0859375 0.043750000000000004
3 0.234375 0.08125 0.043750000000000004 0.025
3 0.31562500000000004 0.13125 0.03125 0.028125
3 0.28750000000000003 0.0484375 0.037500000000000006 0.021875000000000002
