7 0.48750000000000004 0.540625 0.384375 0.23125
3 0.39921875 0.7734375 0.1296875 0.10625000000000001
3 0.2921875 0.7671875 0.046875 0.043750000000000004
3 0.69453125 0.7406250000000001 0.1171875 0.05
7 0.8382812500000001 0.73203125 0.3140625 0.29531250000000003
4 0.7898437500000001 0.790625 0.4109375 0.403125
3 0.6265625 0.8203125 0.040625 0.037500000000000006
7 0.9554687500000001 0.61875 0.0734375 0.037500000000000006
4 0.23046875 0.90546875 0.1421875 0.18281250000000002
7 0.53046875 0.28671875 0.1640625 0.1234375
7 0.84296875 0.4734375 0.1296875 0.1125
3 0.8125 0.06015625 0.06875 0.060937500000000006
3 0.018750000000000003 0.85078125 0.034375 0.0765625
