7 0.07500000000000001 0.1609375 0.15000000000000002 0.1375
7 0.33046875000000003 0.3375 0.0921875 0.09062500000000001
7 0.36875 0.43515625 0.06875 0.0546875
7 0.24609375 0.56015625 0.1421875 0.1234375
3 0.6828125 0.3921875 0.15625 0.053125000000000006
3 0.6203125 0.44375000000000003 0.13125 0.028125
3 0.78046875 0.48671875000000003 0.1296875 0.0390625
3 0.9359375000000001 0.62265625 0.09375 0.07968750000000001
3 0.540625 0.6640625 0.146875 0.09375
3 0.921875 0.53828125 0.12812500000000002 0.0484375
