7 0.14375000000000002 0.146875 0.203125 0.25625000000000003
7 0.06406250000000001 0.46328125000000003 0.12812500000000002 0.2859375
7 0.51015625 0.21796875000000002 0.23593750000000002 0.2421875
7 0.6171875 0.36171875000000003 0.22812500000000002 0.1265625
7 0.8773437500000001 0.359375 0.1328125 0.10312500000000001
7 0.4578125 0.5390625 0.234375 0.22812500000000002
7 0.8851562500000001 0.08046875 0.2234375 0.1203125
7 0.3015625 0.30703125000000003 0.059375000000000004 0.051562500000000004
7 0.64453125 0.5593750000000001 0.1015625 0.1375
7 0.95703125 0.49531250000000004 0.0859375 0.140625
7 0.76171875 0.665625 0.1328125 0.053125000000000006
