7 0.7921875 0.1640625 0.0625 0.11875000000000001
7 0.9203125000000001 0.1703125 0.08750000000000001 0.115625
7 0.83203125 0.26015625000000003 0.0765625 0.1046875
7 0.73046875 0.446875 0.0546875 0.037500000000000006
7 0.7054687500000001 0.49843750000000003 0.0890625 0.0625
7 0.5085937500000001 0.42265625 0.0859375 0.17343750000000002
7 0.5242187500000001 0.15078125 0.0578125 0.051562500000000004
7 0.28046875 0.5203125000000001 0.15156250000000002 0.115625
3 0.3796875 0.47109375000000003 0.03125 0.0734375
7 0.29296875 0.69296875 0.09531250000000001 0.17343750000000002
7 0.6734375 0.83984375 0.08750000000000001 0.1328125
7 0.055468750000000004 0.27421875 0.0921875 0.1390625
7 0.0625 0.43984375000000003 0.08125 0.1484375
4 0.28984375 0.14453125 0.2328125 0.15156250000000002
3 0.7484375000000001 0.0234375 0.028125 0.046875
