3 0.85078125 0.18359375 0.06406250000000001 0.029687500000000002
3 0.9078125 0.421875 0.040625 0.037500000000000006
3 0.8562500000000001 0.43593750000000003 0.043750000000000004 0.028125
3 0.98359375 0.22421875000000002 0.0328125 0.0328125
3 0.2765625 0.640625 0.034375 0.025
3 0.28515625 0.696875 0.051562500000000004 0.015625
3 0.32265625000000003 0.7273437500000001 0.0234375 0.026562500000000003
3 0.1625 0.7507812500000001 0.053125000000000006 0.026562500000000003
3 0.0234375 0.596875 0.025 0.03125
3 0.27265625 0.40859375000000003 0.035937500000000004 0.0328125
3 0.25 0.33437500000000003 0.034375 0.037500000000000006
