3 0.31484375000000003 0.35000000000000003 0.1171875 0.10625000000000001
3 0.42421875000000003 0.22109375 0.0703125 0.1015625
3 0.5453125 0.20546875 0.12187500000000001 0.1765625
3 0.22109375 0.59140625 0.06406250000000001 0.09843750000000001
3 0.4734375 0.7375 0.11875000000000001 0.0625
3 0.6015625 0.35078125000000004 0.35000000000000003 0.18281250000000002
3 0.65234375 0.47109375000000003 0.0546875 0.029687500000000002
3 0.87109375 0.33671875 0.24531250000000002 0.1796875
3 0.040625 0.6335937500000001 0.059375000000000004 0.0484375
3 0.14609375 0.6484375 0.051562500000000004 0.0625
3 0.28046875 0.675 0.0890625 0.05
2 0.10703125000000001 0.10859375 0.20468750000000002 0.1296875
7 0.1296875 0.24765625000000002 0.15625 0.0765625
