7 0.5046875000000001 0.2765625 0.15625 0.125
7 0.7078125000000001 0.23984375000000002 0.09062500000000001 0.0890625
7 0.9398437500000001 0.275 0.11406250000000001 0.13125
7 0.81953125 0.2921875 0.0328125 0.040625
7 0.7578125 0.3765625 0.078125 0.07187500000000001
7 0.5242187500000001 0.37890625 0.07968750000000001 0.035937500000000004
7 0.48515625 0.47500000000000003 0.0921875 0.1125
7 0.57578125 0.52734375 0.051562500000000004 0.051562500000000004
7 0.12265625000000001 0.32109375 0.0765625 0.0921875
7 0.26171875 0.5828125000000001 0.20468750000000002 0.16562500000000002
7 0.3828125 0.584375 0.109375 0.078125
7 0.4546875 0.68359375 0.10625000000000001 0.07968750000000001
7 0.55625 0.6546875000000001 0.06875 0.084375
7 0.16718750000000002 0.83984375 0.21875 0.0765625
7 0.33203125 0.7234375000000001 0.07968750000000001 0.07187500000000001
7 0.41328125000000004 0.76484375 0.0765625 0.0390625
7 0.359375 0.8406250000000001 0.1 0.13125
7 0.81953125 0.48828125 0.23593750000000002 0.15156250000000002
3 0.8875000000000001 0.53125 0.065625 0.037500000000000006
