7 0.6671875 0.6585937500000001 0.1 0.1328125
7 0.7890625 0.703125 0.1375 0.184375
7 0.78828125 0.9320312500000001 0.0859375 0.1265625
7 0.71484375 0.7468750000000001 0.0765625 0.10312500000000001
3 0.6875 0.76328125 0.018750000000000003 0.029687500000000002
3 0.8562500000000001 0.6023437500000001 0.043750000000000004 0.0671875
3 0.775 0.5867187500000001 0.025 0.026562500000000003
3 0.59140625 0.51953125 0.026562500000000003 0.0390625
7 0.71640625 0.12734375 0.0734375 0.2078125
7 0.7992187500000001 0.039843750000000004 0.1234375 0.07968750000000001
7 0.26953125 0.8890625000000001 0.1390625 0.22187500000000002
7 0.27421875 0.675 0.045312500000000006 0.09062500000000001
7 0.65234375 0.98828125 0.0328125 0.0234375
3 0.7578125 0.53125 0.021875000000000002 0.025
3 0.68359375 0.49140625000000004 0.0203125 0.0203125
3 0.26796875000000003 0.53828125 0.045312500000000006 0.0328125
7 0.35000000000000003 0.35390625000000003 0.08125 0.1015625
7 0.3921875 0.96796875 0.046875 0.06406250000000001
7 0.35546875 0.91171875 0.0203125 0.060937500000000006
7 0.38515625000000003 0.8695312500000001 0.035937500000000004 0.035937500000000004
7 0.37812500000000004 0.815625 0.059375000000000004 0.043750000000000004
7 0.5515625000000001 0.946875 0.08750000000000001 0.10625000000000001
