5 0.44921875 0.565625 0.1453125 0.14375000000000002
5 0.41484375 0.44453125000000004 0.1203125 0.1078125
5 0.54609375 0.63046875 0.0890625 0.1640625
5 0.58203125 0.54453125 0.1171875 0.1328125
5 0.6125 0.46953125 0.20625000000000002 0.1203125
5 0.5632812500000001 0.39609375 0.1390625 0.0734375
3 0.17734375000000002 0.83203125 0.0484375 0.0234375
4 0.31953125000000004 0.3609375 0.18906250000000002 0.05625
3 0.240625 0.36640625000000004 0.025 0.0171875
3 0.3796875 0.35859375000000004 0.053125000000000006 0.0234375
3 0.31328125 0.48359375000000004 0.026562500000000003 0.0203125
3 0.3921875 0.375 0.034375 0.021875000000000002
3 0.79296875 0.1875 0.0734375 0.08125
3 0.91953125 0.10703125000000001 0.0546875 0.0171875
3 0.89375 0.02421875 0.0625 0.0484375
