3 0.696875 0.0015625 0.12187500000000001 0.003125
3 0.7796875000000001 0.03671875 0.046875 0.0734375
3 0.98359375 0.14140625 0.0328125 0.09531250000000001
3 0.58515625 0.06875 0.1859375 0.043750000000000004
3 0.47265625 0.19921875 0.2828125 0.1859375
3 0.36015625 0.36953125000000003 0.15781250000000002 0.08281250000000001
3 0.23359375000000002 0.40625 0.1203125 0.09062500000000001
3 0.053125000000000006 0.6218750000000001 0.065625 0.053125000000000006
3 0.5984375000000001 0.6484375 0.08750000000000001 0.0625
3 0.42031250000000003 0.9515625000000001 0.284375 0.096875
3 0.037500000000000006 0.065625 0.07500000000000001 0.13125
4 0.35625 0.91328125 0.7125 0.17343750000000002
4 0.33359375 0.66328125 0.6671875 0.22031250000000002
2 0.8812500000000001 0.19843750000000002 0.153125 0.10312500000000001
2 0.70234375 0.31328125 0.2921875 0.1328125
2 0.43046875 0.1875 0.15781250000000002 0.11875000000000001
2 0.11796875000000001 0.7015625000000001 0.23593750000000002 0.171875
2 0.4390625 0.584375 0.36562500000000003 0.115625
2 0.39687500000000003 0.7359375 0.22187500000000002 0.08125
