3 0.078125 0.13828125 0.05625 0.0734375
3 0.15000000000000002 0.11406250000000001 0.046875 0.025
3 0.20468750000000002 0.041406250000000006 0.0625 0.0546875
7 0.38359375 0.46953125 0.1421875 0.2859375
4 0.47421875 0.71796875 0.3203125 0.29531250000000003
4 0.55078125 0.41796875 0.2109375 0.2609375
3 0.4734375 0.71796875 0.025 0.060937500000000006
3 0.4265625 0.63046875 0.037500000000000006 0.0703125
3 0.47734375 0.78671875 0.1328125 0.0671875
3 0.57734375 0.6492187500000001 0.06406250000000001 0.0859375
7 0.28046875 0.79453125 0.060937500000000006 0.051562500000000004
3 0.56015625 0.09296875 0.0703125 0.060937500000000006
