7 0.4234375 0.6585937500000001 0.23125 0.20468750000000002
7 0.71015625 0.60078125 0.1171875 0.1921875
7 0.79453125 0.44843750000000004 0.09843750000000001 0.05625
7 0.64609375 0.48281250000000003 0.1390625 0.06875
7 0.58203125 0.43359375 0.060937500000000006 0.029687500000000002
7 0.40703125 0.5140625 0.1078125 0.065625
3 0.7984375 0.80390625 0.1125 0.07968750000000001
3 0.92578125 0.390625 0.06406250000000001 0.025
3 0.8718750000000001 0.44609375 0.034375 0.0421875
3 0.7015625000000001 0.36484375 0.05625 0.0390625
3 0.2890625 0.446875 0.05 0.05
7 0.5554687500000001 0.26328125 0.06406250000000001 0.0734375
