4 0.59296875 0.21171875 0.3953125 0.2921875
4 0.546875 0.6000000000000001 0.37812500000000004 0.30312500000000003
4 0.9375 0.9148437500000001 0.125 0.16718750000000002
4 0.6390625000000001 0.8093750000000001 0.225 0.11875000000000001
4 0.8328125000000001 0.5945312500000001 0.178125 0.3359375
5 0.15859375 0.8359375 0.1703125 0.19687500000000002
4 0.10078125 0.09531250000000001 0.18906250000000002 0.171875
3 0.7468750000000001 0.07265625 0.084375 0.0734375
3 0.72578125 0.22187500000000002 0.11406250000000001 0.08750000000000001
3 0.5906250000000001 0.21953125 0.153125 0.2515625
3 0.465625 0.12109375 0.084375 0.0734375
3 0.53828125 0.509375 0.1015625 0.09375
3 0.42031250000000003 0.5578125 0.09375 0.0625
3 0.08203125 0.1390625 0.0734375 0.034375
3 0.15859375 0.84140625 0.060937500000000006 0.0703125
3 0.3484375 0.6312500000000001 0.025 0.059375000000000004
3 0.384375 0.7390625000000001 0.065625 0.034375
3 0.2890625 0.6257812500000001 0.046875 0.060937500000000006
4 0.94921875 0.2734375 0.1015625 0.19687500000000002
