3 0.12265625000000001 0.6156250000000001 0.0578125 0.037500000000000006
3 0.06328125 0.634375 0.08281250000000001 0.05625
3 0.1125 0.77109375 0.08750000000000001 0.0578125
3 0.053125000000000006 0.77734375 0.046875 0.029687500000000002
3 0.30781250000000004 0.8523437500000001 0.06875 0.051562500000000004
3 0.40234375 0.90390625 0.0765625 0.0578125
3 0.35703125 0.721875 0.1171875 0.07500000000000001
3 0.44140625 0.66328125 0.0859375 0.06406250000000001
3 0.48515625 0.6117187500000001 0.0859375 0.0671875
3 0.22109375 0.47578125000000004 0.035937500000000004 0.029687500000000002
3 0.18046875 0.42812500000000003 0.045312500000000006 0.03125
3 0.0671875 0.46640625 0.1 0.0671875
2 0.4453125 0.34375 0.08750000000000001 0.0625
2 0.6109375 0.50234375 0.07187500000000001 0.051562500000000004
3 0.7054687500000001 0.56640625 0.07968750000000001 0.0578125
