3 0.36328125 0.525 0.0578125 0.053125000000000006
3 0.7445312500000001 0.69140625 0.035937500000000004 0.029687500000000002
3 0.66171875 0.6828125 0.026562500000000003 0.03125
3 0.8640625000000001 0.53046875 0.06875 0.06406250000000001
6 0.790625 0.6585937500000001 0.3125 0.11093750000000001
6 0.38515625000000003 0.525 0.1296875 0.21250000000000002
6 0.7429687500000001 0.47734375 0.1859375 0.051562500000000004
6 0.29453125 0.45156250000000003 0.1953125 0.12812500000000002
3 0.675 0.35468750000000004 0.08750000000000001 0.046875
6 0.7054687500000001 0.33359375 0.1265625 0.1203125
6 0.52265625 0.3453125 0.2328125 0.253125
6 0.4609375 0.3609375 0.134375 0.084375
6 0.7734375 0.39921875 0.2 0.13593750000000002
3 0.2625 0.434375 0.028125 0.028125
3 0.17734375000000002 0.62265625 0.0328125 0.0171875
6 0.52109375 0.8734375000000001 0.11406250000000001 0.19062500000000002
6 0.8187500000000001 0.80625 0.08750000000000001 0.034375
6 0.48515625 0.5546875 0.1421875 0.12812500000000002
6 0.67734375 0.5476562500000001 0.1265625 0.051562500000000004
3 0.7078125000000001 0.546875 0.034375 0.03125
