7 0.2421875 0.6960937500000001 0.040625 0.0390625
7 0.2078125 0.7039062500000001 0.015625 0.026562500000000003
7 0.61328125 0.9695312500000001 0.060937500000000006 0.060937500000000006
3 0.6375000000000001 0.6960937500000001 0.034375 0.0890625
7 0.4859375 0.66015625 0.078125 0.06406250000000001
3 0.45156250000000003 0.57734375 0.05625 0.0484375
7 0.94140625 0.7046875 0.0890625 0.278125
7 0.7734375 0.41796875 0.203125 0.1609375
7 0.92578125 0.41484375 0.0859375 0.0921875
7 0.8515625 0.6062500000000001 0.0625 0.13125
7 0.9007812500000001 0.56015625 0.0328125 0.11093750000000001
7 0.70625 0.87890625 0.125 0.20468750000000002
7 0.203125 0.8140625 0.025 0.07187500000000001
3 0.18203125 0.4546875 0.06406250000000001 0.034375
7 0.953125 0.22109375 0.09375 0.0703125
3 0.9593750000000001 0.26484375 0.03125 0.0390625
7 0.759375 0.225 0.034375 0.109375
