7 0.26484375 0.23359375000000002 0.07968750000000001 0.0421875
7 0.68359375 0.08359375000000001 0.0484375 0.026562500000000003
7 0.7718750000000001 0.10312500000000001 0.16875 0.05625
7 0.5453125 0.25546875 0.078125 0.08281250000000001
7 0.41875 0.33671875 0.10625000000000001 0.09843750000000001
7 0.7054687500000001 0.39296875000000003 0.0734375 0.1171875
7 0.83984375 0.3515625 0.06406250000000001 0.08750000000000001
7 0.54296875 0.403125 0.0671875 0.040625
7 0.1390625 0.5242187500000001 0.078125 0.07968750000000001
7 0.42421875000000003 0.4546875 0.035937500000000004 0.05
7 0.33046875000000003 0.58828125 0.09531250000000001 0.045312500000000006
7 0.3140625 0.82578125 0.065625 0.0734375
3 0.23593750000000002 0.7601562500000001 0.025 0.0203125
7 0.96640625 0.23750000000000002 0.0671875 0.078125
