4 0.53125 0.87109375 0.22187500000000002 0.09843750000000001
4 0.84375 0.88671875 0.15625 0.1546875
4 0.596875 0.540625 0.59375 0.42812500000000003
4 0.0546875 0.54453125 0.10312500000000001 0.2515625
4 0.21406250000000002 0.24609375 0.415625 0.33906250000000004
4 0.3921875 0.146875 0.240625 0.284375
4 0.134375 0.032031250000000004 0.265625 0.06406250000000001
4 0.26796875000000003 0.8617187500000001 0.3921875 0.2671875
3 0.21484375 0.79453125 0.1609375 0.1078125
3 0.8609375 0.9265625000000001 0.11875000000000001 0.078125
3 0.44921875 0.62265625 0.27968750000000003 0.2109375
3 0.6585937500000001 0.52578125 0.0734375 0.13593750000000002
3 0.7640625000000001 0.6234375000000001 0.08750000000000001 0.15000000000000002
