5 0.478125 0.5734375 0.115625 0.140625
5 0.496875 0.46328125000000003 0.178125 0.1078125
3 0.8171875000000001 0.19296875000000002 0.059375000000000004 0.09843750000000001
3 0.5734375 0.91328125 0.07500000000000001 0.0765625
3 0.265625 0.7937500000000001 0.084375 0.10312500000000001
3 0.2109375 0.94453125 0.046875 0.060937500000000006
3 0.2484375 0.584375 0.084375 0.040625
3 0.8359375 0.91796875 0.028125 0.0765625
3 0.55859375 0.6125 0.0578125 0.018750000000000003
3 0.3875 0.58515625 0.025 0.0484375
3 0.19140625 0.1703125 0.0421875 0.028125
3 0.3375 0.45234375000000004 0.021875000000000002 0.0421875
