3 0.8539062500000001 0.36562500000000003 0.0671875 0.096875
3 0.7109375 0.32421875 0.07500000000000001 0.0234375
3 0.7664062500000001 0.38593750000000004 0.1015625 0.05625
3 0.5 0.45156250000000003 0.15625 0.08125
3 0.38515625000000003 0.5109375 0.1265625 0.046875
3 0.19609375 0.50625 0.18906250000000002 0.06875
3 0.31171875000000004 0.64609375 0.15156250000000002 0.1328125
4 0.6726562500000001 0.65234375 0.2515625 0.2109375
3 0.675 0.63671875 0.30000000000000004 0.1546875
4 0.90546875 0.6781250000000001 0.18906250000000002 0.259375
4 0.5390625 0.7117187500000001 0.23750000000000002 0.1265625
3 0.9789062500000001 0.8289062500000001 0.0421875 0.0484375
3 0.91796875 0.89609375 0.1453125 0.0546875
3 0.25078125 0.41328125000000004 0.1328125 0.060937500000000006
4 0.06640625 0.10312500000000001 0.1328125 0.096875
4 0.8539062500000001 0.5085937500000001 0.07968750000000001 0.0703125
