7 0.96484375 0.7578125 0.0703125 0.15625
7 0.00859375 0.49921875000000004 0.0171875 0.1171875
7 0.41484375 0.54609375 0.2546875 0.1859375
7 0.32578125 0.39453125 0.1390625 0.11406250000000001
7 0.0484375 0.4859375 0.096875 0.15000000000000002
7 0.21953125 0.55859375 0.1328125 0.11406250000000001
7 0.23046875 0.3015625 0.1765625 0.10312500000000001
7 0.045312500000000006 0.3765625 0.09062500000000001 0.10312500000000001
3 0.41953125 0.67578125 0.1390625 0.09531250000000001
3 0.43125 0.36875 0.109375 0.07187500000000001
3 0.46015625000000004 0.290625 0.0765625 0.08750000000000001
3 0.5625 0.29453125 0.084375 0.0671875
3 0.828125 0.340625 0.08750000000000001 0.1
3 0.62265625 0.38125000000000003 0.1390625 0.125
3 0.62421875 0.4609375 0.0421875 0.037500000000000006
