3 0.8171875000000001 0.96015625 0.125 0.0484375
3 0.45859375 0.8656250000000001 0.0734375 0.0625
3 0.38359375 0.8765625 0.06406250000000001 0.05
3 0.50546875 0.64453125 0.0421875 0.0671875
7 0.1046875 0.39765625000000004 0.19062500000000002 0.40468750000000003
7 0.140625 0.06171875 0.07500000000000001 0.1203125
7 0.63984375 0.7296875 0.18281250000000002 0.23125
7 0.790625 0.77734375 0.0625 0.0859375
7 0.7375 0.45390625 0.1 0.08281250000000001
7 0.85859375 0.3359375 0.2703125 0.17500000000000002
7 0.465625 0.30078125 0.109375 0.1046875
7 0.3671875 0.36640625000000004 0.12187500000000001 0.2515625
7 0.5765625 0.209375 0.115625 0.225
7 0.9148437500000001 0.8500000000000001 0.07968750000000001 0.115625
7 0.9656250000000001 0.71875 0.0625 0.14375000000000002
7 0.7421875 0.5546875 0.096875 0.08125
