4 0.85078125 0.26875 0.2921875 0.12187500000000001
4 0.7921875 0.48281250000000003 0.125 0.178125
4 0.57578125 0.53046875 0.1796875 0.2171875
4 0.51796875 0.3359375 0.1203125 0.140625
4 0.49140625000000004 0.1078125 0.1484375 0.12187500000000001
4 0.3140625 0.27734375 0.19687500000000002 0.11406250000000001
4 0.39375000000000004 0.084375 0.08125 0.125
4 0.1546875 0.059375000000000004 0.08750000000000001 0.11875000000000001
4 0.0484375 0.02890625 0.096875 0.051562500000000004
3 0.07421875 0.23984375000000002 0.026562500000000003 0.0484375
3 0.1265625 0.17109375000000002 0.028125 0.0171875
3 0.29296875 0.23828125 0.035937500000000004 0.0171875
3 0.78515625 0.23828125 0.0703125 0.0421875
3 0.87890625 0.30000000000000004 0.060937500000000006 0.021875000000000002
7 0.9500000000000001 0.6234375000000001 0.096875 0.09062500000000001
7 0.80234375 0.6179687500000001 0.0890625 0.0578125
7 0.8484375000000001 0.71015625 0.096875 0.0921875
7 0.8148437500000001 0.6218750000000001 0.1421875 0.09375
7 0.8679687500000001 0.83984375 0.1390625 0.1234375
7 0.7132812500000001 0.92734375 0.0890625 0.051562500000000004
3 0.9890625000000001 0.9593750000000001 0.018750000000000003 0.028125
