7 0.29531250000000003 0.46953125 0.021875000000000002 0.0484375
7 0.321875 0.41640625000000003 0.078125 0.07968750000000001
3 0.37890625 0.37734375000000003 0.0546875 0.1265625
7 0.36640625000000004 0.6429687500000001 0.0578125 0.0890625
7 0.40859375000000003 0.5554687500000001 0.0546875 0.15156250000000002
7 0.51171875 0.47109375000000003 0.07968750000000001 0.1171875
3 0.59765625 0.44453125000000004 0.06406250000000001 0.0421875
3 0.659375 0.50390625 0.053125000000000006 0.0734375
7 0.57734375 0.58125 0.0421875 0.06875
7 0.6203125 0.55859375 0.028125 0.0484375
3 0.625 0.05859375 0.040625 0.0890625
7 0.8718750000000001 0.11953125 0.05 0.0703125
3 0.7859375000000001 0.32421875 0.08750000000000001 0.0921875
3 0.58359375 0.32421875 0.0890625 0.0421875
3 0.6898437500000001 0.1078125 0.0765625 0.043750000000000004
3 0.76953125 0.20234375000000002 0.0203125 0.0421875
