7 0.55625 0.32109375 0.275 0.1234375
3 0.4390625 0.2703125 0.10312500000000001 0.140625
7 0.24453125 0.5515625000000001 0.1234375 0.25
3 0.275 0.6484375 0.034375 0.06875
3 0.27109375 0.7625000000000001 0.035937500000000004 0.037500000000000006
3 0.27968750000000003 0.9359375000000001 0.15937500000000002 0.018750000000000003
3 0.27421875 0.8515625 0.035937500000000004 0.05
3 0.4859375 0.77890625 0.053125000000000006 0.1078125
3 0.43046875 0.7375 0.0234375 0.059375000000000004
3 0.44609375 0.5859375 0.0390625 0.11875000000000001
3 0.21250000000000002 0.9765625 0.15000000000000002 0.043750000000000004
7 0.06015625 0.47500000000000003 0.1203125 0.10312500000000001
7 0.1078125 0.59609375 0.11875000000000001 0.0328125
7 0.07968750000000001 0.546875 0.08125 0.037500000000000006
3 0.52890625 0.1875 0.1609375 0.09062500000000001
5 0.33046875000000003 0.5242187500000001 0.1015625 0.15781250000000002
5 0.5242187500000001 0.38593750000000004 0.1703125 0.09062500000000001
5 0.49140625000000004 0.24765625000000002 0.2390625 0.1953125
