7 0.5710937500000001 0.40468750000000003 0.2328125 0.12187500000000001
3 0.41875 0.36640625000000004 0.184375 0.060937500000000006
7 0.9164062500000001 0.83359375 0.15781250000000002 0.0703125
7 0.74375 0.8671875 0.16562500000000002 0.05625
7 0.71484375 0.78046875 0.1265625 0.0859375
7 0.60078125 0.8148437500000001 0.0921875 0.08281250000000001
7 0.375 0.8671875 0.140625 0.15625
7 0.41640625000000003 0.76171875 0.1859375 0.1078125
7 0.3609375 0.58984375 0.36562500000000003 0.1453125
7 0.7984375 0.56953125 0.178125 0.0921875
7 0.565625 0.49609375 0.184375 0.08281250000000001
7 0.82734375 0.44140625 0.34218750000000003 0.07968750000000001
7 0.11406250000000001 0.9539062500000001 0.08125 0.0671875
7 0.7515625 0.68125 0.134375 0.07187500000000001
