3 0.9890625000000001 0.5593750000000001 0.021875000000000002 0.1125
3 0.92734375 0.634375 0.1453125 0.12187500000000001
3 0.48125 0.925 0.096875 0.07187500000000001
3 0.38515625000000003 0.925 0.0734375 0.05625
3 0.50546875 0.9546875 0.1421875 0.09062500000000001
3 0.26484375 0.74921875 0.060937500000000006 0.045312500000000006
3 0.039843750000000004 0.40078125000000003 0.07968750000000001 0.0703125
3 0.31953125000000004 0.18671875000000002 0.0703125 0.051562500000000004
3 0.371875 0.13593750000000002 0.07187500000000001 0.053125000000000006
3 0.6578125 0.6335937500000001 0.084375 0.06406250000000001
3 0.36250000000000004 0.5632812500000001 0.0625 0.045312500000000006
