3 0.9078125 0.5281250000000001 0.1375 0.07187500000000001
3 0.63046875 0.55234375 0.051562500000000004 0.0734375
3 0.7937500000000001 0.6101562500000001 0.178125 0.0421875
3 0.6507812500000001 0.6648437500000001 0.1234375 0.0390625
3 0.7937500000000001 0.68671875 0.053125000000000006 0.0203125
3 0.5398437500000001 0.6960937500000001 0.0578125 0.035937500000000004
3 0.5484375 0.609375 0.025 0.03125
3 0.36015625 0.6796875 0.0671875 0.046875
3 0.7273437500000001 0.225 0.09531250000000001 0.034375
3 0.7828125 0.29296875 0.03125 0.045312500000000006
3 0.6570312500000001 0.2390625 0.0328125 0.040625
3 0.734375 0.0203125 0.1125 0.040625
3 0.8015625000000001 0.055468750000000004 0.03125 0.029687500000000002
3 0.97578125 0.21328125 0.035937500000000004 0.0421875
3 0.42109375000000004 0.060937500000000006 0.045312500000000006 0.043750000000000004
3 0.05859375 0.27265625 0.029687500000000002 0.0703125
3 0.26171875 0.40546875000000004 0.035937500000000004 0.0484375
3 0.46796875000000004 0.48281250000000003 0.0484375 0.053125000000000006
3 0.045312500000000006 0.55078125 0.09062500000000001 0.0390625
3 0.8453125 0.22734375 0.053125000000000006 0.0421875
3 0.87890625 0.17890625000000002 0.0421875 0.0234375
3 0.2328125 0.48750000000000004 0.040625 0.03125
3 0.921875 0.8367187500000001 0.018750000000000003 0.026562500000000003
3 0.9859375 0.76875 0.021875000000000002 0.034375
3 0.59609375 0.9546875 0.0328125 0.025
