7 0.6078125000000001 0.5593750000000001 0.359375 0.275
7 0.32578125 0.4609375 0.4859375 0.34687500000000004
7 0.61640625 0.421875 0.1921875 0.15000000000000002
7 0.2078125 0.2515625 0.30625 0.184375
7 0.359375 0.18515625000000002 0.15000000000000002 0.11406250000000001
7 0.7125 0.36953125000000003 0.16875 0.15156250000000002
7 0.79296875 0.40156250000000004 0.15781250000000002 0.134375
4 0.55390625 0.7468750000000001 0.19843750000000002 0.146875
4 0.19921875 0.80234375 0.18906250000000002 0.18281250000000002
4 0.17109375000000002 0.9609375 0.2015625 0.078125
4 0.30078125 0.909375 0.0921875 0.07187500000000001
3 0.45546875000000003 0.7781250000000001 0.1015625 0.096875
4 0.5945312500000001 0.7875000000000001 0.2515625 0.20625000000000002
3 0.4453125 0.82421875 0.209375 0.2109375
3 0.4 0.7195312500000001 0.07187500000000001 0.0484375
3 0.19687500000000002 0.8171875000000001 0.09062500000000001 0.09375
3 0.16640625 0.97265625 0.1421875 0.0546875
