7 0.584375 0.32656250000000003 0.178125 0.10312500000000001
7 0.44375000000000003 0.07187500000000001 0.08125 0.07187500000000001
7 0.45234375000000004 0.11796875000000001 0.1453125 0.060937500000000006
7 0.46718750000000003 0.27109375 0.078125 0.0484375
7 0.29765625 0.10625000000000001 0.06406250000000001 0.07187500000000001
7 0.3296875 0.259375 0.078125 0.11875000000000001
7 0.3984375 0.5125000000000001 0.07500000000000001 0.178125
7 0.44609375 0.49531250000000004 0.029687500000000002 0.10312500000000001
7 0.22890625 0.76484375 0.15156250000000002 0.15781250000000002
7 0.56171875 0.7125 0.0703125 0.19375
7 0.7265625 0.63984375 0.0625 0.1046875
7 0.53515625 0.47890625000000003 0.060937500000000006 0.1015625
7 0.41718750000000004 0.75 0.05 0.1375
7 0.503125 0.8828125 0.096875 0.05
7 0.4890625 0.83203125 0.1125 0.045312500000000006
7 0.4625 0.7609375 0.05 0.09062500000000001
3 0.8148437500000001 0.565625 0.0859375 0.040625
7 0.68125 0.49531250000000004 0.08125 0.0625
