7 0.27968750000000003 0.28515625 0.26875 0.1765625
4 0.41718750000000004 0.30625 0.521875 0.43125
3 0.51484375 0.259375 0.1640625 0.15000000000000002
3 0.7117187500000001 0.353125 0.15781250000000002 0.140625
4 0.7156250000000001 0.296875 0.253125 0.253125
4 0.63828125 0.1203125 0.2484375 0.171875
3 0.47890625000000003 0.7976562500000001 0.13593750000000002 0.1015625
3 0.46171875 0.9046875000000001 0.15156250000000002 0.1125
3 0.20078125000000002 0.76171875 0.1953125 0.1390625
3 0.9484375 0.46171875 0.10312500000000001 0.1078125
4 0.85703125 0.49453125000000003 0.2859375 0.21406250000000002
