7 0.52734375 0.42031250000000003 0.07968750000000001 0.09062500000000001
7 0.52265625 0.5875 0.2890625 0.134375
3 0.7117187500000001 0.659375 0.1765625 0.11875000000000001
3 0.2171875 0.734375 0.13125 0.1625
3 0.03671875 0.70859375 0.0546875 0.0734375
7 0.42890625000000004 0.19765625 0.1171875 0.0703125
7 0.8070312500000001 0.27187500000000003 0.1796875 0.08750000000000001
7 0.609375 0.15703125 0.13125 0.1171875
7 0.80859375 0.37812500000000004 0.08281250000000001 0.07500000000000001
3 0.3359375 0.36562500000000003 0.15000000000000002 0.034375
3 0.32109375 0.41328125000000004 0.1296875 0.0328125
3 0.27890625 0.6312500000000001 0.09531250000000001 0.046875
3 0.36875 0.609375 0.034375 0.10312500000000001
3 0.8601562500000001 0.6265625 0.0734375 0.096875
3 0.9070312500000001 0.71640625 0.0390625 0.0578125
7 0.70703125 0.09843750000000001 0.0703125 0.078125
3 0.035937500000000004 0.13125 0.07187500000000001 0.025
3 0.15078125 0.38125000000000003 0.0546875 0.053125000000000006
3 0.3671875 0.50625 0.046875 0.0625
7 0.06406250000000001 0.42734375 0.05625 0.0546875
3 0.37734375000000003 0.32656250000000003 0.0734375 0.0625
3 0.49296875 0.309375 0.0734375 0.0625
3 0.2078125 0.2765625 0.06875 0.05
3 0.37578125 0.2734375 0.07968750000000001 0.046875
