7 0.28671875 0.86640625 0.16718750000000002 0.1421875
7 0.91328125 0.59921875 0.16718750000000002 0.09843750000000001
7 0.659375 0.534375 0.125 0.134375
3 0.9593750000000001 0.43515625 0.07500000000000001 0.0234375
3 0.8234375 0.36484375 0.109375 0.0421875
3 0.65546875 0.24453125 0.060937500000000006 0.0921875
7 0.26406250000000003 0.6390625000000001 0.05 0.043750000000000004
7 0.02109375 0.39765625000000004 0.0421875 0.029687500000000002
3 0.290625 0.52109375 0.053125000000000006 0.026562500000000003
3 0.434375 0.58515625 0.059375000000000004 0.0234375
3 0.146875 0.33671875 0.05 0.07968750000000001
3 0.096875 0.2328125 0.03125 0.040625
3 0.01953125 0.1 0.0328125 0.021875000000000002
3 0.58046875 0.40156250000000004 0.0484375 0.037500000000000006
3 0.43125 0.43984375000000003 0.0625 0.0421875
