3 0.28750000000000003 0.7507812500000001 0.07500000000000001 0.0671875
3 0.2859375 0.64375 0.034375 0.021875000000000002
3 0.66328125 0.9359375000000001 0.0546875 0.040625
3 0.7468750000000001 0.9242187500000001 0.05 0.0390625
3 0.6960937500000001 0.8992187500000001 0.035937500000000004 0.026562500000000003
3 0.7921875 0.8125 0.03125 0.028125
3 0.7992187500000001 0.77734375 0.029687500000000002 0.035937500000000004
3 0.7765625 0.696875 0.034375 0.028125
3 0.8296875 0.6953125 0.040625 0.025
3 0.8515625 0.92578125 0.021875000000000002 0.0171875
3 0.6375000000000001 0.8390625 0.034375 0.037500000000000006
3 0.9125000000000001 0.80078125 0.028125 0.0234375
3 0.9359375000000001 0.7820312500000001 0.015625 0.010937500000000001
3 0.9859375 0.76875 0.028125 0.021875000000000002
7 0.52578125 0.5828125000000001 0.0390625 0.040625
3 0.46328125000000003 0.68359375 0.026562500000000003 0.0171875
3 0.82734375 0.5140625 0.0390625 0.040625
3 0.8695312500000001 0.53125 0.035937500000000004 0.034375
3 0.41328125000000004 0.52109375 0.051562500000000004 0.0421875
7 0.47890625000000003 0.5578125 0.0203125 0.015625
3 0.53125 0.540625 0.018750000000000003 0.009375000000000001
7 0.5484375 0.52890625 0.028125 0.035937500000000004
7 0.45937500000000003 0.49765625 0.043750000000000004 0.026562500000000003
7 0.31484375000000003 0.571875 0.029687500000000002 0.0125
3 0.21953125 0.50625 0.0671875 0.028125
3 0.209375 0.48046875 0.034375 0.010937500000000001
3 0.1625 0.47500000000000003 0.028125 0.028125
3 0.9828125000000001 0.38828125 0.018750000000000003 0.0140625
3 0.26015625000000003 0.09140625000000001 0.0546875 0.0203125
3 0.46406250000000004 0.060937500000000006 0.040625 0.025
7 0.45625000000000004 0.22031250000000002 0.109375 0.059375000000000004
7 0.45 0.1421875 0.0625 0.040625
3 0.51953125 0.171875 0.026562500000000003 0.034375
3 0.59375 0.13515625 0.025 0.0171875
3 0.6109375 0.084375 0.018750000000000003 0.025
3 0.7406250000000001 0.25703125 0.018750000000000003 0.0203125
3 0.8093750000000001 0.24531250000000002 0.037500000000000006 0.07500000000000001
3 0.8 0.178125 0.03125 0.028125
3 0.77734375 0.17578125 0.0328125 0.045312500000000006
3 0.73359375 0.15000000000000002 0.035937500000000004 0.028125
3 0.8171875000000001 0.051562500000000004 0.025 0.03125
3 0.94453125 0.23828125 0.035937500000000004 0.0484375
7 0.40859375000000003 0.053125000000000006 0.045312500000000006 0.03125
3 0.328125 0.04609375 0.053125000000000006 0.010937500000000001
3 0.9085937500000001 0.32421875 0.0421875 0.045312500000000006
3 0.05234375 0.44062500000000004 0.051562500000000004 0.05
3 0.01640625 0.42578125 0.0328125 0.035937500000000004
3 0.028125 0.6109375 0.053125000000000006 0.034375
3 0.14375000000000002 0.66796875 0.028125 0.0171875
3 0.68359375 0.65390625 0.1171875 0.0484375
3 0.578125 0.6335937500000001 0.043750000000000004 0.035937500000000004
3 0.7078125000000001 0.6257812500000001 0.018750000000000003 0.0171875
3 0.8070312500000001 0.6578125 0.0328125 0.025
3 0.49375 0.78515625 0.034375 0.0140625
