7 0.5765625 0.77109375 0.19375 0.2015625
7 0.6546875000000001 0.7156250000000001 0.08750000000000001 0.040625
7 0.66953125 0.95078125 0.0578125 0.0859375
7 0.5867187500000001 0.95703125 0.0921875 0.0328125
7 0.56640625 0.49375 0.2828125 0.18125000000000002
3 0.66015625 0.42109375000000004 0.0671875 0.0578125
3 0.62265625 0.146875 0.0921875 0.053125000000000006
3 0.5140625 0.3828125 0.08125 0.040625
4 0.26406250000000003 0.43984375000000003 0.215625 0.2390625
3 0.8875000000000001 0.4546875 0.053125000000000006 0.037500000000000006
3 0.86484375 0.39765625000000004 0.06406250000000001 0.026562500000000003
3 0.25546875 0.22265625 0.051562500000000004 0.045312500000000006
