3 0.8671875 0.20468750000000002 0.078125 0.05
7 0.64453125 0.49453125000000003 0.26406250000000003 0.18281250000000002
7 0.8601562500000001 0.34375 0.2328125 0.19375
7 0.9078125 0.215625 0.07187500000000001 0.05
7 0.86640625 0.14375000000000002 0.1203125 0.08750000000000001
7 0.7171875000000001 0.215625 0.037500000000000006 0.028125
7 0.70703125 0.24531250000000002 0.035937500000000004 0.028125
7 0.66953125 0.21484375 0.051562500000000004 0.0421875
7 0.578125 0.1921875 0.1375 0.08750000000000001
3 0.509375 0.36562500000000003 0.078125 0.07187500000000001
7 0.096875 0.29765625 0.19375 0.1484375
7 0.26953125 0.7757812500000001 0.20468750000000002 0.13593750000000002
3 0.20234375000000002 0.85546875 0.045312500000000006 0.035937500000000004
3 0.2765625 0.6117187500000001 0.109375 0.08281250000000001
7 0.37031250000000004 0.5515625000000001 0.096875 0.07500000000000001
7 0.43359375 0.45390625 0.1203125 0.09843750000000001
