7 0.1234375 0.40468750000000003 0.24375000000000002 0.146875
7 0.66796875 0.37343750000000003 0.1859375 0.22812500000000002
7 0.67890625 0.59140625 0.2171875 0.1640625
7 0.2546875 0.5867187500000001 0.39375000000000004 0.1703125
7 0.80625 0.17890625000000002 0.21875 0.0890625
7 0.95625 0.20703125 0.078125 0.0390625
7 0.9554687500000001 0.25703125 0.0703125 0.060937500000000006
7 0.54140625 0.19609375 0.09843750000000001 0.1015625
7 0.29453125 0.15625 0.1484375 0.15937500000000002
7 0.13125 0.22031250000000002 0.084375 0.11875000000000001
7 0.22812500000000002 0.015625 0.096875 0.028125
7 0.49140625000000004 0.45234375000000004 0.09531250000000001 0.0734375
7 0.88828125 0.42734375 0.1765625 0.0734375
7 0.7265625 0.478125 0.07500000000000001 0.043750000000000004
3 0.7265625 0.484375 0.046875 0.018750000000000003
3 0.278125 0.7625000000000001 0.034375 0.025
