7 0.8500000000000001 0.4390625 0.1375 0.203125
7 0.8578125000000001 0.27890625 0.078125 0.0671875
7 0.7078125000000001 0.2484375 0.065625 0.05
7 0.6156250000000001 0.32343750000000004 0.065625 0.09062500000000001
7 0.50546875 0.59609375 0.0546875 0.1421875
7 0.30312500000000003 0.6257812500000001 0.15000000000000002 0.16718750000000002
7 0.54609375 0.7664062500000001 0.20468750000000002 0.13593750000000002
7 0.42265625 0.584375 0.0234375 0.053125000000000006
7 0.38046875 0.49921875000000004 0.0203125 0.029687500000000002
7 0.39765625000000004 0.36640625000000004 0.0671875 0.1796875
7 0.4453125 0.22421875000000002 0.07187500000000001 0.1421875
7 0.21328125 0.43125 0.0671875 0.178125
7 0.0734375 0.2171875 0.053125000000000006 0.059375000000000004
7 0.13515625 0.36015625 0.0421875 0.0546875
7 0.0921875 0.39140625 0.05 0.0703125
7 0.09843750000000001 0.11171875 0.10625000000000001 0.09843750000000001
7 0.19921875 0.1453125 0.051562500000000004 0.046875
3 0.2078125 0.15000000000000002 0.03125 0.021875000000000002
3 0.55703125 0.065625 0.0203125 0.021875000000000002
7 0.58828125 0.49843750000000003 0.051562500000000004 0.037500000000000006
7 0.060937500000000006 0.5078125 0.12187500000000001 0.1
