4 0.21015625000000002 0.06171875 0.1640625 0.1171875
4 0.56171875 0.06953125 0.11406250000000001 0.13593750000000002
4 0.76328125 0.5906250000000001 0.1765625 0.18125000000000002
4 0.92578125 0.75390625 0.1453125 0.1609375
4 0.5007812500000001 0.9656250000000001 0.2703125 0.06875
4 0.109375 0.76875 0.20625000000000002 0.15937500000000002
4 0.1015625 0.603125 0.203125 0.22812500000000002
4 0.47578125000000004 0.5554687500000001 0.19843750000000002 0.1046875
3 0.53515625 0.56484375 0.060937500000000006 0.0765625
3 0.10625000000000001 0.59921875 0.1375 0.1703125
3 0.134375 0.775 0.14375000000000002 0.09375
3 0.39609375 0.7671875 0.09843750000000001 0.18125000000000002
3 0.5 0.6578125 0.07500000000000001 0.084375
3 0.7765625 0.54609375 0.084375 0.06406250000000001
3 0.7375 0.6203125 0.0625 0.040625
3 0.95078125 0.7265625 0.0859375 0.06875
3 0.8695312500000001 0.70859375 0.045312500000000006 0.0578125
3 0.9421875000000001 0.671875 0.07187500000000001 0.018750000000000003
3 0.9390625 0.5242187500000001 0.06875 0.0890625
3 0.8679687500000001 0.5554687500000001 0.0671875 0.08281250000000001
3 0.7679687500000001 0.43593750000000003 0.24531250000000002 0.16562500000000002
3 0.6046875 0.4609375 0.078125 0.07500000000000001
3 0.030468750000000003 0.384375 0.035937500000000004 0.096875
3 0.7578125 0.7601562500000001 0.1 0.051562500000000004
