7 0.5390625 0.32890625 0.1125 0.1078125
7 0.46484375 0.3375 0.0890625 0.22812500000000002
7 0.5109375 0.61640625 0.203125 0.1546875
7 0.35625 0.7078125000000001 0.096875 0.35000000000000003
7 0.060937500000000006 0.71640625 0.059375000000000004 0.0921875
7 0.18984375 0.7578125 0.1203125 0.07187500000000001
3 0.26484375 0.60859375 0.0390625 0.0765625
3 0.49843750000000003 0.2 0.040625 0.07187500000000001
7 0.36015625 0.478125 0.051562500000000004 0.065625
3 0.5281250000000001 0.5453125 0.08125 0.021875000000000002
