3 0.2078125 0.6921875000000001 0.140625 0.096875
7 0.65546875 0.56953125 0.27968750000000003 0.2390625
7 0.6265625 0.15156250000000002 0.115625 0.05625
7 0.77265625 0.09765625 0.1328125 0.0734375
7 0.59609375 0.0125 0.1484375 0.025
7 0.8375 0.2421875 0.10312500000000001 0.109375
7 0.54296875 0.27890625 0.1234375 0.1015625
7 0.978125 0.521875 0.043750000000000004 0.078125
3 0.24453125 0.99140625 0.0890625 0.0171875
3 0.31171875000000004 0.8375 0.060937500000000006 0.059375000000000004
3 0.5906250000000001 0.8796875000000001 0.0625 0.028125
