3 0.55859375 0.0734375 0.20468750000000002 0.146875
3 0.47734375 0.253125 0.09531250000000001 0.11875000000000001
3 0.43046875 0.47734375 0.1265625 0.1296875
3 0.665625 0.49609375 0.17500000000000002 0.15156250000000002
2 0.81015625 0.6781250000000001 0.3765625 0.18125000000000002
2 0.353125 0.6859375000000001 0.30000000000000004 0.153125
3 0.14921875 0.6898437500000001 0.0765625 0.0546875
2 0.1078125 0.703125 0.178125 0.096875
2 0.66796875 0.8671875 0.1609375 0.06875
2 0.6515625 0.95078125 0.19687500000000002 0.09843750000000001
2 0.72265625 0.17734375000000002 0.029687500000000002 0.0484375
