7 0.4140625 0.25234375000000003 0.19687500000000002 0.09531250000000001
7 0.38906250000000003 0.41718750000000004 0.16875 0.09062500000000001
7 0.66328125 0.328125 0.1046875 0.046875
7 0.4390625 0.5945312500000001 0.14375000000000002 0.15156250000000002
7 0.53359375 0.453125 0.16718750000000002 0.1875
7 0.68125 0.42734375 0.12812500000000002 0.09843750000000001
7 0.7171875000000001 0.22812500000000002 0.040625 0.028125
3 0.8671875 0.2765625 0.07500000000000001 0.07500000000000001
3 0.8546875 0.7312500000000001 0.05625 0.07187500000000001
3 0.2765625 0.7859375000000001 0.07187500000000001 0.07500000000000001
3 0.60859375 0.6890625 0.0734375 0.05625
3 0.4 0.98828125 0.10312500000000001 0.0234375
