7 0.11796875000000001 0.21875 0.06406250000000001 0.053125000000000006
7 0.5398437500000001 0.057031250000000006 0.1171875 0.11406250000000001
7 0.33906250000000004 0.13046875 0.10312500000000001 0.0671875
7 0.2234375 0.21015625000000002 0.153125 0.0765625
3 0.23593750000000002 0.3140625 0.059375000000000004 0.037500000000000006
7 0.340625 0.0328125 0.1125 0.040625
7 0.6015625 0.15078125 0.09375 0.060937500000000006
3 0.82734375 0.5734375 0.060937500000000006 0.08750000000000001
7 0.5140625 0.46171875 0.28750000000000003 0.17343750000000002
7 0.59375 0.63671875 0.10625000000000001 0.0734375
3 0.5453125 0.6414062500000001 0.07500000000000001 0.06406250000000001
3 0.5437500000000001 0.77734375 0.09062500000000001 0.06406250000000001
7 0.6492187500000001 0.853125 0.1609375 0.07187500000000001
7 0.7421875 0.74375 0.246875 0.09062500000000001
7 0.7132812500000001 0.66796875 0.06406250000000001 0.045312500000000006
7 0.5476562500000001 0.30234375 0.07968750000000001 0.13593750000000002
7 0.46875 0.26406250000000003 0.07500000000000001 0.10312500000000001
3 0.33906250000000004 0.75703125 0.059375000000000004 0.029687500000000002
7 0.33671875 0.70625 0.0546875 0.037500000000000006
