7 0.21171875 0.3359375 0.2765625 0.178125
7 0.7273437500000001 0.2578125 0.49843750000000003 0.15625
7 0.38828125 0.18046875 0.2703125 0.16718750000000002
7 0.25 0.553125 0.40625 0.22187500000000002
7 0.665625 0.7046875 0.11875000000000001 0.1875
7 0.52890625 0.8226562500000001 0.1484375 0.1265625
7 0.6937500000000001 0.8968750000000001 0.31562500000000004 0.11875000000000001
7 0.7734375 0.79453125 0.15000000000000002 0.11406250000000001
7 0.76171875 0.54453125 0.09843750000000001 0.11406250000000001
7 0.91328125 0.60703125 0.11093750000000001 0.15156250000000002
7 0.7351562500000001 0.44140625 0.1328125 0.08281250000000001
