3 0.50703125 0.1328125 0.045312500000000006 0.06875
3 0.21953125 0.97578125 0.0421875 0.035937500000000004
3 0.25078125 0.9320312500000001 0.026562500000000003 0.051562500000000004
3 0.24453125 0.8796875000000001 0.0390625 0.040625
7 0.49765625 0.33046875000000003 0.1296875 0.2234375
7 0.6351562500000001 0.47578125000000004 0.1953125 0.060937500000000006
7 0.48125 0.48828125 0.05 0.026562500000000003
7 0.371875 0.5140625 0.240625 0.09375
3 0.1875 0.50703125 0.059375000000000004 0.0328125
7 0.43046875 0.6664062500000001 0.22031250000000002 0.07968750000000001
7 0.48281250000000003 0.5867187500000001 0.07187500000000001 0.0328125
7 0.65 0.64375 0.1 0.03125
7 0.7039062500000001 0.57265625 0.1484375 0.0546875
