4 0.47578125000000004 0.9187500000000001 0.43281250000000004 0.15937500000000002
3 0.047656250000000004 0.12812500000000002 0.09531250000000001 0.234375
5 0.94296875 0.41875 0.11406250000000001 0.215625
3 0.46171875 0.05078125 0.3453125 0.1015625
4 0.34140625 0.11171875 0.2171875 0.11406250000000001
5 0.74375 0.32734375000000004 0.109375 0.16718750000000002
3 0.42812500000000003 0.55859375 0.12187500000000001 0.045312500000000006
4 0.14609375 0.9710937500000001 0.2734375 0.0578125
4 0.06796875000000001 0.38046875 0.13593750000000002 0.1921875
5 0.19921875 0.41015625 0.1046875 0.1484375
