7 0.19062500000000002 0.48828125 0.1375 0.1046875
7 0.21015625000000002 0.6429687500000001 0.0484375 0.1171875
7 0.3140625 0.66796875 0.10312500000000001 0.1484375
3 0.30078125 0.775 0.0203125 0.07500000000000001
4 0.5328125 0.41640625000000003 0.209375 0.2078125
4 0.33671875 0.51171875 0.06406250000000001 0.1859375
7 0.58203125 0.32656250000000003 0.0671875 0.096875
3 0.6218750000000001 0.27187500000000003 0.018750000000000003 0.043750000000000004
7 0.4921875 0.58203125 0.096875 0.1203125
3 0.47187500000000004 0.5734375 0.05625 0.05625
