3 0.784375 0.56171875 0.03125 0.060937500000000006
3 0.5703125 0.40078125000000003 0.034375 0.0859375
3 0.23750000000000002 0.40078125000000003 0.021875000000000002 0.1390625
3 0.20078125000000002 0.2921875 0.0234375 0.037500000000000006
3 0.48203125 0.60703125 0.06406250000000001 0.051562500000000004
3 0.38046875 0.7015625000000001 0.0421875 0.146875
3 0.6843750000000001 0.8671875 0.028125 0.12187500000000001
3 0.65390625 0.87890625 0.026562500000000003 0.1046875
3 0.045312500000000006 0.58046875 0.043750000000000004 0.2265625
3 0.32421875 0.30703125000000003 0.0546875 0.0421875
3 0.35546875 0.28359375000000003 0.026562500000000003 0.035937500000000004
3 0.56015625 0.5476562500000001 0.0546875 0.045312500000000006
3 0.032031250000000004 0.20078125000000002 0.051562500000000004 0.035937500000000004
3 0.0765625 0.018750000000000003 0.043750000000000004 0.037500000000000006
3 0.22031250000000002 0.08281250000000001 0.03125 0.05625
3 0.41171875 0.8500000000000001 0.0421875 0.053125000000000006
3 0.371875 0.8515625 0.043750000000000004 0.034375
3 0.565625 0.7625000000000001 0.025 0.046875
3 0.353125 0.5921875 0.015625 0.037500000000000006
3 0.34375 0.47578125000000004 0.053125000000000006 0.13593750000000002
3 0.31562500000000004 0.41328125000000004 0.05 0.0578125
3 0.28750000000000003 0.321875 0.065625 0.06875
3 0.7992187500000001 0.05859375 0.0546875 0.045312500000000006
3 0.9812500000000001 0.33984375 0.03125 0.0546875
3 0.675 0.534375 0.043750000000000004 0.043750000000000004
