3 0.9617187500000001 0.5375 0.0765625 0.278125
3 0.6296875000000001 0.45156250000000003 0.17500000000000002 0.15000000000000002
3 0.515625 0.26875 0.053125000000000006 0.043750000000000004
3 0.43515625 0.32421875 0.0578125 0.060937500000000006
3 0.50625 0.13125 0.096875 0.046875
3 0.010937500000000001 0.63671875 0.021875000000000002 0.045312500000000006
3 0.1203125 0.6390625000000001 0.08750000000000001 0.043750000000000004
3 0.52734375 0.796875 0.0890625 0.07187500000000001
3 0.8562500000000001 0.72421875 0.12187500000000001 0.07968750000000001
3 0.19296875000000002 0.309375 0.0734375 0.084375
3 0.86640625 0.44062500000000004 0.0890625 0.0625
