3 0.13359375 0.0625 0.09843750000000001 0.05
3 0.259375 0.15078125 0.15937500000000002 0.0390625
3 0.0390625 0.35234375 0.078125 0.0546875
3 0.1546875 0.37812500000000004 0.07187500000000001 0.065625
3 0.7625000000000001 0.8968750000000001 0.0625 0.046875
3 0.25234375000000003 0.9015625 0.0421875 0.025
4 0.1421875 0.29609375 0.284375 0.09531250000000001
3 0.47187500000000004 0.3328125 0.037500000000000006 0.028125
6 0.5085937500000001 0.3671875 0.1171875 0.125
6 0.55 0.33203125 0.125 0.0921875
3 0.3015625 0.45859375 0.07500000000000001 0.035937500000000004
7 0.68359375 0.46640625 0.11406250000000001 0.0546875
5 0.08828125 0.48046875 0.0546875 0.045312500000000006
5 0.09296875 0.4421875 0.060937500000000006 0.028125
5 0.34921875 0.41796875 0.08281250000000001 0.09843750000000001
5 0.478125 0.45234375000000004 0.171875 0.06406250000000001
3 0.7546875000000001 0.503125 0.025 0.028125
3 0.91953125 0.58359375 0.0578125 0.0328125
3 0.9617187500000001 0.64609375 0.0328125 0.0140625
3 0.2515625 0.96875 0.021875000000000002 0.025
3 0.6140625000000001 0.9796875 0.040625 0.028125
