7 0.63046875 0.13593750000000002 0.2734375 0.27187500000000003
7 0.85546875 0.15781250000000002 0.09843750000000001 0.18125000000000002
7 0.9500000000000001 0.19687500000000002 0.1 0.39375000000000004
7 0.7507812500000001 0.453125 0.18281250000000002 0.209375
7 0.40468750000000003 0.325 0.16562500000000002 0.18125000000000002
7 0.54609375 0.34765625 0.0671875 0.0703125
7 0.61484375 0.4140625 0.06406250000000001 0.084375
7 0.15625 0.45234375000000004 0.3125 0.2015625
7 0.19140625 0.56796875 0.18906250000000002 0.1203125
7 0.43515625 0.8406250000000001 0.1421875 0.31875000000000003
