3 0.878125 0.63671875 0.15625 0.0703125
3 0.30390625000000004 0.7828125 0.0765625 0.06875
3 0.48203125 0.26875 0.060937500000000006 0.07187500000000001
3 0.4859375 0.42734375 0.09375 0.0765625
3 0.33125000000000004 0.4296875 0.0625 0.05625
3 0.5320312500000001 0.5640625 0.06406250000000001 0.03125
3 0.67734375 0.5375 0.0546875 0.025
3 0.40234375 0.553125 0.060937500000000006 0.053125000000000006
3 0.35234375 0.6531250000000001 0.06406250000000001 0.059375000000000004
3 0.34140625 0.9015625 0.11093750000000001 0.08750000000000001
7 0.12578125 0.0546875 0.0890625 0.046875
7 0.09375 0.31953125000000004 0.1875 0.19843750000000002
7 0.1921875 0.1453125 0.109375 0.078125
