3 0.753125 0.58046875 0.24375000000000002 0.0890625
7 0.8226562500000001 0.3140625 0.06406250000000001 0.053125000000000006
3 0.8835937500000001 0.47187500000000004 0.0484375 0.046875
3 0.9164062500000001 0.51796875 0.029687500000000002 0.045312500000000006
3 0.76953125 0.43828125 0.051562500000000004 0.1046875
3 0.68671875 0.5085937500000001 0.051562500000000004 0.0703125
3 0.71640625 0.27734375 0.07968750000000001 0.06406250000000001
3 0.31328125 0.57734375 0.1046875 0.0421875
3 0.7890625 0.24609375 0.040625 0.08281250000000001
3 0.578125 0.34218750000000003 0.140625 0.1125
4 0.6664062500000001 0.19843750000000002 0.2546875 0.3125
3 0.29765625 0.013281250000000001 0.045312500000000006 0.026562500000000003
7 0.1 0.10390625 0.15625 0.1390625
3 0.44296875 0.4921875 0.0421875 0.05625
3 0.02109375 0.6546875000000001 0.0421875 0.043750000000000004
3 0.18046875 0.9750000000000001 0.0671875 0.043750000000000004
3 0.19687500000000002 0.92109375 0.046875 0.026562500000000003
3 0.51328125 0.71484375 0.0421875 0.029687500000000002
4 0.2390625 0.46640625 0.20625000000000002 0.0859375
