7 0.5421875 0.46796875000000004 0.12812500000000002 0.2578125
7 0.7328125000000001 0.6984375 0.1875 0.359375
7 0.85859375 0.60546875 0.11406250000000001 0.3359375
7 0.9750000000000001 0.5750000000000001 0.05 0.309375
7 0.9750000000000001 0.5375 0.05 0.184375
7 0.9398437500000001 0.32109375 0.1203125 0.1328125
7 0.6585937500000001 0.19453125000000002 0.0484375 0.18281250000000002
7 0.61328125 0.14140625 0.0484375 0.09531250000000001
7 0.44062500000000004 0.47500000000000003 0.065625 0.19687500000000002
7 0.33906250000000004 0.43593750000000003 0.1 0.08125
7 0.23750000000000002 0.328125 0.053125000000000006 0.09375
7 0.21328125 0.57578125 0.1421875 0.0921875
7 0.6039062500000001 0.02421875 0.1203125 0.0484375
7 0.11328125 0.39140625 0.045312500000000006 0.09843750000000001
