5 0.509375 0.584375 0.078125 0.046875
5 0.50234375 0.7484375000000001 0.1203125 0.203125
5 0.61328125 0.7367187500000001 0.0890625 0.16718750000000002
5 0.41953125 0.58359375 0.045312500000000006 0.0328125
5 0.50390625 0.34296875000000004 0.2734375 0.3921875
5 0.60703125 0.5476562500000001 0.2109375 0.1859375
3 0.4234375 0.39375000000000004 0.09375 0.09375
5 0.31328125 0.628125 0.1484375 0.1
5 0.27734375 0.49765625 0.09531250000000001 0.11406250000000001
5 0.18984375 0.37031250000000004 0.1171875 0.084375
3 0.6687500000000001 0.17421875 0.17500000000000002 0.06406250000000001
3 0.71875 0.2625 0.14375000000000002 0.1375
3 0.46328125000000003 0.055468750000000004 0.2546875 0.1078125
3 0.16171875000000002 0.49062500000000003 0.1015625 0.115625
3 0.06171875 0.6109375 0.1015625 0.15000000000000002
3 0.89609375 0.46875 0.0765625 0.08125
3 0.6078125000000001 0.97265625 0.29375 0.0484375
3 0.7898437500000001 0.11875000000000001 0.0890625 0.06875
