3 0.5703125 0.59765625 0.1 0.1546875
3 0.46640625 0.5765625 0.1046875 0.1125
3 0.3765625 0.54609375 0.043750000000000004 0.0734375
3 0.446875 0.328125 0.19375 0.17500000000000002
3 0.91328125 0.5640625 0.0921875 0.17500000000000002
3 0.85546875 0.4625 0.1015625 0.146875
3 0.68671875 0.23125 0.051562500000000004 0.05625
3 0.74765625 0.13593750000000002 0.045312500000000006 0.065625
3 0.08750000000000001 0.059375000000000004 0.16562500000000002 0.07187500000000001
4 0.7328125000000001 0.19609375 0.25625000000000003 0.17343750000000002
4 0.8 0.06796875000000001 0.16875 0.13593750000000002
4 0.8093750000000001 0.8515625 0.353125 0.1875
