7 0.26875 0.55390625 0.246875 0.0734375
7 0.44296875 0.66015625 0.0734375 0.1640625
7 0.34687500000000004 0.6765625000000001 0.14375000000000002 0.109375
7 0.3671875 0.403125 0.18125000000000002 0.11875000000000001
7 0.42578125 0.47578125000000004 0.08281250000000001 0.0421875
7 0.465625 0.40703125 0.10625000000000001 0.0671875
7 0.5125000000000001 0.53046875 0.0625 0.0421875
7 0.5437500000000001 0.5046875000000001 0.06875 0.046875
7 0.5828125000000001 0.43515625 0.115625 0.1171875
7 0.53359375 0.35546875 0.0546875 0.026562500000000003
7 0.41640625000000003 0.27578125000000003 0.19843750000000002 0.1546875
7 0.6218750000000001 0.26406250000000003 0.07500000000000001 0.1
7 0.6585937500000001 0.52109375 0.1203125 0.051562500000000004
7 0.64765625 0.5546875 0.0765625 0.053125000000000006
7 0.7132812500000001 0.4859375 0.07968750000000001 0.043750000000000004
7 0.8250000000000001 0.38515625000000003 0.146875 0.16718750000000002
7 0.83984375 0.25859375 0.08281250000000001 0.0703125
7 0.80859375 0.13046875 0.1015625 0.0765625
7 0.61484375 0.134375 0.15781250000000002 0.11875000000000001
