4 0.06953125 0.30078125 0.1390625 0.1078125
4 0.25390625 0.359375 0.1703125 0.12187500000000001
4 0.815625 0.4078125 0.22187500000000002 0.171875
4 0.86875 0.27265625 0.15000000000000002 0.1171875
4 0.44609375 0.4890625 0.1390625 0.109375
4 0.6328125 0.59296875 0.30000000000000004 0.17343750000000002
4 0.8921875 0.596875 0.203125 0.16875
3 0.8875000000000001 0.5437500000000001 0.11875000000000001 0.0625
3 0.79296875 0.07265625 0.045312500000000006 0.029687500000000002
3 0.88046875 0.11796875000000001 0.0765625 0.0484375
3 0.95625 0.053125000000000006 0.059375000000000004 0.09062500000000001
3 0.76875 0.37031250000000004 0.1 0.07187500000000001
4 0.17343750000000002 0.42031250000000003 0.17500000000000002 0.13125
4 0.33515625000000004 0.18281250000000002 0.2015625 0.096875
4 0.58046875 0.140625 0.2859375 0.08750000000000001
4 0.5609375 0.25078125 0.246875 0.1078125
