3 0.8171875000000001 0.31015625 0.215625 0.15156250000000002
3 0.9328125 0.15781250000000002 0.084375 0.06875
3 0.8109375000000001 0.18828125 0.0625 0.045312500000000006
3 0.9929687500000001 0.29765625 0.0140625 0.045312500000000006
3 0.85703125 0.65 0.11093750000000001 0.08125
3 0.8968750000000001 0.71640625 0.078125 0.0578125
3 0.77734375 0.7132812500000001 0.09531250000000001 0.08281250000000001
3 0.534375 0.5765625 0.1 0.08125
3 0.1203125 0.6875 0.2 0.140625
3 0.10390625 0.29921875000000003 0.1390625 0.1015625
3 0.43046875 0.5109375 0.060937500000000006 0.046875
3 0.3296875 0.5296875 0.07500000000000001 0.05
3 0.6109375 0.82578125 0.16562500000000002 0.11406250000000001
