3 0.73046875 0.060937500000000006 0.09531250000000001 0.08125
3 0.85546875 0.065625 0.0703125 0.05625
7 0.859375 0.23515625 0.05625 0.0578125
7 0.17109375000000002 0.5046875000000001 0.1453125 0.25
7 0.07421875 0.34765625 0.1484375 0.0734375
7 0.034375 0.40390625 0.065625 0.0703125
7 0.21953125 0.35546875 0.1328125 0.051562500000000004
7 0.40390625 0.41796875 0.0421875 0.035937500000000004
7 0.5320312500000001 0.49765625 0.2859375 0.1546875
7 0.40156250000000004 0.6039062500000001 0.13125 0.0890625
3 0.34453125 0.36328125 0.0390625 0.0234375
3 0.3640625 0.38125000000000003 0.040625 0.021875000000000002
7 0.7117187500000001 0.73203125 0.24531250000000002 0.1546875
3 0.91015625 0.6882812500000001 0.0546875 0.0203125
7 0.56875 0.64375 0.05625 0.040625
7 0.38984375000000004 0.7718750000000001 0.1234375 0.115625
7 0.4703125 0.87109375 0.1875 0.0765625
7 0.63046875 0.5906250000000001 0.1203125 0.028125
