3 0.61875 0.01171875 0.07500000000000001 0.0203125
3 0.8953125000000001 0.39765625000000004 0.037500000000000006 0.029687500000000002
3 0.8054687500000001 0.38515625000000003 0.1046875 0.045312500000000006
3 0.6171875 0.465625 0.028125 0.046875
3 0.30390625000000004 0.40156250000000004 0.0484375 0.05625
3 0.4390625 0.48515625 0.028125 0.08281250000000001
3 0.48828125 0.54609375 0.035937500000000004 0.0390625
3 0.5625 0.6039062500000001 0.059375000000000004 0.0390625
3 0.40468750000000003 0.53125 0.053125000000000006 0.05625
3 0.05234375 0.1609375 0.06406250000000001 0.09375
3 0.17109375000000002 0.9484375 0.0578125 0.025
3 0.28750000000000003 0.915625 0.059375000000000004 0.043750000000000004
3 0.5007812500000001 0.7757812500000001 0.0578125 0.0484375
3 0.02734375 0.9382812500000001 0.0546875 0.0703125
3 0.7132812500000001 0.9515625000000001 0.0484375 0.03125
2 0.89609375 0.9609375 0.0671875 0.028125
2 0.3640625 0.8984375 0.037500000000000006 0.046875
3 0.09609375 0.7765625 0.0546875 0.040625
2 0.775 0.9750000000000001 0.046875 0.028125
3 0.33125000000000004 0.9875 0.06875 0.018750000000000003
3 0.06796875000000001 0.35234375 0.0140625 0.0390625
