5 0.48750000000000004 0.3984375 0.17500000000000002 0.240625
5 0.58203125 0.503125 0.1390625 0.1875
5 0.38984375000000004 0.39140625 0.1546875 0.2265625
5 0.421875 0.50234375 0.15000000000000002 0.2109375
5 0.45078125 0.6000000000000001 0.1953125 0.253125
5 0.52578125 0.6468750000000001 0.1265625 0.1625
4 0.69140625 0.5320312500000001 0.1453125 0.1765625
3 0.734375 0.47734375 0.025 0.0328125
3 0.6570312500000001 0.5710937500000001 0.045312500000000006 0.0578125
3 0.6179687500000001 0.40078125000000003 0.029687500000000002 0.0390625
3 0.63984375 0.56171875 0.0328125 0.0421875
3 0.5203125000000001 0.9710937500000001 0.09375 0.0578125
