3 0.29609375 0.28828125 0.0671875 0.13593750000000002
3 0.215625 0.42500000000000004 0.1 0.084375
3 0.21796875000000002 0.49921875000000004 0.0546875 0.0421875
3 0.32265625000000003 0.6625000000000001 0.0328125 0.05625
3 0.38593750000000004 0.40234375 0.03125 0.0765625
3 0.41484375 0.37734375000000003 0.026562500000000003 0.060937500000000006
3 0.446875 0.5007812500000001 0.046875 0.09531250000000001
3 0.48750000000000004 0.5234375 0.034375 0.07187500000000001
3 0.5328125 0.603125 0.037500000000000006 0.06875
3 0.48515625 0.6570312500000001 0.026562500000000003 0.0546875
3 0.46796875000000004 0.13828125 0.035937500000000004 0.06406250000000001
