4 0.34609375000000003 0.2484375 0.6015625 0.4
4 0.08203125 0.21250000000000002 0.1640625 0.16875
4 0.6781250000000001 0.38046875 0.44062500000000004 0.26406250000000003
4 0.23046875 0.43046875 0.4609375 0.4296875
3 0.29375 0.728125 0.125 0.07187500000000001
3 0.2515625 0.8406250000000001 0.10625000000000001 0.078125
3 0.4265625 0.77734375 0.10625000000000001 0.08281250000000001
3 0.49921875000000004 0.7296875 0.1171875 0.078125
3 0.7515625 0.45859375 0.08125 0.060937500000000006
3 0.7351562500000001 0.3296875 0.1046875 0.08125
3 0.0390625 0.47578125000000004 0.078125 0.1265625
4 0.1296875 0.596875 0.259375 0.234375
3 0.6648437500000001 0.11640625 0.1390625 0.1046875
3 0.5515625000000001 0.19765625 0.153125 0.1421875
3 0.384375 0.20546875 0.19687500000000002 0.1484375
3 0.10703125000000001 0.23671875 0.0734375 0.0546875
3 0.26796875000000003 0.2546875 0.0734375 0.05625
3 0.278125 0.07187500000000001 0.26875 0.14375000000000002
4 0.75 0.2109375 0.25625000000000003 0.1875
