7 0.31640625 0.47500000000000003 0.2171875 0.16875
7 0.29296875 0.7210937500000001 0.15156250000000002 0.18281250000000002
3 0.32578125 0.8453125 0.20468750000000002 0.13125
7 0.09140625000000001 0.83359375 0.18281250000000002 0.1234375
3 0.6335937500000001 0.8500000000000001 0.1453125 0.1125
3 0.75 0.67578125 0.115625 0.051562500000000004
3 0.6484375 0.096875 0.11875000000000001 0.1375
3 0.30859375 0.02734375 0.3015625 0.051562500000000004
3 0.12578125 0.22031250000000002 0.0671875 0.08750000000000001
3 0.36250000000000004 0.38671875 0.07500000000000001 0.0890625
3 0.64765625 0.30390625000000004 0.1046875 0.0421875
7 0.8609375 0.19765625 0.08750000000000001 0.051562500000000004
7 0.84375 0.0421875 0.05625 0.08125
7 0.9031250000000001 0.12890625 0.07187500000000001 0.0765625
7 0.88984375 0.26015625000000003 0.1328125 0.0671875
7 0.7468750000000001 0.0765625 0.06875 0.1
7 0.7609375 0.15703125 0.0625 0.0328125
7 0.38593750000000004 0.61484375 0.059375000000000004 0.0421875
3 0.041406250000000006 0.047656250000000004 0.0734375 0.0859375
