3 0.8859375 0.01640625 0.134375 0.0328125
7 0.09531250000000001 0.6109375 0.19062500000000002 0.35625
7 0.02734375 0.38593750000000004 0.0546875 0.10625000000000001
7 0.15703125 0.39687500000000003 0.18906250000000002 0.07500000000000001
7 0.42031250000000003 0.48515625 0.059375000000000004 0.051562500000000004
7 0.6039062500000001 0.6000000000000001 0.4078125 0.22187500000000002
7 0.41718750000000004 0.753125 0.1875 0.12812500000000002
3 0.33515625000000004 0.4078125 0.0546875 0.034375
3 0.3640625 0.434375 0.059375000000000004 0.03125
7 0.8421875000000001 0.9125000000000001 0.31562500000000004 0.17500000000000002
7 0.6546875000000001 0.8093750000000001 0.08125 0.059375000000000004
7 0.4 0.9546875 0.17500000000000002 0.09062500000000001
7 0.74375 0.734375 0.171875 0.040625
