4 0.29609375 0.6421875 0.5859375 0.24375000000000002
3 0.13046875 0.6023437500000001 0.1796875 0.09843750000000001
3 0.11328125 0.32734375000000004 0.2109375 0.1234375
3 0.54609375 0.41953125 0.2078125 0.0703125
3 0.7078125000000001 0.259375 0.225 0.16875
3 0.9460937500000001 0.44062500000000004 0.09843750000000001 0.0625
3 0.55859375 0.51796875 0.1859375 0.0578125
3 0.71875 0.6000000000000001 0.084375 0.06875
3 0.72421875 0.48828125 0.1203125 0.1015625
3 0.775 0.07890625000000001 0.125 0.1046875
3 0.18671875000000002 0.13046875 0.1390625 0.0859375
3 0.32265625000000003 0.11484375000000001 0.11406250000000001 0.051562500000000004
3 0.6312500000000001 0.1015625 0.08125 0.140625
3 0.41484375 0.022656250000000003 0.1453125 0.045312500000000006
4 0.15546875000000002 0.93671875 0.1640625 0.1203125
4 0.32343750000000004 0.93125 0.08750000000000001 0.13125
3 0.484375 0.9203125000000001 0.12187500000000001 0.10625000000000001
3 0.54609375 0.8265625000000001 0.1046875 0.05625
3 0.42578125 0.8132812500000001 0.1703125 0.051562500000000004
3 0.6218750000000001 0.88671875 0.059375000000000004 0.06406250000000001
3 0.9476562500000001 0.78671875 0.08281250000000001 0.035937500000000004
3 0.5320312500000001 0.6585937500000001 0.06406250000000001 0.026562500000000003
3 0.13515625 0.16015625 0.0765625 0.0484375
