3 0.017968750000000002 0.4234375 0.035937500000000004 0.043750000000000004
7 0.6109375 0.059375000000000004 0.084375 0.11875000000000001
7 0.29921875000000003 0.12421875 0.2328125 0.1328125
7 0.453125 0.049218750000000006 0.10312500000000001 0.0671875
7 0.5265625 0.35781250000000003 0.084375 0.25625000000000003
7 0.11406250000000001 0.5007812500000001 0.1 0.15781250000000002
7 0.7210937500000001 0.66953125 0.2265625 0.18906250000000002
7 0.31953125000000004 0.60703125 0.0859375 0.2671875
7 0.3640625 0.33125000000000004 0.065625 0.171875
7 0.40468750000000003 0.790625 0.15000000000000002 0.10625000000000001
7 0.46328125000000003 0.65 0.1421875 0.178125
7 0.18281250000000002 0.35625 0.10625000000000001 0.07187500000000001
