7 0.5703125 0.01640625 0.059375000000000004 0.0328125
3 0.6015625 0.0859375 0.065625 0.05
7 0.49375 0.12109375 0.053125000000000006 0.0421875
7 0.44453125000000004 0.1875 0.0765625 0.05625
7 0.5609375 0.18828125 0.078125 0.0546875
7 0.603125 0.2328125 0.08750000000000001 0.065625
7 0.54921875 0.2421875 0.0578125 0.046875
7 0.44140625 0.2546875 0.060937500000000006 0.043750000000000004
7 0.47890625000000003 0.28671875 0.11093750000000001 0.07968750000000001
7 0.58125 0.275 0.15000000000000002 0.10312500000000001
7 0.43515625 0.33671875 0.06406250000000001 0.0484375
7 0.35625 0.41250000000000003 0.19687500000000002 0.1375
7 0.6726562500000001 0.7234375000000001 0.16718750000000002 0.12187500000000001
7 0.63203125 0.790625 0.1078125 0.078125
3 0.43125 0.4546875 0.07187500000000001 0.05625
3 0.465625 0.6062500000000001 0.084375 0.065625
7 0.58515625 0.54609375 0.06406250000000001 0.0484375
4 0.8265625000000001 0.36328125 0.12187500000000001 0.0921875
3 0.83359375 0.37109375 0.0546875 0.0421875
4 0.8382812500000001 0.49843750000000003 0.3140625 0.234375
4 0.7328125000000001 0.4109375 0.115625 0.084375
4 0.753125 0.47578125000000004 0.16562500000000002 0.1328125
4 0.44453125000000004 0.6335937500000001 0.2265625 0.1609375
4 0.6351562500000001 0.521875 0.0765625 0.0625
4 0.95703125 0.68125 0.0859375 0.06875
7 0.8382812500000001 0.18984375 0.0578125 0.045312500000000006
7 0.72421875 0.22187500000000002 0.1046875 0.08125
4 0.8015625000000001 0.23359375000000002 0.2 0.1390625
3 0.30000000000000004 0.2390625 0.125 0.109375
3 0.47734375 0.3671875 0.0578125 0.040625
4 0.9437500000000001 0.40625 0.1125 0.146875
7 0.3015625 0.64765625 0.1625 0.1171875
7 0.09453125000000001 0.7109375 0.18906250000000002 0.15937500000000002
7 0.29453125 0.76171875 0.0859375 0.0578125
7 0.05 0.8140625 0.1 0.09062500000000001
7 0.21406250000000002 0.82734375 0.078125 0.0578125
3 0.42578125 0.971875 0.0921875 0.05625
7 0.43593750000000003 0.78828125 0.078125 0.060937500000000006
3 0.3765625 0.8109375000000001 0.06875 0.05
7 0.2984375 0.9203125000000001 0.19687500000000002 0.153125
3 0.21484375 0.9789062500000001 0.0484375 0.035937500000000004
4 0.2078125 0.546875 0.215625 0.178125
3 0.53125 0.7140625 0.05 0.034375
4 0.3046875 0.22265625 0.18125000000000002 0.1453125
3 0.32578125 0.253125 0.0703125 0.05625
