4 0.49062500000000003 0.1421875 0.19687500000000002 0.284375
3 0.4625 0.12421875 0.08750000000000001 0.15156250000000002
4 0.8773437500000001 0.19921875 0.1296875 0.17343750000000002
4 0.5859375 0.0203125 0.153125 0.040625
3 0.77734375 0.40625 0.08281250000000001 0.13125
3 0.2828125 0.36796875 0.065625 0.0734375
3 0.29921875000000003 0.17421875 0.035937500000000004 0.0578125
3 0.73046875 0.7718750000000001 0.051562500000000004 0.06875
3 0.76875 0.22109375 0.037500000000000006 0.0546875
3 0.6734375 0.00859375 0.06875 0.0171875
3 0.1 0.26796875000000003 0.053125000000000006 0.0734375
3 0.060937500000000006 0.284375 0.028125 0.034375
