3 0.35859375000000004 0.284375 0.13593750000000002 0.08125
3 0.44140625 0.4296875 0.18281250000000002 0.115625
3 0.50625 0.3375 0.05625 0.06875
3 0.23515625 0.8484375000000001 0.1203125 0.059375000000000004
3 0.6359375 0.63046875 0.23750000000000002 0.11093750000000001
3 0.53828125 0.7664062500000001 0.0578125 0.029687500000000002
7 0.7250000000000001 0.97421875 0.209375 0.051562500000000004
3 0.43125 0.12734375 0.240625 0.06406250000000001
3 0.9390625 0.078125 0.12187500000000001 0.08750000000000001
3 0.8617187500000001 0.9031250000000001 0.0328125 0.046875
