7 0.9242187500000001 0.8375 0.15156250000000002 0.1375
7 0.66796875 0.6609375000000001 0.0921875 0.09062500000000001
7 0.6296875000000001 0.5632812500000001 0.06875 0.0546875
7 0.7523437500000001 0.43828125 0.1421875 0.1234375
3 0.31562500000000004 0.6062500000000001 0.15625 0.053125000000000006
3 0.37812500000000004 0.5546875 0.13125 0.028125
3 0.21796875000000002 0.51171875 0.1296875 0.0390625
3 0.0625 0.37578125 0.09375 0.07968750000000001
3 0.4578125 0.33437500000000003 0.146875 0.09375
3 0.0765625 0.46015625000000004 0.12812500000000002 0.0484375
