7 0.7765625 0.4859375 0.08125 0.18125000000000002
7 0.6125 0.534375 0.10625000000000001 0.29375
7 0.6804687500000001 0.8328125000000001 0.15156250000000002 0.20625000000000002
7 0.87265625 0.8406250000000001 0.16718750000000002 0.31562500000000004
7 0.49531250000000004 0.2546875 0.096875 0.12187500000000001
7 0.578125 0.1046875 0.09062500000000001 0.065625
7 0.41796875 0.728125 0.1640625 0.146875
7 0.49296875 0.6265625 0.0671875 0.178125
7 0.5398437500000001 0.65234375 0.0546875 0.0578125
7 0.16953125000000002 0.5906250000000001 0.06406250000000001 0.225
7 0.03828125 0.571875 0.0765625 0.115625
7 0.6125 0.029687500000000002 0.09375 0.059375000000000004
7 0.78125 0.07578125000000001 0.065625 0.11093750000000001
7 0.6960937500000001 0.546875 0.0859375 0.2
