4 0.096875 0.9109375000000001 0.084375 0.16562500000000002
4 0.21250000000000002 0.7976562500000001 0.10312500000000001 0.09531250000000001
4 0.446875 0.6359375 0.096875 0.08750000000000001
4 0.1796875 0.565625 0.065625 0.18125000000000002
4 0.16171875000000002 0.43828125 0.2015625 0.09531250000000001
7 0.13359375 0.75 0.0578125 0.146875
7 0.7210937500000001 0.28671875 0.1953125 0.2890625
7 0.77109375 0.6234375000000001 0.1203125 0.078125
3 0.3015625 0.29531250000000003 0.10312500000000001 0.08125
3 0.39453125 0.26406250000000003 0.0390625 0.037500000000000006
3 0.16171875000000002 0.0171875 0.0390625 0.03125
4 0.25234375000000003 0.15781250000000002 0.0546875 0.21250000000000002
3 0.5546875 0.453125 0.05625 0.03125
4 0.5593750000000001 0.45859375 0.10312500000000001 0.06406250000000001
7 0.634375 0.92578125 0.16875 0.1421875
7 0.55078125 0.67578125 0.1234375 0.1484375
7 0.43984375000000003 0.74140625 0.1546875 0.1234375
4 0.39765625000000004 0.41015625 0.09531250000000001 0.11093750000000001
7 0.45390625 0.4296875 0.0328125 0.1
7 0.27109375 0.53046875 0.0484375 0.07968750000000001
5 0.96015625 0.16875 0.07968750000000001 0.18125000000000002
5 0.8734375000000001 0.20859375000000002 0.065625 0.1171875
7 0.67578125 0.078125 0.09531250000000001 0.15625
