4 0.66015625 0.4625 0.22968750000000002 0.1625
4 0.7585937500000001 0.30781250000000004 0.1921875 0.21875
4 0.30703125000000003 0.8828125 0.1234375 0.12812500000000002
4 0.4859375 0.57578125 0.15625 0.1546875
4 0.4890625 0.09375 0.309375 0.16875
4 0.09921875000000001 0.7992187500000001 0.1953125 0.38593750000000004
4 0.89609375 0.7828125 0.2078125 0.40937500000000004
4 0.9375 0.32343750000000004 0.115625 0.203125
3 0.14921875 0.2890625 0.0390625 0.07500000000000001
3 0.34296875000000004 0.33359375 0.0734375 0.0859375
3 0.39453125 0.6578125 0.0671875 0.08750000000000001
3 0.7351562500000001 0.31953125000000004 0.08281250000000001 0.18906250000000002
3 0.96015625 0.3453125 0.0578125 0.12187500000000001
3 0.23359375000000002 0.025781250000000002 0.051562500000000004 0.0421875
3 0.6421875 0.8328125000000001 0.096875 0.07500000000000001
3 0.16875 0.9125000000000001 0.043750000000000004 0.08750000000000001
3 0.08281250000000001 0.9609375 0.05625 0.07187500000000001
3 0.3203125 0.8640625000000001 0.043750000000000004 0.078125
