4 0.9078125 0.48281250000000003 0.171875 0.340625
4 0.64453125 0.62109375 0.3296875 0.3921875
4 0.26484375 0.6703125000000001 0.29531250000000003 0.44062500000000004
4 0.5765625 0.9375 0.10625000000000001 0.109375
4 0.32656250000000003 0.08281250000000001 0.24375000000000002 0.153125
4 0.21328125 0.1640625 0.15781250000000002 0.21875
4 0.09531250000000001 0.21406250000000002 0.10312500000000001 0.28750000000000003
4 0.09062500000000001 0.8226562500000001 0.15937500000000002 0.2015625
4 0.40703125 0.8328125000000001 0.1234375 0.140625
3 0.6820312500000001 0.7468750000000001 0.1453125 0.19062500000000002
3 0.20234375000000002 0.6953125 0.051562500000000004 0.12187500000000001
3 0.07500000000000001 0.8578125000000001 0.109375 0.12187500000000001
4 0.64453125 0.32109375 0.22031250000000002 0.1796875
