7 0.26953125 0.3765625 0.18906250000000002 0.10625000000000001
7 0.055468750000000004 0.24375000000000002 0.11093750000000001 0.1125
7 0.52109375 0.178125 0.07968750000000001 0.065625
7 0.5375 0.46718750000000003 0.08750000000000001 0.22812500000000002
7 0.66796875 0.23203125000000002 0.1265625 0.0890625
4 0.8046875 0.9109375000000001 0.390625 0.178125
3 0.8601562500000001 0.82578125 0.0734375 0.0703125
3 0.91328125 0.78671875 0.16718750000000002 0.0859375
3 0.59765625 0.6531250000000001 0.060937500000000006 0.037500000000000006
3 0.8289062500000001 0.5320312500000001 0.15781250000000002 0.1015625
3 0.35000000000000003 0.5234375 0.06875 0.034375
7 0.096875 0.57265625 0.17500000000000002 0.07968750000000001
3 0.27265625 0.01640625 0.060937500000000006 0.0328125
6 0.54296875 0.05234375 0.1765625 0.1046875
3 0.21875 0.01953125 0.043750000000000004 0.0390625
3 0.9640625 0.02109375 0.07187500000000001 0.0421875
3 0.8148437500000001 0.10546875 0.0546875 0.035937500000000004
3 0.5437500000000001 0.7117187500000001 0.065625 0.0328125
7 0.40859375000000003 0.246875 0.1203125 0.043750000000000004
3 0.20703125 0.48203125 0.0765625 0.026562500000000003
