3 0.6414062500000001 0.61484375 0.0484375 0.0671875
3 0.5703125 0.58125 0.059375000000000004 0.140625
4 0.8421875000000001 0.043750000000000004 0.240625 0.08750000000000001
7 0.64375 0.09062500000000001 0.05625 0.07187500000000001
4 0.45625000000000004 0.0546875 0.096875 0.109375
3 0.09453125000000001 0.35546875 0.0546875 0.0859375
3 0.7796875000000001 0.8796875000000001 0.046875 0.028125
3 0.67734375 0.421875 0.0921875 0.1375
5 0.80625 0.18671875000000002 0.06875 0.1390625
5 0.6664062500000001 0.16718750000000002 0.0765625 0.140625
3 0.8921875 0.5171875 0.0625 0.059375000000000004
3 0.14375000000000002 0.18046875 0.028125 0.0484375
5 0.7359375 0.33125000000000004 0.043750000000000004 0.07500000000000001
5 0.9109375000000001 0.15546875000000002 0.109375 0.13593750000000002
