7 0.32421875 0.534375 0.1421875 0.27187500000000003
7 0.44453125000000004 0.38984375000000004 0.0546875 0.1078125
7 0.56796875 0.43203125000000003 0.15156250000000002 0.1609375
7 0.24609375 0.12265625000000001 0.1328125 0.24531250000000002
7 0.55078125 0.81171875 0.2421875 0.1921875
7 0.70234375 0.540625 0.2703125 0.153125
7 0.5578125 0.265625 0.23750000000000002 0.21875
7 0.47500000000000003 0.06953125 0.11875000000000001 0.0765625
7 0.3640625 0.0703125 0.065625 0.09375
7 0.09140625000000001 0.3640625 0.16718750000000002 0.115625
3 0.22734375 0.390625 0.0671875 0.109375
