3 0.24765625000000002 0.05 0.0890625 0.09375
3 0.36250000000000004 0.0625 0.084375 0.11875000000000001
3 0.81015625 0.11093750000000001 0.0703125 0.043750000000000004
3 0.8609375 0.178125 0.034375 0.059375000000000004
3 0.82421875 0.057031250000000006 0.06406250000000001 0.11406250000000001
3 0.8 0.42812500000000003 0.040625 0.03125
3 0.96875 0.9539062500000001 0.059375000000000004 0.0765625
3 0.9609375 0.8132812500000001 0.05625 0.0671875
3 0.6765625000000001 0.921875 0.046875 0.06875
3 0.37343750000000003 0.9203125000000001 0.043750000000000004 0.040625
3 0.309375 0.93125 0.043750000000000004 0.043750000000000004
3 0.51015625 0.2609375 0.045312500000000006 0.059375000000000004
3 0.6171875 0.5359375000000001 0.028125 0.05
7 0.060937500000000006 0.2234375 0.053125000000000006 0.12812500000000002
7 0.1015625 0.057031250000000006 0.0625 0.1046875
