4 0.2625 0.014843750000000001 0.1375 0.029687500000000002
4 0.3640625 0.4265625 0.421875 0.146875
4 0.35546875 0.66171875 0.3484375 0.1609375
4 0.7523437500000001 0.2984375 0.19843750000000002 0.203125
4 0.8 0.6375000000000001 0.21875 0.19375
3 0.9539062500000001 0.91796875 0.035937500000000004 0.045312500000000006
7 0.60859375 0.037500000000000006 0.23593750000000002 0.07500000000000001
3 0.6273437500000001 0.16953125000000002 0.0390625 0.0421875
3 0.36640625000000004 0.33125000000000004 0.15781250000000002 0.0625
7 0.09531250000000001 0.265625 0.10312500000000001 0.109375
3 0.49453125000000003 0.12890625 0.08281250000000001 0.07968750000000001
7 0.86484375 0.53828125 0.1265625 0.19843750000000002
7 0.89453125 0.3484375 0.16718750000000002 0.15937500000000002
3 0.5789062500000001 0.52578125 0.026562500000000003 0.035937500000000004
3 0.64609375 0.5453125 0.0671875 0.125
4 0.28828125 0.58359375 0.1765625 0.11093750000000001
3 0.8515625 0.94296875 0.115625 0.0484375
