3 0.5515625000000001 0.7742187500000001 0.07187500000000001 0.045312500000000006
3 0.7515625 0.8546875 0.20625000000000002 0.153125
3 0.53515625 0.6062500000000001 0.20468750000000002 0.065625
3 0.46328125000000003 0.47734375 0.2515625 0.2703125
3 0.94140625 0.5125000000000001 0.09843750000000001 0.084375
3 0.82578125 0.4734375 0.0390625 0.03125
3 0.7703125000000001 0.57734375 0.05625 0.0328125
3 0.90390625 0.43593750000000003 0.0328125 0.053125000000000006
3 0.41484375 0.33906250000000004 0.060937500000000006 0.043750000000000004
3 0.1921875 0.8109375000000001 0.059375000000000004 0.034375
3 0.309375 0.9164062500000001 0.065625 0.0671875
3 0.14921875 0.6984375 0.1203125 0.059375000000000004
