3 0.1953125 0.11406250000000001 0.325 0.1875
3 0.91796875 0.22265625 0.1640625 0.3328125
3 0.8375 0.4375 0.10312500000000001 0.10312500000000001
3 0.31484375000000003 0.48671875000000003 0.22031250000000002 0.0671875
3 0.034375 0.42031250000000003 0.053125000000000006 0.053125000000000006
4 0.17500000000000002 0.8921875 0.35000000000000003 0.19687500000000002
4 0.31875000000000003 0.9578125000000001 0.446875 0.084375
3 0.18671875000000002 0.96875 0.1328125 0.037500000000000006
3 0.35078125000000004 0.96484375 0.0703125 0.0484375
3 0.4734375 0.971875 0.08750000000000001 0.05625
