7 0.41250000000000003 0.7390625000000001 0.146875 0.12812500000000002
7 0.18046875 0.765625 0.20468750000000002 0.1375
7 0.045312500000000006 0.6117187500000001 0.059375000000000004 0.0859375
7 0.13593750000000002 0.5078125 0.084375 0.09375
3 0.9500000000000001 0.7507812500000001 0.09062500000000001 0.0578125
3 0.63984375 0.58125 0.06406250000000001 0.034375
3 0.640625 0.87265625 0.043750000000000004 0.0234375
4 0.6804687500000001 0.6703125000000001 0.0671875 0.07187500000000001
3 0.33906250000000004 0.640625 0.046875 0.059375000000000004
3 0.4 0.40703125 0.043750000000000004 0.029687500000000002
3 0.2890625 0.4296875 0.08125 0.034375
3 0.017968750000000002 0.47265625 0.035937500000000004 0.0328125
3 0.415625 0.6000000000000001 0.037500000000000006 0.034375
7 0.9109375000000001 0.828125 0.11875000000000001 0.08750000000000001
3 0.05859375 0.7484375000000001 0.0234375 0.028125
