7 0.22968750000000002 0.3953125 0.134375 0.178125
7 0.3375 0.32890625 0.109375 0.1171875
7 0.7210937500000001 0.70859375 0.0890625 0.30781250000000004
7 0.48203125 0.571875 0.09843750000000001 0.10625000000000001
7 0.496875 0.25859375 0.153125 0.11093750000000001
7 0.35625 0.18125000000000002 0.05625 0.040625
7 0.1953125 0.15546875000000002 0.037500000000000006 0.0765625
7 0.78515625 0.48359375000000004 0.0203125 0.0328125
7 0.8390625 0.55078125 0.043750000000000004 0.0578125
7 0.67890625 0.37578125 0.0421875 0.051562500000000004
7 0.7421875 0.42421875000000003 0.034375 0.06406250000000001
7 0.6015625 0.47734375 0.05 0.045312500000000006
