3 0.6828125 0.12421875 0.18125000000000002 0.1796875
2 0.56953125 0.3171875 0.1390625 0.1375
3 0.7250000000000001 0.296875 0.0625 0.109375
2 0.25234375000000003 0.571875 0.1609375 0.065625
3 0.39375000000000004 0.5320312500000001 0.065625 0.045312500000000006
2 0.6507812500000001 0.48359375000000004 0.1421875 0.0546875
2 0.47734375 0.4734375 0.045312500000000006 0.05625
2 0.7171875000000001 0.5750000000000001 0.23125 0.1125
3 0.9 0.53671875 0.07500000000000001 0.06406250000000001
3 0.93671875 0.6984375 0.1265625 0.08750000000000001
2 0.7296875 0.79296875 0.33437500000000003 0.1015625
2 0.40468750000000003 0.67890625 0.15937500000000002 0.0921875
2 0.340625 0.8 0.153125 0.153125
3 0.82421875 0.86484375 0.0421875 0.0734375
