7 0.49453125000000003 0.63203125 0.07968750000000001 0.1203125
7 0.6882812500000001 0.6000000000000001 0.1609375 0.065625
7 0.29531250000000003 0.5710937500000001 0.078125 0.1296875
7 0.3640625 0.5125000000000001 0.09375 0.05625
7 0.43984375000000003 0.45 0.1328125 0.046875
7 0.18203125 0.44140625 0.08281250000000001 0.0546875
3 0.23046875 0.4265625 0.029687500000000002 0.0125
3 0.16875 0.49375 0.037500000000000006 0.043750000000000004
3 0.05 0.47890625000000003 0.06875 0.0390625
7 0.5421875 0.49843750000000003 0.1375 0.096875
7 0.46328125000000003 0.35000000000000003 0.18281250000000002 0.10312500000000001
3 0.70078125 0.49531250000000004 0.0765625 0.037500000000000006
3 0.96015625 0.3828125 0.07968750000000001 0.07187500000000001
