7 0.36250000000000004 0.53515625 0.665625 0.49843750000000003
7 0.40937500000000004 0.19375 0.21250000000000002 0.15937500000000002
5 0.33515625000000004 0.25625000000000003 0.19843750000000002 0.15000000000000002
3 0.3671875 0.0125 0.1875 0.025
4 0.39609375 0.0703125 0.2859375 0.140625
4 0.49062500000000003 0.0421875 0.15625 0.084375
3 0.029687500000000002 0.60078125 0.059375000000000004 0.0890625
3 0.15703125 0.5906250000000001 0.1046875 0.078125
3 0.5765625 0.71796875 0.10625000000000001 0.07968750000000001
7 0.8812500000000001 0.7125 0.1375 0.10312500000000001
7 0.9304687500000001 0.659375 0.1390625 0.109375
7 0.7914062500000001 0.83359375 0.1546875 0.1171875
7 0.89453125 0.86328125 0.1859375 0.1390625
