7 0.63046875 0.37734375000000003 0.2234375 0.13593750000000002
7 0.5796875 0.49062500000000003 0.265625 0.053125000000000006
7 0.77265625 0.58203125 0.0859375 0.0671875
7 0.59140625 0.578125 0.1453125 0.046875
3 0.48125 0.33359375 0.07500000000000001 0.045312500000000006
3 0.3375 0.25078125 0.14375000000000002 0.045312500000000006
3 0.35859375000000004 0.35703125 0.11406250000000001 0.0421875
3 0.39609375 0.43984375000000003 0.0703125 0.06406250000000001
3 0.1171875 0.49609375 0.115625 0.0390625
3 0.06953125 0.56484375 0.0734375 0.0328125
3 0.06484375 0.26171875 0.0921875 0.16718750000000002
3 0.79453125 0.23515625 0.1546875 0.13593750000000002
3 0.54609375 0.17578125 0.0859375 0.0921875
3 0.5703125 0.04453125 0.34687500000000004 0.0859375
3 0.3375 0.784375 0.140625 0.07187500000000001
3 0.13125 0.93515625 0.2625 0.1234375
3 0.16562500000000002 0.84375 0.078125 0.043750000000000004
3 0.65 0.96484375 0.10625000000000001 0.0578125
3 0.85859375 0.9203125000000001 0.0859375 0.046875
3 0.81796875 0.8718750000000001 0.0546875 0.065625
4 0.12578125 0.6937500000000001 0.1421875 0.18125000000000002
4 0.1796875 0.29140625000000003 0.13125 0.17343750000000002
