3 0.546875 0.7859375000000001 0.065625 0.06875
7 0.571875 0.7039062500000001 0.09375 0.0765625
7 0.43281250000000004 0.42500000000000004 0.17500000000000002 0.10625000000000001
7 0.25078125 0.2828125 0.0578125 0.12187500000000001
7 0.19296875000000002 0.20703125 0.045312500000000006 0.0734375
7 0.2 0.084375 0.043750000000000004 0.1375
7 0.60546875 0.06875 0.1296875 0.12187500000000001
7 0.6765625000000001 0.36015625 0.16875 0.1609375
7 0.6351562500000001 0.26640625 0.1296875 0.09843750000000001
3 0.7937500000000001 0.29609375 0.046875 0.0921875
3 0.1546875 0.421875 0.08125 0.059375000000000004
3 0.7765625 0.70859375 0.037500000000000006 0.1203125
7 0.71484375 0.66953125 0.0921875 0.1265625
7 0.56015625 0.57265625 0.051562500000000004 0.0546875
7 0.6312500000000001 0.521875 0.046875 0.0625
7 0.39140625 0.30859375 0.0328125 0.045312500000000006
3 0.78046875 0.97421875 0.0390625 0.0484375
7 0.5085937500000001 0.29375 0.035937500000000004 0.034375
