7 0.17109375000000002 0.7703125000000001 0.1421875 0.146875
7 0.27109375 0.7109375 0.11406250000000001 0.06875
7 0.1 0.76953125 0.1875 0.1390625
7 0.48046875 0.67734375 0.06406250000000001 0.0734375
7 0.6101562500000001 0.696875 0.11093750000000001 0.12187500000000001
7 0.37031250000000004 0.5328125 0.19062500000000002 0.125
7 0.55703125 0.41718750000000004 0.21406250000000002 0.1125
7 0.70625 0.521875 0.09375 0.1125
7 0.7203125 0.41796875 0.125 0.1015625
4 0.34375 0.46718750000000003 0.14375000000000002 0.10625000000000001
7 0.45703125 0.47500000000000003 0.09843750000000001 0.09062500000000001
3 0.75546875 0.30312500000000003 0.045312500000000006 0.03125
3 0.8828125 0.25 0.078125 0.025
3 0.8828125 0.7625000000000001 0.034375 0.043750000000000004
