7 0.51484375 0.37421875000000004 0.3671875 0.3484375
7 0.33359375 0.65 0.1328125 0.1125
7 0.40078125000000003 0.78046875 0.09843750000000001 0.0671875
4 0.19140625 0.77109375 0.1609375 0.1015625
4 0.3203125 0.77265625 0.12187500000000001 0.11406250000000001
7 0.1171875 0.81796875 0.15937500000000002 0.0703125
4 0.721875 0.7820312500000001 0.1375 0.1328125
3 0.059375000000000004 0.29140625000000003 0.053125000000000006 0.035937500000000004
3 0.0234375 0.36250000000000004 0.037500000000000006 0.046875
7 0.078125 0.22734375 0.10312500000000001 0.0421875
