7 0.6375000000000001 0.0328125 0.18125000000000002 0.05625
4 0.09921875000000001 0.08671875000000001 0.1640625 0.17343750000000002
4 0.22734375 0.32421875 0.3515625 0.35781250000000003
7 0.45390625 0.38515625000000003 0.2265625 0.37031250000000004
7 0.671875 0.18984375 0.203125 0.18906250000000002
7 0.9281250000000001 0.05 0.140625 0.08125
7 0.88828125 0.15078125 0.2234375 0.16718750000000002
7 0.7289062500000001 0.7117187500000001 0.18906250000000002 0.2703125
4 0.596875 0.6023437500000001 0.290625 0.1640625
4 0.40078125000000003 0.6664062500000001 0.19843750000000002 0.1421875
4 0.240625 0.78671875 0.34687500000000004 0.2171875
3 0.571875 0.58359375 0.11875000000000001 0.07968750000000001
3 0.046875 0.14765625000000002 0.065625 0.0546875
3 0.7289062500000001 0.56015625 0.0890625 0.0578125
3 0.38984375000000004 0.6328125 0.1453125 0.046875
3 0.7976562500000001 0.7234375000000001 0.035937500000000004 0.025
