4 0.51015625 0.31328125 0.4265625 0.2515625
4 0.815625 0.60859375 0.36875 0.31093750000000003
4 0.9281250000000001 0.32734375000000004 0.14375000000000002 0.1078125
4 0.93359375 0.24453125 0.1296875 0.0859375
4 0.12812500000000002 0.57578125 0.253125 0.16718750000000002
4 0.40234375 0.5109375 0.2515625 0.16562500000000002
4 0.41015625 0.8890625000000001 0.5390625 0.1
3 0.71015625 0.7015625000000001 0.1171875 0.06875
3 0.6921875000000001 0.60859375 0.10625000000000001 0.0765625
4 0.40625 0.73203125 0.07500000000000001 0.11406250000000001
4 0.21406250000000002 0.325 0.078125 0.15937500000000002
3 0.31562500000000004 0.35625 0.078125 0.040625
3 0.496875 0.36875 0.15000000000000002 0.05
3 0.43203125000000003 0.325 0.060937500000000006 0.021875000000000002
3 0.6234375000000001 0.2015625 0.115625 0.05
3 0.88828125 0.22968750000000002 0.035937500000000004 0.028125
