3 0.40156250000000004 0.7875000000000001 0.096875 0.10312500000000001
3 0.86484375 0.7890625 0.0390625 0.028125
7 0.43046875 0.5640625 0.11406250000000001 0.17500000000000002
7 0.43515625 0.43125 0.0703125 0.046875
7 0.51953125 0.478125 0.0546875 0.046875
7 0.33515625000000004 0.4 0.2546875 0.09062500000000001
7 0.6101562500000001 0.37109375 0.2703125 0.09531250000000001
7 0.296875 0.07968750000000001 0.09062500000000001 0.12187500000000001
7 0.6882812500000001 0.1453125 0.0703125 0.05
7 0.8265625000000001 0.17578125 0.1 0.0734375
7 0.85859375 0.25625000000000003 0.0578125 0.040625
7 0.57265625 0.2671875 0.045312500000000006 0.03125
