7 0.51484375 0.70703125 0.22968750000000002 0.1046875
7 0.9125000000000001 0.7210937500000001 0.096875 0.0890625
7 0.9203125000000001 0.54921875 0.15937500000000002 0.1046875
7 0.9656250000000001 0.42031250000000003 0.06875 0.11875000000000001
4 0.9078125 0.3609375 0.17500000000000002 0.2625
7 0.63828125 0.47500000000000003 0.20468750000000002 0.146875
3 0.5789062500000001 0.5265625 0.060937500000000006 0.028125
3 0.09843750000000001 0.013281250000000001 0.09062500000000001 0.026562500000000003
3 0.415625 0.48359375000000004 0.046875 0.0203125
7 0.22734375 0.5875 0.2609375 0.31875000000000003
3 0.5546875 0.9437500000000001 0.034375 0.018750000000000003
3 0.61640625 0.8421875000000001 0.0890625 0.1
