3 0.029687500000000002 0.5359375000000001 0.059375000000000004 0.115625
7 0.20859375000000002 0.40468750000000003 0.17343750000000002 0.15937500000000002
7 0.25390625 0.6171875 0.38593750000000004 0.15000000000000002
7 0.030468750000000003 0.61640625 0.060937500000000006 0.035937500000000004
3 0.67734375 0.22734375 0.06406250000000001 0.0484375
3 0.6671875 0.46406250000000004 0.125 0.05625
3 0.984375 0.4 0.03125 0.028125
3 0.76328125 0.79453125 0.1015625 0.051562500000000004
3 0.8367187500000001 0.11406250000000001 0.0734375 0.115625
3 0.33906250000000004 0.74375 0.037500000000000006 0.034375
3 0.68515625 0.12734375 0.045312500000000006 0.029687500000000002
3 0.32734375000000004 0.3828125 0.0421875 0.040625
