7 0.7703125000000001 0.453125 0.19687500000000002 0.19375
7 0.8968750000000001 0.7359375 0.140625 0.09375
7 0.6781250000000001 0.7890625 0.178125 0.14375000000000002
7 0.52578125 0.8562500000000001 0.1703125 0.08125
4 0.43359375 0.83203125 0.3828125 0.19843750000000002
7 0.50625 0.6062500000000001 0.24375000000000002 0.1875
3 0.55625 0.54921875 0.053125000000000006 0.051562500000000004
3 0.45546875000000003 0.44375000000000003 0.0390625 0.040625
7 0.53828125 0.27968750000000003 0.47968750000000004 0.275
3 0.9476562500000001 0.48984375 0.1046875 0.0921875
