7 0.2484375 0.46796875000000004 0.11875000000000001 0.1609375
7 0.43671875000000004 0.30390625000000004 0.1703125 0.06406250000000001
7 0.45234375000000004 0.359375 0.1171875 0.05
7 0.43984375000000003 0.49140625000000004 0.06406250000000001 0.0890625
7 0.51953125 0.51171875 0.09531250000000001 0.0734375
3 0.353125 0.46953125 0.08750000000000001 0.0390625
3 0.19140625 0.32734375000000004 0.035937500000000004 0.0859375
3 0.22421875000000002 0.32656250000000003 0.026562500000000003 0.028125
3 0.09765625 0.4265625 0.06406250000000001 0.043750000000000004
3 0.29765625 0.325 0.051562500000000004 0.040625
3 0.30078125 0.0390625 0.035937500000000004 0.06875
3 0.4390625 0.11875000000000001 0.13125 0.040625
3 0.5710937500000001 0.09609375 0.11093750000000001 0.0328125
3 0.7132812500000001 0.24765625000000002 0.0390625 0.0484375
3 0.78046875 0.31015625 0.11406250000000001 0.035937500000000004
3 0.91796875 0.34609375000000003 0.0390625 0.035937500000000004
3 0.8210937500000001 0.1296875 0.0546875 0.040625
3 0.92890625 0.040625 0.0546875 0.046875
3 0.15390625000000002 0.178125 0.0734375 0.03125
3 0.7468750000000001 0.14921875 0.053125000000000006 0.0484375
3 0.04453125 0.2109375 0.0890625 0.053125000000000006
3 0.46875 0.88671875 0.03125 0.0484375
3 0.54140625 0.7250000000000001 0.035937500000000004 0.03125
3 0.13125 0.79296875 0.028125 0.029687500000000002
3 0.13828125 0.8851562500000001 0.0546875 0.051562500000000004
4 0.66796875 0.6546875000000001 0.0921875 0.15625
3 0.7015625000000001 0.6484375 0.03125 0.034375
3 0.7953125000000001 0.66171875 0.043750000000000004 0.0328125
3 0.75703125 0.753125 0.0578125 0.040625
3 0.80859375 0.7078125000000001 0.0390625 0.028125
