3 0.33828125000000003 0.66328125 0.1328125 0.11406250000000001
3 0.465625 0.78125 0.084375 0.10625000000000001
3 0.58828125 0.78671875 0.1484375 0.1859375
3 0.209375 0.43046875 0.078125 0.1015625
3 0.4390625 0.26406250000000003 0.12812500000000002 0.07187500000000001
3 0.62265625 0.63828125 0.37343750000000003 0.2109375
3 0.65546875 0.5140625 0.0578125 0.034375
3 0.878125 0.6296875000000001 0.24375000000000002 0.2
3 0.028125 0.403125 0.05625 0.053125000000000006
3 0.12578125 0.38046875 0.060937500000000006 0.0671875
3 0.25546875 0.34296875000000004 0.09531250000000001 0.0578125
2 0.16718750000000002 0.91953125 0.22187500000000002 0.1453125
7 0.16875 0.7796875000000001 0.16562500000000002 0.09062500000000001
