7 0.2734375 0.65390625 0.17500000000000002 0.11093750000000001
7 0.1921875 0.92734375 0.36250000000000004 0.1390625
7 0.4 0.284375 0.328125 0.22812500000000002
7 0.65546875 0.56484375 0.4109375 0.2765625
3 0.77109375 0.6531250000000001 0.0421875 0.05625
7 0.4859375 0.75703125 0.19062500000000002 0.15156250000000002
3 0.5671875000000001 0.87890625 0.08125 0.051562500000000004
3 0.8609375 0.44140625 0.1 0.07968750000000001
3 0.859375 0.9031250000000001 0.078125 0.06875
7 0.05078125 0.07109375 0.09531250000000001 0.1265625
