4 0.25078125 0.56015625 0.5015625 0.6296875000000001
4 0.56875 0.8304687500000001 0.384375 0.33906250000000004
4 0.9234375 0.86875 0.153125 0.2625
3 0.9632812500000001 0.045312500000000006 0.0734375 0.065625
3 0.6882812500000001 0.5765625 0.09843750000000001 0.06875
3 0.6351562500000001 0.48281250000000003 0.0578125 0.043750000000000004
3 0.75703125 0.7429687500000001 0.060937500000000006 0.0578125
3 0.5046875000000001 0.8828125 0.10312500000000001 0.065625
3 0.8617187500000001 0.9554687500000001 0.0546875 0.0734375
3 0.07968750000000001 0.26484375 0.15937500000000002 0.1421875
