7 0.171875 0.18203125 0.146875 0.0859375
7 0.134375 0.24296875 0.21875 0.1046875
7 0.42500000000000004 0.1375 0.12812500000000002 0.084375
7 0.48359375000000004 0.0921875 0.11406250000000001 0.06875
7 0.49296875 0.06796875000000001 0.08281250000000001 0.06406250000000001
7 0.30000000000000004 0.36796875 0.35625 0.23593750000000002
7 0.5546875 0.34453125 0.05625 0.060937500000000006
7 0.6765625000000001 0.3609375 0.15625 0.171875
7 0.6039062500000001 0.37578125 0.06406250000000001 0.035937500000000004
3 0.32109375 0.8015625000000001 0.0765625 0.053125000000000006
3 0.2859375 0.875 0.146875 0.08750000000000001
3 0.40156250000000004 0.85703125 0.115625 0.060937500000000006
3 0.7234375000000001 0.75 0.0625 0.040625
3 0.86640625 0.78046875 0.026562500000000003 0.0234375
3 0.7875000000000001 0.6671875 0.12187500000000001 0.15000000000000002
3 0.5710937500000001 0.65234375 0.1953125 0.09531250000000001
3 0.4 0.5437500000000001 0.05625 0.037500000000000006
7 0.74609375 0.018750000000000003 0.11406250000000001 0.037500000000000006
7 0.46328125000000003 0.22812500000000002 0.0921875 0.059375000000000004
7 0.42578125 0.259375 0.0546875 0.046875
