5 0.32734375000000004 0.925 0.2390625 0.14375000000000002
5 0.52265625 0.96640625 0.23593750000000002 0.06406250000000001
5 0.06796875000000001 0.8382812500000001 0.1234375 0.2078125
3 0.06484375 0.8671875 0.09531250000000001 0.08125
3 0.30078125 0.92109375 0.1171875 0.0921875
3 0.88984375 0.5242187500000001 0.09843750000000001 0.06406250000000001
4 0.90390625 0.08671875000000001 0.1015625 0.1296875
3 0.8406250000000001 0.78671875 0.12812500000000002 0.06406250000000001
3 0.30703125000000003 0.6796875 0.1796875 0.037500000000000006
3 0.640625 0.68671875 0.05625 0.0765625
3 0.4890625 0.85703125 0.09375 0.035937500000000004
3 0.7109375 0.9234375 0.096875 0.03125
3 0.1046875 0.96875 0.037500000000000006 0.034375
3 0.51015625 0.6039062500000001 0.0671875 0.0328125
