7 0.30859375 0.93125 0.09843750000000001 0.12812500000000002
7 0.7054687500000001 0.8703125 0.09531250000000001 0.13125
7 0.51171875 0.8851562500000001 0.0734375 0.045312500000000006
7 0.6531250000000001 0.5828125000000001 0.10625000000000001 0.134375
7 0.8187500000000001 0.5859375 0.1125 0.06875
7 0.88828125 0.56875 0.06406250000000001 0.05625
7 0.8703125 0.753125 0.084375 0.040625
7 0.9734375000000001 0.7421875 0.05 0.1
7 0.9015625 0.69453125 0.09062500000000001 0.0671875
7 0.4578125 0.41171875 0.034375 0.0671875
7 0.39140625 0.42265625 0.045312500000000006 0.0328125
7 0.18203125 0.9460937500000001 0.1546875 0.1046875
