7 0.19140625 0.4078125 0.1859375 0.125
7 0.18203125 0.2328125 0.20468750000000002 0.16875
7 0.4 0.1484375 0.12187500000000001 0.053125000000000006
7 0.52734375 0.22734375 0.1328125 0.0734375
3 0.115625 0.8070312500000001 0.08750000000000001 0.0734375
3 0.375 0.5945312500000001 0.053125000000000006 0.051562500000000004
3 0.003125 0.5632812500000001 0.00625 0.035937500000000004
4 0.2515625 0.61484375 0.10312500000000001 0.0578125
3 0.32890625 0.36328125 0.0859375 0.0421875
3 0.63203125 0.43515625 0.045312500000000006 0.035937500000000004
3 0.61484375 0.35078125000000004 0.0546875 0.06406250000000001
3 0.58828125 0.14375000000000002 0.0484375 0.03125
3 0.375 0.42578125 0.05 0.0328125
7 0.040625 0.76953125 0.08125 0.09843750000000001
3 0.21796875000000002 0.14296875 0.0421875 0.0203125
