7 0.30859375 0.64453125 0.2109375 0.1640625
7 0.44375000000000003 0.5953125 0.16875 0.125
7 0.7273437500000001 0.40937500000000004 0.15156250000000002 0.109375
7 0.9437500000000001 0.7046875 0.10312500000000001 0.07500000000000001
7 0.83203125 0.53359375 0.1421875 0.09843750000000001
3 0.9710937500000001 0.52265625 0.0578125 0.0671875
7 0.37265625 0.45937500000000003 0.0671875 0.05
7 0.51796875 0.39609375 0.0921875 0.0671875
7 0.59609375 0.50703125 0.0765625 0.0546875
7 0.60859375 0.48046875 0.0546875 0.0390625
7 0.53515625 0.6351562500000001 0.0734375 0.051562500000000004
7 0.61484375 0.61484375 0.060937500000000006 0.045312500000000006
7 0.67109375 0.5281250000000001 0.1796875 0.125
7 0.9140625 0.66796875 0.078125 0.060937500000000006
7 0.80078125 0.6546875000000001 0.21406250000000002 0.15000000000000002
7 0.6101562500000001 0.7046875 0.22031250000000002 0.16562500000000002
7 0.240625 0.3203125 0.253125 0.19375
7 0.30859375 0.21171875 0.1078125 0.08281250000000001
7 0.46406250000000004 0.28671875 0.10312500000000001 0.08281250000000001
7 0.15937500000000002 0.48984375 0.10625000000000001 0.0765625
7 0.9164062500000001 0.7875000000000001 0.16718750000000002 0.140625
3 0.49375 0.34296875000000004 0.09375 0.0703125
