4 0.34375 0.8523437500000001 0.37812500000000004 0.18906250000000002
4 0.30312500000000003 0.72265625 0.39375000000000004 0.0890625
3 0.40234375 0.8601562500000001 0.0890625 0.026562500000000003
3 0.28750000000000003 0.79296875 0.09062500000000001 0.0421875
7 0.6296875000000001 0.73203125 0.240625 0.2421875
7 0.81953125 0.81953125 0.2671875 0.2734375
7 0.3484375 0.55859375 0.34687500000000004 0.18906250000000002
7 0.7312500000000001 0.45156250000000003 0.134375 0.140625
7 0.66015625 0.08750000000000001 0.3828125 0.09375
3 0.35859375000000004 0.7210937500000001 0.045312500000000006 0.029687500000000002
3 0.23984375000000002 0.7039062500000001 0.051562500000000004 0.0390625
4 0.8148437500000001 0.5750000000000001 0.18281250000000002 0.10625000000000001
4 0.62421875 0.45078125 0.1203125 0.1234375
4 0.8390625 0.465625 0.08750000000000001 0.1
4 0.8484375000000001 0.325 0.12187500000000001 0.109375
4 0.6796875 0.28671875 0.096875 0.1078125
3 0.25546875 0.21875 0.0578125 0.078125
3 0.890625 0.23515625 0.043750000000000004 0.0234375
3 0.2109375 0.496875 0.03125 0.03125
