7 0.047656250000000004 0.08671875000000001 0.09531250000000001 0.15156250000000002
7 0.109375 0.09453125000000001 0.13125 0.1046875
7 0.3296875 0.11875000000000001 0.18125000000000002 0.10312500000000001
7 0.34296875000000004 0.18984375 0.1421875 0.11093750000000001
3 0.08203125 0.15937500000000002 0.051562500000000004 0.043750000000000004
3 0.032031250000000004 0.45625000000000004 0.06406250000000001 0.12812500000000002
3 0.034375 0.56796875 0.06875 0.0328125
3 0.06328125 0.49765625 0.0859375 0.0734375
3 0.041406250000000006 0.76328125 0.0703125 0.051562500000000004
3 0.55859375 0.5328125 0.0734375 0.0625
3 0.5554687500000001 0.45234375000000004 0.060937500000000006 0.0421875
3 0.6976562500000001 0.340625 0.0671875 0.046875
3 0.6960937500000001 0.5078125 0.08281250000000001 0.0625
3 0.6273437500000001 0.5484375 0.045312500000000006 0.034375
3 0.7898437500000001 0.859375 0.07968750000000001 0.05625
3 0.7820312500000001 0.90390625 0.0578125 0.035937500000000004
7 0.8046875 0.73828125 0.184375 0.1609375
