7 0.8757812500000001 0.2546875 0.0734375 0.05625
7 0.9234375 0.278125 0.0625 0.046875
3 0.67734375 0.496875 0.1078125 0.078125
3 0.52109375 0.478125 0.1078125 0.084375
3 0.609375 0.5015625 0.07500000000000001 0.05625
3 0.75 0.53359375 0.09062500000000001 0.0671875
3 0.62890625 0.5515625000000001 0.060937500000000006 0.046875
3 0.69921875 0.5945312500000001 0.1015625 0.0765625
4 0.259375 0.24921875000000002 0.10625000000000001 0.07968750000000001
3 0.2515625 0.26015625000000003 0.05 0.0390625
4 0.27968750000000003 0.340625 0.184375 0.1375
3 0.15546875000000002 0.33125000000000004 0.1328125 0.1
4 0.19843750000000002 0.40234375 0.13125 0.09843750000000001
3 0.9867187500000001 0.51015625 0.026562500000000003 0.051562500000000004
