3 0.240625 0.5640625 0.096875 0.1125
3 0.54921875 0.31796875 0.21406250000000002 0.0859375
3 0.7625000000000001 0.41796875 0.10312500000000001 0.0484375
3 0.97421875 0.8343750000000001 0.0421875 0.034375
3 0.8679687500000001 0.8851562500000001 0.0390625 0.0390625
3 0.9015625 0.02734375 0.015625 0.0234375
3 0.95859375 0.1046875 0.0484375 0.021875000000000002
3 0.9789062500000001 0.13359375 0.0421875 0.0234375
3 0.92734375 0.16875 0.0734375 0.05
3 0.9546875 0.2390625 0.0625 0.018750000000000003
3 0.18515625000000002 0.6890625 0.060937500000000006 0.059375000000000004
3 0.34609375000000003 0.75546875 0.051562500000000004 0.0203125
