7 0.5078125 0.5007812500000001 0.4 0.2828125
7 0.19843750000000002 0.7109375 0.39687500000000003 0.40625
7 0.27734375 0.40625 0.22031250000000002 0.146875
7 0.246875 0.28125 0.25 0.109375
7 0.353125 0.22421875000000002 0.21250000000000002 0.11093750000000001
4 0.7937500000000001 0.6703125000000001 0.203125 0.1625
4 0.9140625 0.98984375 0.10625000000000001 0.0203125
3 0.7875000000000001 0.78515625 0.16562500000000002 0.060937500000000006
4 0.86484375 0.6570312500000001 0.2703125 0.18281250000000002
3 0.8359375 0.8226562500000001 0.328125 0.11406250000000001
3 0.65234375 0.8015625000000001 0.06406250000000001 0.0625
