7 0.6023437500000001 0.21484375 0.09531250000000001 0.15156250000000002
7 0.24296875 0.23203125000000002 0.22968750000000002 0.15781250000000002
7 0.3484375 0.43671875000000004 0.13125 0.07968750000000001
7 0.8445312500000001 0.328125 0.0859375 0.07500000000000001
3 0.7640625000000001 0.17890625000000002 0.16875 0.08281250000000001
3 0.7117187500000001 0.2828125 0.09843750000000001 0.06875
3 0.93671875 0.25625000000000003 0.09843750000000001 0.037500000000000006
7 0.56015625 0.3875 0.1046875 0.053125000000000006
7 0.37812500000000004 0.034375 0.16875 0.059375000000000004
3 0.2265625 0.10625000000000001 0.059375000000000004 0.046875
7 0.225 0.37578125 0.125 0.08281250000000001
4 0.2265625 0.08515625 0.140625 0.1484375
3 0.92578125 0.45156250000000003 0.0546875 0.034375
