4 0.478125 0.22421875000000002 0.503125 0.2515625
4 0.728125 0.08359375000000001 0.209375 0.1078125
4 0.26640625 0.45703125 0.3984375 0.1421875
4 0.6976562500000001 0.34296875000000004 0.2609375 0.3828125
3 0.82421875 0.6296875000000001 0.1171875 0.034375
3 0.9304687500000001 0.71484375 0.08281250000000001 0.0546875
3 0.7367187500000001 0.7195312500000001 0.0734375 0.06406250000000001
3 0.6421875 0.703125 0.096875 0.05
3 0.25078125 0.55234375 0.060937500000000006 0.045312500000000006
3 0.184375 0.43281250000000004 0.07500000000000001 0.0625
3 0.9171875 0.30703125000000003 0.07187500000000001 0.11406250000000001
4 0.8984375 0.45156250000000003 0.19062500000000002 0.19062500000000002
3 0.11406250000000001 0.21875 0.10312500000000001 0.07500000000000001
3 0.26484375 0.25078125 0.08281250000000001 0.1265625
3 0.41796875 0.19921875 0.1453125 0.11093750000000001
3 0.6820312500000001 0.1296875 0.0578125 0.037500000000000006
3 0.5515625000000001 0.20234375000000002 0.053125000000000006 0.0421875
3 0.42578125 0.039843750000000004 0.2515625 0.0734375
7 0.9343750000000001 0.047656250000000004 0.1125 0.09531250000000001
4 0.09765625 0.33203125 0.1953125 0.1328125
