7 0.07578125000000001 0.75 0.1484375 0.23750000000000002
7 0.20859375000000002 0.7046875 0.1078125 0.15000000000000002
7 0.3046875 0.8093750000000001 0.06875 0.125
7 0.3640625 0.925 0.134375 0.125
7 0.15156250000000002 0.93125 0.134375 0.109375
7 0.6351562500000001 0.63671875 0.1484375 0.2703125
7 0.53671875 0.7156250000000001 0.0703125 0.07500000000000001
7 0.2671875 0.4734375 0.15625 0.153125
7 0.084375 0.5476562500000001 0.125 0.08281250000000001
7 0.8796875000000001 0.08671875000000001 0.209375 0.17343750000000002
4 0.27578125000000003 0.21640625000000002 0.0921875 0.2328125
4 0.30546875 0.051562500000000004 0.16718750000000002 0.09375
5 0.6046875 0.11171875 0.078125 0.1796875
7 0.6421875 0.31875000000000003 0.1 0.11875000000000001
7 0.6664062500000001 0.42500000000000004 0.1296875 0.12812500000000002
3 0.5359375000000001 0.43046875 0.040625 0.029687500000000002
3 0.54609375 0.4625 0.0328125 0.021875000000000002
3 0.49453125000000003 0.3984375 0.0328125 0.034375
4 0.5125000000000001 0.434375 0.11875000000000001 0.10312500000000001
3 0.55625 0.81640625 0.043750000000000004 0.06406250000000001
3 0.5171875 0.84921875 0.05 0.0859375
