7 0.74609375 0.6257812500000001 0.17343750000000002 0.1328125
7 0.8562500000000001 0.6000000000000001 0.13125 0.125
7 0.6984375 0.81953125 0.11875000000000001 0.08281250000000001
3 0.6734375 0.7078125000000001 0.046875 0.034375
7 0.56875 0.6312500000000001 0.09375 0.07187500000000001
3 0.60859375 0.57265625 0.0921875 0.0734375
3 0.6796875 0.54296875 0.053125000000000006 0.0421875
7 0.7210937500000001 0.42421875000000003 0.08281250000000001 0.0421875
3 0.85703125 0.2609375 0.0421875 0.021875000000000002
3 0.36953125000000003 0.6625000000000001 0.051562500000000004 0.037500000000000006
3 0.325 0.7078125000000001 0.037500000000000006 0.034375
3 0.37265625 0.6062500000000001 0.0734375 0.05
3 0.43671875000000004 0.7125 0.0703125 0.05625
3 0.47890625000000003 0.6585937500000001 0.0671875 0.06406250000000001
3 0.5085937500000001 0.5242187500000001 0.035937500000000004 0.0328125
3 0.52265625 0.5484375 0.0390625 0.037500000000000006
3 0.39375000000000004 0.33906250000000004 0.046875 0.03125
3 0.38515625000000003 0.38593750000000004 0.026562500000000003 0.018750000000000003
3 0.45703125 0.27578125000000003 0.0546875 0.045312500000000006
3 0.4890625 0.2921875 0.053125000000000006 0.0625
3 0.7265625 0.27734375 0.034375 0.026562500000000003
