4 0.23515625 0.55078125 0.1546875 0.1484375
4 0.58125 0.5484375 0.2 0.125
3 0.8562500000000001 0.4390625 0.059375000000000004 0.08125
3 0.56015625 0.54296875 0.1078125 0.0546875
3 0.64609375 0.59609375 0.07968750000000001 0.026562500000000003
3 0.5007812500000001 0.9148437500000001 0.1203125 0.07968750000000001
3 0.84765625 0.7312500000000001 0.07968750000000001 0.08125
3 0.86875 0.60546875 0.10625000000000001 0.060937500000000006
4 0.46953125 0.23203125000000002 0.1640625 0.2515625
3 0.44453125000000004 0.32734375000000004 0.0734375 0.0703125
3 0.91953125 0.78671875 0.0390625 0.0390625
3 0.7507812500000001 0.83515625 0.0421875 0.045312500000000006
3 0.36328125 0.6453125000000001 0.0703125 0.03125
3 0.0703125 0.46718750000000003 0.096875 0.021875000000000002
3 0.36875 0.328125 0.046875 0.043750000000000004
3 0.9671875000000001 0.8812500000000001 0.0625 0.059375000000000004
