3 0.31015625 0.74921875 0.029687500000000002 0.060937500000000006
3 0.24140625000000002 0.6203125 0.026562500000000003 0.028125
7 0.3015625 0.22031250000000002 0.078125 0.05
7 0.371875 0.2109375 0.034375 0.037500000000000006
7 0.39765625000000004 0.321875 0.11093750000000001 0.040625
7 0.5164062500000001 0.325 0.0390625 0.043750000000000004
7 0.5085937500000001 0.3828125 0.0421875 0.021875000000000002
3 0.6179687500000001 0.16171875000000002 0.0546875 0.0671875
3 0.57265625 0.2421875 0.0484375 0.018750000000000003
7 0.43984375000000003 0.22734375 0.0328125 0.026562500000000003
7 0.40468750000000003 0.26406250000000003 0.046875 0.028125
7 0.36562500000000003 0.2703125 0.046875 0.059375000000000004
7 0.5515625000000001 0.278125 0.05 0.03125
3 0.290625 0.28750000000000003 0.028125 0.037500000000000006
7 0.52265625 0.4296875 0.0421875 0.021875000000000002
3 0.4890625 0.55 0.025 0.025
3 0.6984375 0.46171875 0.028125 0.0234375
3 0.96640625 0.43203125000000003 0.0390625 0.0203125
3 0.8250000000000001 0.6515625 0.053125000000000006 0.037500000000000006
7 0.853125 0.6937500000000001 0.06875 0.040625
3 0.7195312500000001 0.7742187500000001 0.029687500000000002 0.035937500000000004
3 0.33359375 0.36875 0.026562500000000003 0.021875000000000002
3 0.96796875 0.29140625000000003 0.0234375 0.0203125
3 0.9328125 0.47421875 0.028125 0.029687500000000002
