4 0.3875 0.16562500000000002 0.22187500000000002 0.321875
4 0.66171875 0.2984375 0.4453125 0.321875
4 0.7992187500000001 0.6109375 0.40156250000000004 0.25
4 0.115625 0.69453125 0.22812500000000002 0.1703125
4 0.36484375 0.7156250000000001 0.3171875 0.40937500000000004
3 0.35781250000000003 0.8500000000000001 0.203125 0.140625
3 0.76875 0.2109375 0.09375 0.140625
3 0.66328125 0.36171875000000003 0.1453125 0.1015625
3 0.7781250000000001 0.50234375 0.09062500000000001 0.06406250000000001
3 0.7367187500000001 0.64609375 0.051562500000000004 0.06406250000000001
3 0.9703125 0.36328125 0.043750000000000004 0.0765625
