3 0.0390625 0.634375 0.065625 0.043750000000000004
7 0.029687500000000002 0.58125 0.059375000000000004 0.065625
3 0.07734375 0.5234375 0.0859375 0.05
3 0.025781250000000002 0.24921875000000002 0.051562500000000004 0.051562500000000004
3 0.60546875 0.26328125 0.1421875 0.0671875
3 0.878125 0.5546875 0.109375 0.046875
3 0.6726562500000001 0.58828125 0.1203125 0.0890625
3 0.98046875 0.36640625000000004 0.0390625 0.0765625
3 0.9281250000000001 0.63203125 0.14375000000000002 0.0734375
3 0.828125 0.66171875 0.08750000000000001 0.0328125
3 0.853125 0.039843750000000004 0.07187500000000001 0.0390625
3 0.19687500000000002 0.8343750000000001 0.053125000000000006 0.034375
