3 0.6257812500000001 0.8445312500000001 0.060937500000000006 0.051562500000000004
3 0.66328125 0.63046875 0.0859375 0.0546875
3 0.7054687500000001 0.55078125 0.15156250000000002 0.0734375
3 0.690625 0.46640625 0.15000000000000002 0.07968750000000001
7 0.7585937500000001 0.71640625 0.2578125 0.0328125
7 0.0484375 0.83984375 0.08750000000000001 0.0390625
7 0.057031250000000006 0.8914062500000001 0.0859375 0.0390625
7 0.1046875 0.7718750000000001 0.1125 0.12812500000000002
7 0.09062500000000001 0.58828125 0.153125 0.1015625
7 0.32421875 0.6078125000000001 0.0890625 0.125
7 0.40468750000000003 0.5164062500000001 0.096875 0.1171875
7 0.24921875000000002 0.5476562500000001 0.1265625 0.0734375
7 0.465625 0.8109375000000001 0.09062500000000001 0.07500000000000001
7 0.35859375000000004 0.8523437500000001 0.1640625 0.1421875
7 0.39453125 0.9554687500000001 0.1265625 0.0578125
7 0.59375 0.984375 0.1 0.025
3 0.734375 0.30859375 0.059375000000000004 0.0578125
7 0.96015625 0.3640625 0.0765625 0.115625
7 0.8265625000000001 0.4109375 0.08750000000000001 0.125
4 0.8757812500000001 0.15781250000000002 0.1171875 0.1375
