6 0.034375 0.22421875000000002 0.065625 0.0765625
6 0.1609375 0.265625 0.05625 0.043750000000000004
3 0.56171875 0.13984375000000002 0.0390625 0.029687500000000002
7 0.1125 0.025 0.034375 0.040625
3 0.51953125 0.31953125000000004 0.029687500000000002 0.0203125
3 0.4765625 0.34765625 0.08125 0.029687500000000002
3 0.5593750000000001 0.246875 0.040625 0.028125
3 0.70625 0.3359375 0.03125 0.046875
3 0.24375000000000002 0.34453125 0.05625 0.045312500000000006
3 0.3484375 0.24609375 0.053125000000000006 0.026562500000000003
7 0.25859375 0.22187500000000002 0.0328125 0.025
3 0.07890625000000001 0.4625 0.0546875 0.025
3 0.2859375 0.44453125000000004 0.037500000000000006 0.029687500000000002
3 0.434375 0.49921875000000004 0.018750000000000003 0.0203125
3 0.3515625 0.49843750000000003 0.043750000000000004 0.028125
3 0.7515625 0.49765625 0.043750000000000004 0.0328125
3 0.025781250000000002 0.30859375 0.0328125 0.0203125
3 0.171875 0.50234375 0.05 0.0234375
3 0.5453125 0.4421875 0.021875000000000002 0.018750000000000003
3 0.6664062500000001 0.36796875 0.0140625 0.0171875
3 0.26796875000000003 0.5906250000000001 0.0203125 0.015625
3 0.34687500000000004 0.6039062500000001 0.03125 0.029687500000000002
3 0.36328125 0.6515625 0.0328125 0.037500000000000006
3 0.11171875 0.7039062500000001 0.0234375 0.029687500000000002
3 0.6921875000000001 0.49453125000000003 0.034375 0.0234375
3 0.82421875 0.503125 0.0234375 0.028125
3 0.753125 0.534375 0.028125 0.040625
3 0.39140625 0.8640625000000001 0.0171875 0.021875000000000002
3 0.6781250000000001 0.9265625000000001 0.040625 0.034375
3 0.97265625 0.7757812500000001 0.0171875 0.035937500000000004
7 0.91328125 0.6742187500000001 0.045312500000000006 0.0578125
7 0.90546875 0.58203125 0.060937500000000006 0.026562500000000003
7 0.9398437500000001 0.565625 0.0328125 0.021875000000000002
7 0.98046875 0.6273437500000001 0.0390625 0.0390625
3 0.8875000000000001 0.41718750000000004 0.078125 0.025
3 0.7835937500000001 0.29921875000000003 0.0734375 0.0328125
3 0.5671875000000001 0.33984375 0.034375 0.0390625
7 0.6000000000000001 0.3484375 0.028125 0.040625
7 0.11875000000000001 0.659375 0.05 0.021875000000000002
3 0.42031250000000003 0.8718750000000001 0.03125 0.028125
3 0.6046875 0.8546875 0.025 0.021875000000000002
