3 0.7125 0.14453125 0.053125000000000006 0.09843750000000001
3 0.86875 0.026562500000000003 0.037500000000000006 0.034375
3 0.5398437500000001 0.0390625 0.045312500000000006 0.053125000000000006
3 0.9359375000000001 0.41328125000000004 0.10625000000000001 0.045312500000000006
3 0.7578125 0.37265625 0.06875 0.026562500000000003
3 0.77265625 0.38828125 0.0484375 0.0171875
3 0.61640625 0.65234375 0.060937500000000006 0.0859375
3 0.5453125 0.8140625 0.043750000000000004 0.05
3 0.47500000000000003 0.87890625 0.1 0.060937500000000006
4 0.43046875 0.7171875000000001 0.13593750000000002 0.153125
3 0.51796875 0.2546875 0.0703125 0.043750000000000004
3 0.55078125 0.22265625 0.0578125 0.0171875
