3 0.06406250000000001 0.021875000000000002 0.125 0.037500000000000006
3 0.209375 0.06484375 0.06875 0.0484375
3 0.3328125 0.08750000000000001 0.06875 0.03125
3 0.15390625000000002 0.1390625 0.0484375 0.034375
3 0.30390625000000004 0.19687500000000002 0.0578125 0.053125000000000006
3 0.17578125 0.36015625 0.060937500000000006 0.045312500000000006
3 0.09765625 0.37890625 0.051562500000000004 0.0390625
3 0.11171875 0.3328125 0.0390625 0.03125
3 0.025781250000000002 0.359375 0.051562500000000004 0.025
3 0.1875 0.2234375 0.059375000000000004 0.059375000000000004
3 0.209375 0.2890625 0.09375 0.040625
3 0.68125 0.32656250000000003 0.043750000000000004 0.037500000000000006
3 0.27421875 0.40546875000000004 0.0421875 0.035937500000000004
3 0.284375 0.36953125000000003 0.03125 0.0421875
3 0.2421875 0.3671875 0.05 0.028125
3 0.040625 0.4421875 0.06875 0.0625
3 0.5007812500000001 0.084375 0.0328125 0.046875
6 0.4703125 0.371875 0.11875000000000001 0.10312500000000001
6 0.45703125 0.19375 0.1609375 0.07187500000000001
6 0.63046875 0.23515625 0.1546875 0.0421875
6 0.36015625 0.565625 0.1390625 0.12812500000000002
7 0.36171875000000003 0.70703125 0.06406250000000001 0.06406250000000001
7 0.44609375 0.75703125 0.1234375 0.0390625
7 0.77109375 0.77890625 0.1484375 0.1078125
7 0.8773437500000001 0.9453125 0.1234375 0.1
7 0.515625 0.91953125 0.153125 0.09531250000000001
7 0.22890625 0.7421875 0.0859375 0.08125
7 0.31484375000000003 0.9125000000000001 0.0671875 0.17500000000000002
3 0.40937500000000004 0.8343750000000001 0.05 0.0625
3 0.42500000000000004 0.5203125000000001 0.07500000000000001 0.034375
3 0.03125 0.56796875 0.05625 0.0171875
3 0.5750000000000001 0.5359375000000001 0.040625 0.053125000000000006
3 0.321875 0.5203125000000001 0.05 0.021875000000000002
3 0.45234375000000004 0.3921875 0.045312500000000006 0.053125000000000006
3 0.1640625 0.48828125 0.07500000000000001 0.0328125
