7 0.25625000000000003 0.19609375 0.15937500000000002 0.1015625
7 0.3453125 0.14609375 0.11875000000000001 0.0890625
7 0.35000000000000003 0.22968750000000002 0.07500000000000001 0.05625
7 0.41484375 0.234375 0.0671875 0.046875
7 0.48750000000000004 0.22109375 0.12187500000000001 0.0734375
7 0.62421875 0.39687500000000003 0.22968750000000002 0.1625
7 0.52890625 0.31093750000000003 0.09843750000000001 0.078125
7 0.3296875 0.33359375 0.178125 0.1234375
3 0.3921875 0.46406250000000004 0.17500000000000002 0.1375
3 0.45078125 0.3828125 0.09843750000000001 0.059375000000000004
3 0.5671875000000001 0.44609375 0.053125000000000006 0.0421875
3 0.53046875 0.91796875 0.0921875 0.0921875
3 0.41328125000000004 0.9750000000000001 0.1203125 0.05
3 0.56796875 0.7367187500000001 0.1265625 0.11406250000000001
3 0.47421875 0.79296875 0.0546875 0.0390625
3 0.2234375 0.8773437500000001 0.096875 0.0859375
3 0.05078125 0.47265625 0.1015625 0.13593750000000002
3 0.15000000000000002 0.46953125 0.12812500000000002 0.0765625
3 0.15000000000000002 0.5140625 0.06875 0.053125000000000006
3 0.8093750000000001 0.81015625 0.109375 0.0859375
3 0.784375 0.8921875 0.043750000000000004 0.037500000000000006
3 0.35000000000000003 0.9007812500000001 0.1 0.0578125
3 0.38984375000000004 0.8703125 0.09531250000000001 0.065625
3 0.29375 0.4109375 0.1 0.0625
3 0.15625 0.4109375 0.059375000000000004 0.040625
3 0.8382812500000001 0.6828125 0.2015625 0.13125
