3 0.34375 0.16640625 0.07187500000000001 0.051562500000000004
3 0.384375 0.25390625 0.053125000000000006 0.0234375
7 0.3328125 0.290625 0.07500000000000001 0.07187500000000001
7 0.42890625000000004 0.43359375 0.0703125 0.06406250000000001
7 0.2421875 0.52578125 0.15937500000000002 0.1640625
3 0.0171875 0.890625 0.034375 0.046875
3 0.38906250000000003 0.86328125 0.043750000000000004 0.035937500000000004
3 0.33203125 0.8382812500000001 0.0390625 0.029687500000000002
7 0.434375 0.5015625 0.07187500000000001 0.07187500000000001
7 0.5710937500000001 0.41718750000000004 0.18281250000000002 0.09062500000000001
7 0.6984375 0.52578125 0.115625 0.0765625
7 0.6820312500000001 0.6000000000000001 0.0921875 0.078125
7 0.6062500000000001 0.6414062500000001 0.10312500000000001 0.1546875
3 0.5476562500000001 0.31093750000000003 0.0328125 0.059375000000000004
3 0.784375 0.16171875000000002 0.025 0.0203125
