7 0.5398437500000001 0.39687500000000003 0.1921875 0.06875
7 0.53671875 0.44843750000000004 0.11406250000000001 0.03125
7 0.53359375 0.48359375000000004 0.0390625 0.0390625
7 0.5945312500000001 0.51015625 0.09843750000000001 0.0328125
7 0.58828125 0.55703125 0.1796875 0.0578125
7 0.7117187500000001 0.5390625 0.029687500000000002 0.040625
7 0.71484375 0.7453125 0.0765625 0.10625000000000001
7 0.821875 0.70703125 0.07500000000000001 0.1234375
3 0.07734375 0.5476562500000001 0.1296875 0.0703125
3 0.1453125 0.88203125 0.1875 0.0671875
3 0.2765625 0.8210937500000001 0.0625 0.0546875
3 0.6875 0.8484375000000001 0.065625 0.12812500000000002
3 0.6296875000000001 0.93125 0.08750000000000001 0.07187500000000001
3 0.9343750000000001 0.75703125 0.07500000000000001 0.0890625
3 0.7195312500000001 0.421875 0.0328125 0.034375
3 0.9398437500000001 0.33984375 0.0234375 0.08281250000000001
3 0.98046875 0.3296875 0.0390625 0.065625
3 0.05078125 0.24531250000000002 0.0671875 0.0625
3 0.23046875 0.4 0.051562500000000004 0.065625
3 0.46640625 0.59375 0.0671875 0.05625
3 0.296875 0.6648437500000001 0.125 0.0421875
