4 0.6703125000000001 0.059375000000000004 0.12812500000000002 0.109375
4 0.49843750000000003 0.13671875 0.17500000000000002 0.1046875
3 0.6687500000000001 0.046875 0.115625 0.06875
4 0.32578125 0.546875 0.5234375 0.41250000000000003
4 0.6781250000000001 0.46015625000000004 0.19687500000000002 0.1609375
4 0.85703125 0.80078125 0.2734375 0.3984375
4 0.16718750000000002 0.13593750000000002 0.33437500000000003 0.27187500000000003
3 0.24921875000000002 0.47109375000000003 0.1265625 0.11093750000000001
3 0.49453125000000003 0.50625 0.1328125 0.1125
3 0.421875 0.6726562500000001 0.059375000000000004 0.09531250000000001
3 0.9437500000000001 0.8234375 0.065625 0.184375
3 0.8296875 0.73828125 0.07187500000000001 0.1203125
3 0.521875 0.13984375000000002 0.1 0.0890625
