7 0.446875 0.24453125 0.253125 0.1453125
7 0.61484375 0.16562500000000002 0.11093750000000001 0.06875
7 0.8109375000000001 0.1484375 0.1125 0.16875
7 0.7125 0.5109375 0.10625000000000001 0.253125
7 0.64375 0.48671875000000003 0.040625 0.1453125
7 0.9234375 0.87109375 0.153125 0.2234375
7 0.47890625000000003 0.796875 0.1015625 0.278125
7 0.24296875 0.69296875 0.0890625 0.15156250000000002
7 0.5171875 0.4625 0.08750000000000001 0.14375000000000002
7 0.68515625 0.84921875 0.0734375 0.1953125
7 0.5828125000000001 0.96796875 0.1625 0.06406250000000001
7 0.6203125 0.8656250000000001 0.07187500000000001 0.13125
3 0.11640625 0.5859375 0.1234375 0.05625
7 0.30781250000000004 0.4859375 0.115625 0.09062500000000001
