7 0.94453125 0.7312500000000001 0.1078125 0.07500000000000001
7 0.6828125 0.4109375 0.18125000000000002 0.115625
7 0.6734375 0.3015625 0.146875 0.09375
7 0.5921875 0.08750000000000001 0.12812500000000002 0.10312500000000001
7 0.34765625 0.76875 0.1015625 0.09062500000000001
3 0.37421875000000004 0.6734375 0.0734375 0.09062500000000001
3 0.8453125 0.7039062500000001 0.11875000000000001 0.1078125
3 0.325 0.10859375 0.07187500000000001 0.2109375
3 0.05390625 0.52890625 0.0734375 0.07968750000000001
3 0.5359375000000001 0.59765625 0.065625 0.1265625
3 0.4296875 0.5140625 0.084375 0.09062500000000001
7 0.534375 0.35781250000000003 0.06875 0.084375
