7 0.42500000000000004 0.2828125 0.140625 0.1
7 0.49531250000000004 0.21328125 0.146875 0.06406250000000001
7 0.16640625 0.24921875000000002 0.08281250000000001 0.0734375
3 0.296875 0.30546875 0.034375 0.029687500000000002
7 0.35703125 0.40468750000000003 0.0765625 0.053125000000000006
3 0.44453125000000004 0.39687500000000003 0.0765625 0.053125000000000006
3 0.50546875 0.35625 0.045312500000000006 0.03125
7 0.6687500000000001 0.36796875 0.03125 0.0578125
3 0.91953125 0.32734375000000004 0.0171875 0.029687500000000002
3 0.25 0.53515625 0.037500000000000006 0.029687500000000002
3 0.17890625000000002 0.55078125 0.0390625 0.0203125
3 0.321875 0.5515625000000001 0.05 0.043750000000000004
3 0.2109375 0.4703125 0.0625 0.037500000000000006
3 0.29296875 0.45937500000000003 0.0734375 0.034375
3 0.47187500000000004 0.484375 0.037500000000000006 0.018750000000000003
3 0.44609375 0.465625 0.045312500000000006 0.018750000000000003
3 0.6640625 0.628125 0.028125 0.03125
3 0.6023437500000001 0.6179687500000001 0.0171875 0.0171875
3 0.76484375 0.6046875 0.0484375 0.03125
3 0.7562500000000001 0.5765625 0.078125 0.021875000000000002
3 0.85546875 0.4140625 0.029687500000000002 0.018750000000000003
