3 0.4234375 0.10312500000000001 0.025 0.07187500000000001
7 0.6507812500000001 0.49843750000000003 0.1171875 0.140625
3 0.6335937500000001 0.6046875 0.08281250000000001 0.034375
7 0.48046875 0.44609375 0.08281250000000001 0.09531250000000001
7 0.33203125 0.5453125 0.15781250000000002 0.171875
7 0.2265625 0.37109375 0.171875 0.0546875
7 0.44843750000000004 0.36640625000000004 0.17500000000000002 0.0703125
7 0.58828125 0.27109375 0.0859375 0.1328125
3 0.77734375 0.36640625000000004 0.1203125 0.0671875
7 0.28671875 0.29453125 0.1421875 0.035937500000000004
7 0.37343750000000003 0.19765625 0.043750000000000004 0.0703125
7 0.79453125 0.47734375 0.06406250000000001 0.0671875
7 0.17578125 0.02734375 0.0703125 0.029687500000000002
