3 0.5640625 0.7578125 0.1125 0.096875
3 0.31796875 0.44921875 0.0859375 0.21406250000000002
3 0.41796875 0.23593750000000002 0.0484375 0.10312500000000001
3 0.8343750000000001 0.02421875 0.034375 0.0421875
3 0.8851562500000001 0.13046875 0.0390625 0.0390625
3 0.02734375 0.096875 0.0234375 0.015625
3 0.1046875 0.039843750000000004 0.021875000000000002 0.0484375
3 0.13359375 0.0203125 0.0234375 0.040625
3 0.16875 0.0703125 0.05 0.07187500000000001
3 0.2390625 0.043750000000000004 0.018750000000000003 0.0625
3 0.6890625 0.8132812500000001 0.059375000000000004 0.060937500000000006
3 0.75546875 0.65234375 0.0203125 0.051562500000000004
