5 0.5398437500000001 0.58203125 0.13593750000000002 0.2546875
4 0.39296875000000003 0.30859375 0.1296875 0.1171875
3 0.1234375 0.8171875000000001 0.246875 0.19062500000000002
3 0.05 0.22421875000000002 0.09062500000000001 0.0671875
5 0.4703125 0.23828125 0.028125 0.0484375
4 0.42421875000000003 0.40546875000000004 0.060937500000000006 0.11406250000000001
3 0.9812500000000001 0.46328125000000003 0.034375 0.1078125
3 0.8382812500000001 0.49062500000000003 0.029687500000000002 0.10312500000000001
3 0.80625 0.1453125 0.12187500000000001 0.1875
3 0.6625000000000001 0.27734375 0.07500000000000001 0.1421875
3 0.37734375000000003 0.045312500000000006 0.051562500000000004 0.09062500000000001
3 0.42265625 0.19843750000000002 0.0703125 0.053125000000000006
3 0.28359375000000003 0.57578125 0.1265625 0.1453125
3 0.29921875000000003 0.953125 0.0390625 0.09062500000000001
4 0.5593750000000001 0.3296875 0.1125 0.203125
3 0.5140625 0.6781250000000001 0.084375 0.15000000000000002
3 0.61484375 0.6375000000000001 0.0390625 0.034375
