4 0.29453125 0.8734375000000001 0.1015625 0.234375
4 0.54609375 0.65625 0.4609375 0.40625
4 0.384375 0.39140625 0.184375 0.32343750000000004
4 0.65234375 0.15000000000000002 0.43281250000000004 0.30000000000000004
4 0.20859375000000002 0.29453125 0.1796875 0.3953125
3 0.06484375 0.8359375 0.1265625 0.09062500000000001
3 0.17265625 0.7992187500000001 0.15781250000000002 0.38593750000000004
3 0.5593750000000001 0.87890625 0.284375 0.23593750000000002
3 0.42109375000000004 0.5609375 0.1921875 0.19687500000000002
3 0.5750000000000001 0.41171875 0.065625 0.0765625
4 0.5609375 0.446875 0.146875 0.19062500000000002
