3 0.496875 0.6156250000000001 0.034375 0.037500000000000006
3 0.48281250000000003 0.7640625000000001 0.040625 0.065625
3 0.14453125 0.8406250000000001 0.0328125 0.028125
3 0.13984375000000002 0.7734375 0.0578125 0.03125
3 0.041406250000000006 0.86328125 0.08281250000000001 0.0546875
3 0.11328125 0.94921875 0.0484375 0.035937500000000004
3 0.09921875000000001 0.015625 0.051562500000000004 0.028125
3 0.33437500000000003 0.5453125 0.05625 0.03125
3 0.15781250000000002 0.5710937500000001 0.034375 0.0234375
3 0.3171875 0.6312500000000001 0.043750000000000004 0.028125
3 0.17734375000000002 0.43593750000000003 0.0390625 0.037500000000000006
3 0.7937500000000001 0.18671875000000002 0.065625 0.0390625
3 0.86328125 0.08828125 0.0765625 0.035937500000000004
6 0.3921875 0.1375 0.24375000000000002 0.27187500000000003
6 0.17500000000000002 0.32656250000000003 0.203125 0.09375
6 0.60703125 0.24140625000000002 0.2234375 0.07968750000000001
6 0.6203125 0.56953125 0.1875 0.1265625
6 0.4765625 0.75390625 0.16875 0.34218750000000003
3 0.65234375 0.9304687500000001 0.0734375 0.0421875
3 0.7734375 0.90625 0.025 0.015625
3 0.9437500000000001 0.9242187500000001 0.040625 0.0328125
3 0.878125 0.9710937500000001 0.0625 0.026562500000000003
3 0.7367187500000001 0.78671875 0.0484375 0.0234375
3 0.81796875 0.77109375 0.0578125 0.026562500000000003
6 0.1609375 0.65234375 0.12187500000000001 0.19843750000000002
6 0.9421875000000001 0.51171875 0.1125 0.1453125
6 0.60078125 0.34453125 0.0859375 0.0734375
