4 0.9390625 0.1078125 0.10625000000000001 0.07500000000000001
4 0.8093750000000001 0.06796875000000001 0.140625 0.1203125
4 0.9484375 0.23359375000000002 0.037500000000000006 0.0734375
4 0.9281250000000001 0.30000000000000004 0.078125 0.06875
4 0.79296875 0.353125 0.1453125 0.096875
4 0.8695312500000001 0.434375 0.08281250000000001 0.109375
4 0.6937500000000001 0.48750000000000004 0.27187500000000003 0.07187500000000001
4 0.6937500000000001 0.57578125 0.20625000000000002 0.0578125
3 0.07187500000000001 0.22421875000000002 0.09062500000000001 0.06406250000000001
3 0.1640625 0.25 0.07187500000000001 0.05625
4 0.65 0.3640625 0.078125 0.053125000000000006
4 0.47109375000000003 0.32109375 0.11093750000000001 0.051562500000000004
4 0.4 0.35859375000000004 0.153125 0.06406250000000001
3 0.2609375 0.3328125 0.03125 0.028125
3 0.16484375 0.340625 0.026562500000000003 0.040625
7 0.22890625 0.35859375000000004 0.0328125 0.0328125
3 0.3140625 0.45078125 0.115625 0.0765625
7 0.1265625 0.36875 0.021875000000000002 0.037500000000000006
3 0.029687500000000002 0.36484375 0.05 0.0484375
7 0.15390625000000002 0.45234375000000004 0.0921875 0.0578125
3 0.16015625 0.5437500000000001 0.0671875 0.065625
3 0.25234375000000003 0.53828125 0.1046875 0.035937500000000004
3 0.17734375000000002 0.63828125 0.1015625 0.07968750000000001
3 0.2421875 0.7132812500000001 0.05625 0.035937500000000004
3 0.659375 0.790625 0.08125 0.059375000000000004
3 0.34296875000000004 0.6312500000000001 0.026562500000000003 0.03125
7 0.29765625 0.67734375 0.0328125 0.045312500000000006
3 0.11093750000000001 0.7835937500000001 0.07500000000000001 0.035937500000000004
3 0.7234375000000001 0.65234375 0.06875 0.0484375
3 0.6171875 0.2515625 0.028125 0.021875000000000002
3 0.30078125 0.13515625 0.0328125 0.045312500000000006
3 0.73984375 0.18515625000000002 0.0421875 0.029687500000000002
3 0.3203125 0.2390625 0.040625 0.028125
