4 0.4734375 0.88203125 0.40937500000000004 0.1859375
4 0.2921875 0.9242187500000001 0.22812500000000002 0.0578125
7 0.65625 0.7820312500000001 0.146875 0.09531250000000001
7 0.42109375000000004 0.6742187500000001 0.2671875 0.1796875
7 0.22890625 0.6648437500000001 0.0765625 0.11406250000000001
7 0.23515625 0.7625000000000001 0.11406250000000001 0.053125000000000006
7 0.8250000000000001 0.45234375000000004 0.1625 0.11406250000000001
7 0.11484375000000001 0.040625 0.1203125 0.08125
7 0.940625 0.59921875 0.08750000000000001 0.051562500000000004
4 0.6273437500000001 0.37031250000000004 0.21406250000000002 0.07500000000000001
4 0.8148437500000001 0.2234375 0.22031250000000002 0.14375000000000002
4 0.33203125 0.36250000000000004 0.2828125 0.12812500000000002
4 0.384375 0.12812500000000002 0.19375 0.215625
4 0.5437500000000001 0.21796875000000002 0.09062500000000001 0.13593750000000002
4 0.9226562500000001 0.06171875 0.15156250000000002 0.1203125
3 0.42734375 0.8515625 0.060937500000000006 0.043750000000000004
3 0.5625 0.8812500000000001 0.078125 0.053125000000000006
3 0.33203125 0.8148437500000001 0.0671875 0.0421875
3 0.32421875 0.353125 0.1078125 0.037500000000000006
3 0.259375 0.39765625000000004 0.11875000000000001 0.0671875
3 0.33984375 0.3171875 0.1765625 0.018750000000000003
3 0.34687500000000004 0.10625000000000001 0.0625 0.078125
3 0.36484375 0.0328125 0.0484375 0.065625
3 0.884375 0.25546875 0.053125000000000006 0.060937500000000006
3 0.78828125 0.2515625 0.0859375 0.043750000000000004
3 0.234375 0.9171875 0.043750000000000004 0.025
3 0.31562500000000004 0.8671875 0.03125 0.028125
3 0.28750000000000003 0.9500000000000001 0.037500000000000006 0.021875000000000002
