7 0.6125 0.421875 0.1125 0.26875
7 0.42734375 0.50625 0.1484375 0.07187500000000001
7 0.6742187500000001 0.6531250000000001 0.1328125 0.12187500000000001
7 0.34687500000000004 0.7039062500000001 0.19687500000000002 0.0671875
7 0.51484375 0.6625000000000001 0.0921875 0.05625
7 0.5859375 0.6421875 0.037500000000000006 0.040625
7 0.5710937500000001 0.74609375 0.0671875 0.035937500000000004
7 0.58828125 0.8375 0.1203125 0.07500000000000001
7 0.7109375 0.83515625 0.10625000000000001 0.0703125
3 0.4890625 0.7984375 0.065625 0.053125000000000006
