14 0.025745257452574524 0.850920245398773 0.05149051490514905 0.10102249488752556
14 0.09598012646793135 0.23231083844580777 0.12149954832881661 0.11370143149284254
14 0.07452574525745258 0.13660531697341513 0.14905149051490515 0.147239263803681
14 0.23486901535682023 0.2623721881390593 0.1282746160794941 0.12310838445807772
14 0.6775067750677507 0.2805725971370143 0.15898825654923215 0.1603271983640082
14 0.17841011743450766 0.7374233128834355 0.15718157181571815 0.15950920245398773
14 0.3545618789521228 0.6971370143149285 0.14995483288166214 0.1492842535787321
14 0.7052845528455284 0.5578732106339468 0.16485998193315266 0.16768916155419222
14 0.775293586269196 0.44458077709611454 0.15853658536585366 0.16114519427402862
14 0.6140469738030714 0.41063394683026583 0.12420957542908762 0.11042944785276074
14 0.514453477868112 0.7732106339468303 0.14001806684733514 0.14683026584867076
14 0.797877145438121 0.6603271983640082 0.19105691056910568 0.14846625766871166
14 0.06142728093947606 0.8165644171779142 0.1038843721770551 0.10102249488752556
14 0.16666666666666666 0.4619631901840491 0.14543812104787715 0.12147239263803682
14 0.13572719060523938 0.35807770961145197 0.09168925022583559 0.09693251533742331
14 0.4022131887985546 0.24785276073619633 0.19105691056910568 0.18732106339468302
14 0.4722222222222222 0.9114519427402863 0.10794941282746161 0.09938650306748466
