14 0.08879682997118155 0.3927747886241353 0.15165706051873198 0.17371252882398155
14 0.13598703170028817 0.12701767870868563 0.14012968299711814 0.22405841660261339
14 0.24819884726224783 0.3627978478093774 0.07780979827089336 0.10453497309761722
14 0.2687319884726225 0.08954650269023828 0.1786743515850144 0.1460415065334358
14 0.3420389048991354 0.5270945426594927 0.20569164265129683 0.17947732513451192
14 0.3703170028818444 0.7488470407378939 0.2276657060518732 0.15564950038431977
14 0.44506484149855907 0.6120292083013067 0.17182997118155618 0.1740968485780169
14 0.5996037463976945 0.7263643351268255 0.18695965417867433 0.30207532667179093
14 0.644992795389049 0.4957724827056111 0.23955331412103745 0.15833973866256726
14 0.5842939481268011 0.3712528823981553 0.19164265129682995 0.1299000768639508
14 0.5671829971181556 0.2584550345887779 0.19056195965417866 0.12336664104534974
14 0.6087896253602305 0.15007686395080708 0.19380403458213255 0.15411222136817831
14 0.7858429394812679 0.37586471944657956 0.09762247838616714 0.08224442736356649
14 0.8396974063400576 0.4202536510376633 0.1361671469740634 0.07417371252882399
