14 0.38224637681159424 0.9514659834898948 0.10072463768115943 0.08226586962709935
14 0.37771739130434784 0.6511528608027327 0.14891304347826087 0.12667235980643327
14 0.7335144927536232 0.7560489610019926 0.06195652173913044 0.08482778252206093
14 0.29184782608695653 0.8588101337887846 0.10398550724637681 0.15428408767435242
14 0.5423913043478261 0.6813265015656135 0.0963768115942029 0.11756333617990322
14 0.33858695652173915 0.2210361514375178 0.13442028985507246 0.11357813834329633
14 0.45905797101449275 0.13435809849131797 0.11376811594202899 0.07571875889553088
14 0.6081521739130434 0.1776259607173356 0.20543478260869566 0.11500142328494165
14 0.8538043478260869 0.25989183034443497 0.06485507246376812 0.0842584685454028
14 0.19057971014492753 0.5782806717904925 0.20144927536231885 0.058923996584116144
14 0.768840579710145 0.8397381155707373 0.1427536231884058 0.0905209222886422
14 0.5333333333333333 0.7897808141189867 0.22753623188405797 0.05835468260745802
