14 0.9307894736842105 0.11612789880534083 0.05578947368421053 0.06992269852424456
14 0.25855263157894737 0.823436401967674 0.19026315789473683 0.20765987350667603
14 0.3351315789473684 0.6331693605059733 0.10710526315789473 0.18692902319044272
14 0.39710526315789474 0.797610681658468 0.09578947368421052 0.15390021082220662
14 0.47368421052631576 0.7761770906535489 0.06842105263157895 0.1286015460295151
14 0.5827631578947369 0.9047786366830639 0.15447368421052632 0.1904427266338721
14 0.7827631578947368 0.7895291637385805 0.13605263157894737 0.1426563598032326
14 0.7126315789473684 0.6951862262825017 0.1405263157894737 0.1577652846099789
14 0.6514473684210527 0.609451862262825 0.12184210526315789 0.13949402670414618
14 0.4193421052631579 0.4430780042164441 0.12552631578947368 0.17990161630358398
14 0.47 0.23910751932536894 0.1094736842105263 0.15495432185523542
14 0.27960526315789475 0.3053408292340126 0.10184210526315789 0.14546732255797612
14 0.2606578947368421 0.12350667603654251 0.09236842105263157 0.17955024595924104
14 0.15657894736842104 0.23014757554462403 0.1936842105263158 0.19114546732255797
14 0.5635526315789473 0.05569219957835558 0.135 0.11138439915671117
14 0.721578947368421 0.2359451862262825 0.05578947368421053 0.06992269852424456
14 0.10552631578947368 0.9035488404778637 0.19052631578947368 0.19290231904427266
