13 0.4473328831870358 0.19000471475719 0.32275489534098584 0.38000942951438
13 0.5300472653612425 0.5063649222065064 0.2808912896691425 0.23573785950023574
13 0.2010465901417961 0.4163130598774163 0.2575962187711006 0.39226779820839225
13 0.7633355840648212 0.3088165959453088 0.13301823092505066 0.28194247996228194
13 0.811951384199865 0.5570485619990571 0.08507765023632681 0.15605846298915607
13 0.6819716407832546 0.4797265440829797 0.12086428089128967 0.16643092880716642
13 0.6601958136394329 0.6282413955681282 0.09554355165428766 0.12965582272512965
13 0.7454422687373397 0.7901933050447902 0.15192437542201218 0.19047619047619047
13 0.187373396353815 0.6987270155586988 0.074949358541526 0.20744931636020744
13 0.21303173531397707 0.8833097595473833 0.11343686698176908 0.123998114097124
13 0.3131330182309251 0.9537953795379538 0.1448345712356516 0.0924092409240924
13 0.5162052667116813 0.8833097595473833 0.16272788656313303 0.21263554926921263
