13 0.4574245593068419 0.6681640625 0.15536301165222585 0.133203125
13 0.5268897520167314 0.830078125 0.10008963250672243 0.19375
13 0.6743352255751419 0.7712890625000001 0.1446071108455333 0.106640625
13 0.6703017627726322 0.637890625 0.14191813564386016 0.11484375000000001
13 0.6187630714072303 0.915625 0.0806692560501942 0.16875
13 0.2557514191813564 0.34414062500000003 0.12249775918733193 0.23828125
13 0.35330146399760975 0.5833984375 0.10666268299970122 0.169921875
13 0.3391096504332238 0.8205078125 0.08604720645354048 0.162109375
13 0.5878398565879892 0.144140625 0.13534508515088137 0.2765625
13 0.8264117119808784 0.6062500000000001 0.08365700627427547 0.13203125000000002
