14 0.013338513338513339 0.7030651340996169 0.026677026677026677 0.09425287356321839
14 0.04105154105154105 0.7373563218390805 0.0821030821030821 0.09386973180076628
14 0.6946386946386947 0.05613026819923372 0.15643615643615644 0.11226053639846743
14 0.6914011914011915 0.22547892720306514 0.12147112147112148 0.18888888888888888
14 0.5751100751100752 0.06743295019157089 0.11991711991711992 0.13486590038314178
14 0.5814555814555815 0.28160919540229884 0.06423206423206423 0.11111111111111112
14 0.4794094794094794 0.06896551724137931 0.13623413623413624 0.13793103448275862
14 0.5758870758870759 0.4731800766283525 0.15824915824915825 0.2045977011494253
14 0.6305361305361306 0.6812260536398468 0.17016317016317017 0.18620689655172415
14 0.5388500388500389 0.6005747126436782 0.13545713545713547 0.19272030651340996
14 0.47902097902097907 0.7796934865900383 0.16032116032116034 0.31417624521072796
14 0.3752913752913753 0.6021072796934867 0.17871017871017872 0.19118773946360154
14 0.3727013727013727 0.46187739463601535 0.14296814296814297 0.15593869731800766
14 0.3466718466718467 0.35478927203065136 0.14167314167314168 0.14942528735632185
14 0.28502978502978504 0.2818007662835249 0.14737114737114737 0.1789272030651341
14 0.24721574721574724 0.5697318007662835 0.07485107485107485 0.09425287356321839
14 0.22804972804972806 0.6365900383141763 0.09971509971509972 0.09386973180076628
14 0.22533022533022534 0.10229885057471265 0.15902615902615905 0.2045977011494253
14 0.9575239575239576 0.08659003831417625 0.08495208495208496 0.1731800766283525
