14 0.6626916524701874 0.8803122289679097 0.18807495741056218 0.23937554206418038
14 0.3911413969335605 0.800520381613183 0.24054514480408856 0.18126626192541195
14 0.710732538330494 0.7148742411101474 0.21124361158432708 0.13139635732870772
14 0.4383304940374787 0.654163052905464 0.20681431005110731 0.09236773633998265
14 0.11345826235093696 0.8401994796183868 0.10766609880749574 0.1366001734605377
14 0.12674616695059623 0.6537294015611448 0.10153321976149915 0.1409366869037294
14 0.0889267461669506 0.44601040763226363 0.14991482112436116 0.2181266261925412
14 0.41396933560477 0.441673894189072 0.17308347529812607 0.15047701647875109
14 0.9342419080068143 0.36296617519514307 0.13151618398637138 0.1647875108412836
14 0.7889267461669506 0.48525585429314827 0.09982964224872232 0.22636600173460536
14 0.8129471890971038 0.204683434518647 0.1260647359454855 0.2298352124891587
14 0.56984667802385 0.5030355594102341 0.07257240204429301 0.1474414570685169
14 0.5233390119250425 0.310928013876843 0.08654173764906303 0.14310494362532522
14 0.4485519591141397 0.18278404163052905 0.131175468483816 0.07328707718993929
14 0.5604770017035775 0.0784908933217693 0.08245315161839863 0.1569817866435386
14 0.6873935264054514 0.5316565481352992 0.062350936967632026 0.13096270598438856
