13 0.6692776327241079 0.9645882751609625 0.10966057441253263 0.07082344967807523
13 0.913402959094865 0.7880379532361912 0.1731940818102698 0.09725516773974924
13 0.7156222802436901 0.7749915282954931 0.20670147954743254 0.10098271772280583
13 0.8472584856396866 0.9246018298881735 0.13838120104438642 0.150796340223653
13 0.6492602262837249 0.8695357505930194 0.22976501305483027 0.11860386309725518
13 0.5483028720626631 0.7695696374110471 0.1514360313315927 0.16875635377838022
13 0.7769799825935596 0.6648593697051848 0.17101827676240208 0.13825821755337175
13 0.3335509138381201 0.52389020670959 0.18320278503046128 0.09556082683835988
13 0.37663185378590075 0.6369027448322603 0.1814621409921671 0.124364622161979
13 0.5659268929503917 0.6111487631311421 0.16579634464751958 0.13181972212809218
13 0.48389904264577893 0.4437478820738733 0.22454308093994776 0.1026770586241952
13 0.47236727589208005 0.32192477126397834 0.16927763272410792 0.15723483564893256
13 0.6973455178416014 0.25313453066757036 0.11705831157528285 0.13690274483226025
13 0.46888598781549173 0.04727211114876313 0.13881636205395997 0.09454422229752626
13 0.4954308093994778 0.9039308708912234 0.0639686684073107 0.07692307692307693
