14 0.735435595938001 0.8978578892371997 0.14110101549973275 0.14367816091954025
14 0.7835382148583645 0.739289446185998 0.14858364510956706 0.15569487983281088
14 0.21272047033671831 0.4921630094043888 0.1806520577231427 0.2027168234064786
14 0.36237306253340457 0.34143155694879834 0.17316942811330838 0.18965517241379312
14 0.7279529663281668 0.0929989550679206 0.19027258150721538 0.1859979101358412
14 0.8973810796365579 0.09221525600835946 0.18278995189738106 0.18443051201671892
14 0.8401924104756814 0.2648902821316615 0.1453768038482095 0.13897596656217348
14 0.37092463923035807 0.13244514106583075 0.16034206306787813 0.18756530825496345
14 0.056921432389096735 0.5587774294670846 0.11384286477819347 0.12800417972831768
14 0.5173703901656868 0.6797283176593522 0.17103153393907 0.15151515151515152
14 0.6162479957242116 0.7774294670846396 0.10475681453768038 0.12434691745036573
14 0.8944414751469801 0.5809822361546501 0.21111704970603953 0.2382445141065831
14 0.189470871191876 0.08672936259143156 0.12560128273650453 0.12539184952978058
