13 0.3042220936957779 0.9378277153558053 0.10063620589936378 0.12434456928838952
13 0.2297570850202429 0.8142322097378277 0.12232504337767494 0.11310861423220975
13 0.3812897628687102 0.7964419475655431 0.11422787738577211 0.07228464419475655
13 0.06839213418160786 0.6713483146067416 0.09051474840948524 0.17265917602996256
13 0.0299305957200694 0.37696629213483146 0.0598611914401388 0.1659176029962547
13 0.21356275303643724 0.4453183520599251 0.09398496240601503 0.10786516853932585
13 0.4430306535569693 0.6943820224719102 0.1249277038750723 0.12434456928838952
13 0.4524291497975708 0.5882022471910112 0.12232504337767494 0.10674157303370788
13 0.5549450549450549 0.8571161048689139 0.07460960092539039 0.18689138576779027
13 0.7528918449971082 0.7711610486891386 0.09976865240023135 0.2164794007490637
13 0.7659051474840948 0.6037453183520599 0.11133603238866396 0.07116104868913858
13 0.946500867553499 0.5780898876404494 0.10699826489300172 0.15617977528089888
13 0.9204742625795257 0.3604868913857678 0.11278195488721804 0.1951310861423221
13 0.6726431463273568 0.2054307116104869 0.11856564488143434 0.1359550561797753
13 0.562753036437247 0.10955056179775281 0.08675534991324464 0.13670411985018727
