13 0.07325519445924347 0.06907717215326498 0.07245604688332445 0.13815434430652995
13 0.6783431006925945 0.5337290879654614 0.24587107085775173 0.47706422018348627
13 0.4652370804475226 0.5075553157042634 0.11321257325519445 0.43874797625472206
13 0.607352157698455 0.12196438208310847 0.2083111347895578 0.24392876416621695
13 0.5025306339904102 0.922288181327577 0.1547682472029835 0.1554236373448462
13 0.35788492274906764 0.9060982191041554 0.08444326052210975 0.12196438208310847
13 0.43593500266382523 0.744738262277388 0.08710708577517315 0.1802482460874258
13 0.36401172083111344 0.6505666486778198 0.06792754395311668 0.1430113329735564
13 0.2543953116675546 0.7101996762007555 0.09856153436334576 0.22881813275769022
13 0.2707778369738945 0.04560172692930383 0.08870538092701118 0.09120345385860766
13 0.1824720298348428 0.083917970858068 0.07245604688332445 0.167835941716136
13 0.27091102823654767 0.33000539665407447 0.1108151305274374 0.24446842957366433
