13 0.5126012601260126 0.0444064901793339 0.11551155115511552 0.0888129803586678
13 0.4141914191419142 0.1161400512382579 0.11311131113111313 0.1443210930828352
13 0.4125412541254126 0.32685738684884713 0.17941794179417944 0.23441502988898377
13 0.3196819681968197 0.45580700256191287 0.10111011101110112 0.159265584970111
13 0.2416741674167417 0.3687019641332195 0.1347134713471347 0.16438941076003416
13 0.19396939693969398 0.24402220324508966 0.11131113111311132 0.17634500426985483
13 0.5628562856285629 0.2060204953031597 0.10441044104410442 0.230999146029035
13 0.7613261326132614 0.265798462852263 0.10951095109510951 0.15499573014517506
13 0.6851185118511852 0.3661400512382579 0.10291029102910292 0.17549103330486762
13 0.6183618361836184 0.4735269000853971 0.07020702070207022 0.13151152860802734
13 0.5316531653165317 0.5386421861656704 0.09360936093609362 0.11912894961571306
13 0.5912091209120912 0.6558497011101623 0.15331533153315333 0.12809564474807855
13 0.396939693969397 0.5437660119555935 0.1278127812781278 0.13108454312553372
13 0.48139813981398144 0.7263023057216055 0.07530753075307531 0.08283518360375747
13 0.4908490849084909 0.8953885567890691 0.16021602160216022 0.20922288642186165
13 0.3456345634563457 0.8114859094790777 0.09120912091209121 0.1703672075149445
13 0.4008400840084009 0.9508966695132366 0.10801080108010802 0.08625106746370623
