14 0.1264405663483701 0.7201550387596899 0.14224563714191635 0.07441860465116279
14 0.056470200856107995 0.611046511627907 0.11294040171221599 0.12286821705426357
14 0.11343431017451432 0.4042635658914729 0.082647349357919 0.19689922480620153
14 0.0986170563055647 0.21724806201550387 0.08659861705630556 0.10348837209302325
14 0.20859400724399077 0.40329457364341087 0.10174514323345406 0.05310077519379845
14 0.2560092196246295 0.2858527131782946 0.08396443859071452 0.1748062015503876
14 0.31297332894303587 0.41511627906976745 0.06486664471517944 0.05426356589147287
14 0.36483371748435955 0.6866279069767441 0.08495225551531116 0.06627906976744186
14 0.3946328613763582 0.4453488372093023 0.11755021402700032 0.13798449612403102
14 0.5092196246295686 0.44302325581395346 0.08462298320711227 0.12790697674418605
14 0.44962133684557126 0.5709302325581396 0.06815936779716826 0.1
14 0.7933816266052025 0.6160852713178294 0.16628251564043464 0.1058139534883721
14 0.6712216002634178 0.4947674418604651 0.082647349357919 0.15155038759689923
14 0.6815936779716826 0.6959302325581396 0.09022061244649325 0.14612403100775193
14 0.5956536055317747 0.3732558139534884 0.15541652946987158 0.06976744186046512
14 0.5917023378333882 0.23468992248062015 0.18636812644056633 0.17325581395348838
14 0.37833388212051366 0.2375968992248062 0.1547579848534738 0.1682170542635659
