14 0.11853593015446609 0.45000000000000007 0.18334452652787106 0.23775510204081635
14 0.18183344526527873 0.13775510204081634 0.090329079919409 0.2755102040816327
14 0.4158831430490262 0.7489795918367348 0.10510409670920082 0.2469387755102041
14 0.544660846205507 0.850765306122449 0.10745466756212224 0.29846938775510207
14 0.5868032236400269 0.6609693877551021 0.17965077233042312 0.11581632653061226
14 0.9350235057085292 0.878061224489796 0.07891202149093351 0.24387755102040817
14 0.9796843519140364 0.7362244897959185 0.04063129617192747 0.12653061224489798
14 0.8252182672934856 0.6642857142857144 0.21860308932169242 0.17653061224489797
14 0.8708865010073875 0.3987244897959184 0.14204163868368033 0.1576530612244898
14 0.8906984553391538 0.1285714285714286 0.06548018804566824 0.2571428571428572
14 0.7489926124916051 0.21581632653061225 0.21255876427132306 0.1795918367346939
