14 0.31081593927893736 0.10751978891820581 0.0872865275142315 0.1253298153034301
14 0.23111954459203035 0.056288478452066845 0.07741935483870968 0.11257695690413369
14 0.1793168880455408 0.17524186455584873 0.1157495256166983 0.07695690413368514
14 0.372865275142315 0.25923482849604224 0.11195445920303605 0.05936675461741425
14 0.18197343453510437 0.38280562884784525 0.11423149905123339 0.07080035180299032
14 0.05047438330170778 0.34784520668425684 0.10094876660341556 0.13280562884784522
14 0.31138519924098673 0.379287598944591 0.11195445920303605 0.11653474054529464
14 0.07912713472485769 0.5582673702726474 0.0952561669829222 0.21328056288478453
14 0.2125237191650854 0.5037379067722075 0.09943074003795066 0.14995602462620933
14 0.5039848197343454 0.33421284080914687 0.1366223908918406 0.09322779243623572
14 0.40151802656546487 0.4544854881266491 0.06755218216318785 0.13236587510993844
14 0.1810246679316888 0.6649076517150396 0.11081593927893738 0.07211961301671065
14 0.29240986717267553 0.7796833773087072 0.1301707779886148 0.09850483729111698
14 0.4461100569259962 0.8190413368513633 0.09981024667931689 0.133245382585752
