13 0.1514015001973944 0.8877059059863399 0.15673114883537306 0.16673362796303737
13 0.13185945519147255 0.7643631980715146 0.1460718515594157 0.16110887906789875
13 0.7698381365969206 0.428887103254319 0.4603237268061587 0.46484531940538365
13 0.6926569285432294 0.1275612695861792 0.17331227793130674 0.17235837685817595
13 0.44453217528622185 0.4377259943752511 0.44295302013422816 0.45279228605865807
13 0.739242005527043 0.8083567697870631 0.43071456770627714 0.38328646042587383
13 0.3466245558626135 0.7382482924869426 0.15633636004737464 0.16673362796303737
13 0.5189498618239242 0.8603856970670952 0.15594157125937622 0.16593009240658899
13 0.23568890643505724 0.6850140618722378 0.1460718515594157 0.16070711128967458
13 0.015791551519936834 0.265166733627963 0.03158310303987367 0.12053033346725592
13 0.8341887090406632 0.06368019284853355 0.17133833399131465 0.1273603856970671
