14 0.32820874471086037 0.1503006012024048 0.1554301833568406 0.3006012024048096
14 0.5530324400564175 0.2542585170340681 0.19887165021156558 0.20891783567134267
14 0.2885754583921015 0.3532064128256513 0.17489421720733425 0.15130260521042083
14 0.5138222849083216 0.4235971943887775 0.1712270803949224 0.10671342685370741
14 0.7829337094499295 0.20841683366733466 0.08885754583921016 0.15731462925851702
14 0.7719322990126939 0.42384769539078154 0.08377997179125528 0.1623246492985972
14 0.8033850493653032 0.6638276553106212 0.1241184767277856 0.251503006012024
14 0.5339915373765867 0.6690881763527053 0.14330042313117067 0.17384769539078154
14 0.07898448519040903 0.7600200400801602 0.15796897038081806 0.1903807615230461
14 0.223836389280677 0.6187374749498997 0.08265162200282088 0.26152304609218435
14 0.20380818053596614 0.9050601202404809 0.10465444287729196 0.18987975951903807
14 0.40521861777150914 0.5981963927855711 0.060084626234132577 0.17034068136272543
14 0.44358251057827924 0.8198897795591181 0.07193229901269393 0.1658316633266533
14 0.5056417489421721 0.9624248496993987 0.10860366713681241 0.0751503006012024
14 0.3077574047954866 0.564879759519038 0.051339915373765865 0.1508016032064128
14 0.9214386459802538 0.8582164328657313 0.15712270803949224 0.11623246492985971
