13 0.7493881546744984 0.7119333591631151 0.27214880078316206 0.1282448663308795
13 0.6206558981889378 0.8723363037582332 0.21047479197258934 0.14219294846958544
13 0.4348996573666178 0.7539713289422705 0.12090063631913853 0.1743510267338241
13 0.5215369554576603 0.763463773731112 0.04943710230053843 0.036807438977140644
13 0.5888399412628488 0.7404106935296397 0.032305433186490456 0.03254552499031383
13 0.6302006852667646 0.594149554436265 0.11209006363191386 0.048430840759395584
13 0.49192364170337743 0.5778767919411081 0.06852667645619188 0.058504455637349864
13 0.43759177679882527 0.5133669120495932 0.17033773861967696 0.09841146842309183
13 0.7312775330396476 0.5184037194885703 0.2280959373470387 0.09996125532739249
13 0.631424375917768 0.45040681906237895 0.08908467939304944 0.08562572646261139
13 0.5279001468428781 0.43180937621077103 0.05237395986294665 0.07167764432390547
13 0.3027410670582477 0.5414567996900427 0.06020558002936858 0.12514529252227818
13 0.7315222711698484 0.3527702440914374 0.10523739598629467 0.06780317706315382
13 0.7907488986784141 0.28380472685005814 0.056289769946157614 0.08175125920185974
13 0.8656387665198239 0.162340178225494 0.07684777288301518 0.05191786129407207
13 0.740332843857073 0.1567222006974041 0.06901615271659325 0.06237892289810151
13 0.7515907978463046 0.0823324292909725 0.12285854136074402 0.08872530027121271
13 0.5501713166911405 0.2115459124370399 0.08027410670582477 0.04649360712901976
13 0.6764561918746942 0.2797365362262689 0.05873715124816447 0.03796977915536614
13 0.5915320606950564 0.06741573033707865 0.10523739598629467 0.1348314606741573
13 0.3069016152716594 0.2938783417280124 0.15565345080763585 0.08562572646261139
13 0.28928046989721 0.16931421929484697 0.1478218306412139 0.08911274699728787
13 0.36514929025942244 0.06334753971328942 0.15761135584924132 0.07167764432390547
