14 0.7532307692307693 0.9163283716734325 0.12307692307692308 0.16734325665313488
14 0.5896923076923077 0.8558863328822733 0.12215384615384615 0.16193053676138927
14 0.7924615384615384 0.7449255751014885 0.16584615384615387 0.13667117726657646
14 0.5901538461538461 0.653360396932792 0.0756923076923077 0.07983761840324763
14 0.8027692307692308 0.5737483085250338 0.09476923076923077 0.2029769959404601
14 0.4470769230769231 0.569914298601714 0.11876923076923078 0.2313937753721245
14 0.268 0.57893549842129 0.09538461538461539 0.2656743346865133
14 0.3650769230769231 0.459404600811908 0.11907692307692308 0.18899413622011726
14 0.25261538461538463 0.2918358141632837 0.224 0.18132611637347767
14 0.4278461538461539 0.18967072620658548 0.0956923076923077 0.28101037437979254
14 0.5350769230769231 0.2401894451962111 0.07938461538461539 0.2232746955345061
14 0.6264615384615385 0.2388362652232747 0.07384615384615385 0.2232746955345061
14 0.7060000000000001 0.16599007668019847 0.09938461538461539 0.2210193955796121
14 0.8658461538461538 0.13712223725755526 0.1193846153846154 0.2327469553450609
14 0.9350769230769231 0.4900766801984664 0.12984615384615386 0.2404149751917005
