14 0.050512723129510065 0.7968986384266263 0.10102544625902013 0.1913767019667171
14 0.6477402202810482 0.27155824508320725 0.19483478921382452 0.1989409984871407
14 0.5351310292442081 0.6913767019667171 0.18609950626661603 0.1800302571860817
14 0.7024306874287884 0.7267397881996974 0.16065324724648689 0.15695915279878972
14 0.10482339536650209 0.16981845688350983 0.16179263197873148 0.16717095310136157
14 0.1891378655526016 0.21369137670196672 0.12913026965438662 0.12934947049924359
14 0.1323585263957463 0.6588502269288956 0.19255601974933537 0.1913767019667171
14 0.843144701860995 0.7378971255673222 0.15267755412077477 0.15582450832072617
14 0.4154956323585264 0.8137291981845689 0.23699202430687427 0.22957639939485627
14 0.5653247246486897 0.5847201210287444 0.1591340676034941 0.1573373676248109
14 0.649259399924041 0.06372919818456883 0.13634637295860236 0.12745839636913767
14 0.9430307633877706 0.09795763993948563 0.11393847322445878 0.19062027231467474
