14 0.059540636042402825 0.10403587443946188 0.07526501766784452 0.15784753363228698
14 0.8196113074204947 0.21973094170403587 0.06819787985865725 0.18385650224215247
14 0.9351590106007067 0.21995515695067264 0.12968197879858656 0.1914798206278027
14 0.7277385159010601 0.2547085201793722 0.07031802120141342 0.17847533632286997
14 0.899469964664311 0.37556053811659196 0.14664310954063603 0.11614349775784753
14 0.5095406360424029 0.25672645739910316 0.06148409893992932 0.1493273542600897
14 0.7494699646643109 0.5181614349775785 0.103886925795053 0.08475336322869956
14 0.9424028268551237 0.5786995515695067 0.10530035335689046 0.11345291479820628
14 0.7348056537102473 0.6531390134529148 0.11342756183745582 0.1295964125560538
14 0.8328621908127208 0.7495515695067264 0.1773851590106007 0.09192825112107623
14 0.5187279151943462 0.5325112107623319 0.12579505300353355 0.11165919282511211
14 0.3401060070671378 0.5396860986547085 0.11272084805653709 0.06771300448430494
14 0.4249116607773851 0.5952914798206278 0.06395759717314488 0.12600896860986546
14 0.4818021201413427 0.6932735426008969 0.1784452296819788 0.1031390134529148
14 0.5351590106007067 0.8829596412556054 0.12261484098939929 0.23408071748878925
14 0.6554770318021201 0.8060538116591929 0.10247349823321554 0.1977578475336323
