14 0.3142857142857143 0.18090787716955942 0.20180831826401446 0.2621272808188696
14 0.7976491862567812 0.45060080106809075 0.20144665461121158 0.2336448598130841
14 0.5289330922242315 0.15932354250111258 0.1826401446654611 0.21539830885625277
14 0.6924050632911393 0.5231419670672007 0.1341772151898734 0.1570983533600356
14 0.8376130198915009 0.2825990209167779 0.20325497287522604 0.2376502002670227
14 0.6567811934900543 0.08611481975967956 0.2112115732368897 0.17222963951935913
14 0.4956600361663653 0.3629283489096573 0.12549728752260397 0.1526479750778816
14 0.10162748643761302 0.34601691143747215 0.15913200723327306 0.19804183355585225
14 0.1365280289330922 0.5035603026257232 0.17034358047016274 0.22385402759234535
14 0.13670886075949368 0.6920338228749443 0.13743218806509946 0.16555407209612816
14 0.3180831826401447 0.5120160213618158 0.1667269439421338 0.20249221183800623
