13 0.2748847301328994 0.9086340794883508 0.11743965283428262 0.1827318410232983
13 0.32465419039869814 0.7035175879396985 0.1876864659614863 0.3079031521242577
13 0.2785462435584486 0.5221562357240749 0.11282885815025767 0.19643672910004567
13 0.1921616490371576 0.5628140703517588 0.13805261730404123 0.22110552763819094
13 0.1219148359099539 0.6582914572864321 0.12449145646867373 0.21745089081772498
13 0.4210740439381611 0.8905893101873001 0.13371304583672364 0.21882137962539971
13 0.6013018714401953 0.9339881224303335 0.11771087605098997 0.13202375513933304
13 0.5619745050176296 0.823435358611238 0.11825332248440466 0.2115121059844678
13 0.5322755627881747 0.6786203746002741 0.0838079739625712 0.15395157606212884
13 0.47572552210469216 0.5637277295568753 0.09709791158123136 0.15806304248515304
13 0.5539734201247627 0.4821836455002284 0.14184974233794415 0.2023755139333029
13 0.3642527800379713 0.4801279122887163 0.12476267968538107 0.18912745545911375
13 0.47925142392188774 0.34901781635449974 0.07485760781122865 0.11603471904979443
13 0.53837808516409 0.15920511649154864 0.18931380526173042 0.3184102329830973
13 0.3863574721996203 0.1857012334399269 0.10876050989964742 0.19963453631795341
13 0.4663683211282886 0.07994518044769301 0.09899647409818281 0.13887619917770672
