14 0.08291666666666667 0.3083093377211024 0.115 0.22171945701357468
14 0.67125 0.14417935006170302 0.21500000000000002 0.10324969148498561
14 0.25875000000000004 0.13554092965857673 0.18500000000000003 0.1065405183052242
14 0.6225 0.27252159605100784 0.14083333333333334 0.07280954339777869
14 0.35250000000000004 0.30357877416700946 0.10750000000000001 0.09543397778691896
14 0.12125000000000001 0.6663924310983135 0.08833333333333333 0.19744960921431512
14 0.23520833333333335 0.7996709173179762 0.12541666666666668 0.09625668449197862
14 0.28583333333333333 0.539695598519128 0.14500000000000002 0.12422871246400659
14 0.7085416666666667 0.8383381324557796 0.15125000000000002 0.15878239407651173
14 0.8762500000000001 0.8753599341834637 0.16166666666666668 0.19991772932949406
