13 0.6809451219512195 0.0510250569476082 0.10640243902439024 0.1020501138952164
13 0.7596036585365854 0.17699316628701595 0.12896341463414634 0.13804100227790433
13 0.5998475609756098 0.1988610478359909 0.12042682926829268 0.08792710706150342
13 0.9295731707317073 0.3507972665148064 0.0951219512195122 0.20956719817767655
13 0.9692073170731708 0.709111617312073 0.061585365853658536 0.20182232346241458
13 0.7765243902439024 0.625740318906606 0.09939024390243903 0.1316628701594533
13 0.5347560975609756 0.32300683371298405 0.13170731707317074 0.15125284738041003
13 0.5248475609756098 0.4517084282460137 0.12896341463414634 0.12984054669703873
13 0.4164634146341463 0.12482915717539864 0.07865853658536585 0.22687927107061504
13 0.20792682926829267 0.22938496583143508 0.1048780487804878 0.262870159453303
13 0.19435975609756098 0.4328018223234624 0.1173780487804878 0.0865603644646925
13 0.04542682926829268 0.7289293849658315 0.09085365853658536 0.23690205011389523
13 0.29253048780487806 0.9175398633257403 0.12469512195121951 0.16492027334851936
