14 0.13797868140544808 0.30983803239352126 0.11883142518752467 0.15056988602279542
14 0.07619423608369522 0.44271145770845827 0.15080931701539677 0.1379724055188962
14 0.20825108566916697 0.5110977804439112 0.07698381365969206 0.1895620875824835
14 0.2694433478089222 0.1979604079184163 0.061192262139755225 0.18236352729454108
14 0.3941966048164232 0.4871025794841031 0.07145677062771418 0.18716256748650267
14 0.37544413738649823 0.7636472705458908 0.13185945519147255 0.30473905218956204
14 0.3815633636004737 0.2831433713257348 0.11251480457954993 0.18836232753449308
14 0.5588235294117647 0.6322735452909417 0.19778918278720883 0.17036592681463705
14 0.5003947887879984 0.42711457708458306 0.14172917489143308 0.17036592681463705
14 0.44236083695223055 0.1340731853629274 0.12277931306750887 0.11817636472705458
14 0.6468614291354126 0.4613077384523095 0.07303592577970786 0.18116376724655067
14 0.7414133438610343 0.2753449310137972 0.09790761942360837 0.2147570485902819
14 0.765495459928938 0.05698860227954409 0.12633241215949467 0.11397720455908818
