14 0.6129994036970781 0.9662531922655965 0.110912343470483 0.067493615468807
14 0.4791293977340489 0.8896388179496534 0.11150864639236732 0.08646479387085006
14 0.9048896839594514 0.5521707406056183 0.12224209898628502 0.12075884713608172
14 0.6759093619558736 0.5083910981393652 0.1210494931425164 0.1105435972272893
14 0.1750149075730471 0.4664356074425392 0.1282051282051282 0.1273257935060197
14 0.03577817531305903 0.5231667274717257 0.07155635062611806 0.12258299890550893
14 0.16577221228384018 0.6169281284202845 0.12283840190816935 0.06931776723823423
14 0.5539654144305307 0.38307187157971545 0.10137149672033392 0.11528639182780007
14 0.14877757901013713 0.34950747902225465 0.22480620155038758 0.07150674936154688
14 0.7084078711985689 0.7663261583363735 0.1562313655336911 0.06895293688434878
14 0.6639833035181872 0.8588106530463334 0.06380441264162194 0.07734403502371397
14 0.27996422182468694 0.8299890550893835 0.15802027429934407 0.13644655235315578
14 0.706917113893858 0.29569500182415176 0.10077519379844961 0.06603429405326523
