13 0.3843822843822844 0.037644787644787646 0.11794871794871795 0.07528957528957529
13 0.12051282051282051 0.20945945945945946 0.19067599067599067 0.09202059202059201
13 0.334965034965035 0.22184684684684683 0.22144522144522144 0.0962033462033462
13 0.19393939393939394 0.07866795366795366 0.14825174825174825 0.14575289575289574
13 0.4058275058275058 0.13207850707850707 0.2466200466200466 0.11293436293436293
13 0.5142191142191143 0.22699485199485198 0.16223776223776223 0.15990990990990991
13 0.2692307692307692 0.32625482625482627 0.18321678321678322 0.13127413127413126
13 0.7440559440559441 0.4604247104247104 0.1958041958041958 0.09073359073359073
13 0.6979020979020979 0.3531209781209781 0.19393939393939394 0.11808236808236808
13 0.49533799533799533 0.3774131274131274 0.17762237762237762 0.12548262548262548
13 0.582983682983683 0.5365186615186615 0.24102564102564103 0.09749034749034749
13 0.5953379953379954 0.6521879021879021 0.1808857808857809 0.1492921492921493
13 0.3543123543123543 0.7175032175032174 0.1258741258741259 0.12998712998713
13 0.5993006993006993 0.934041184041184 0.14871794871794872 0.13191763191763192
13 0.5706293706293706 0.09942084942084942 0.06806526806526807 0.07335907335907335
