13 0.06936813186813187 0.10924824229313143 0.13873626373626374 0.21849648458626286
13 0.12122252747252749 0.19010275824770148 0.11607142857142858 0.18983234180638184
13 0.042925824175824176 0.2988101676581936 0.08585164835164835 0.3683071930773391
13 0.39886675824175827 0.6446727961060033 0.1871565934065934 0.337479718766901
13 0.5585508241758242 0.5216333153055707 0.15899725274725277 0.21579232017306654
13 0.38478708791208793 0.4545700378583018 0.1576236263736264 0.2709572742022715
13 0.30116758241758246 0.39616008653326124 0.11607142857142858 0.18983234180638184
13 0.16432005494505494 0.8504597079502434 0.24965659340659344 0.29908058409951327
13 0.28554258241758246 0.6730665224445647 0.25446428571428575 0.3683071930773391
13 0.6553914835164836 0.37101135749053543 0.4440247252747253 0.6230394808004327
