14 0.21438721136767316 0.3040722243565117 0.16092362344582592 0.09565885516711486
14 0.1369449378330373 0.42431809450633884 0.16802841918294847 0.14329619669611987
14 0.09413854351687388 0.5812524010756819 0.18827708703374776 0.16135228582404917
14 0.23925399644760212 0.6164041490587784 0.11261101243339254 0.20630042258932002
14 0.24689165186500886 0.8021513638109874 0.10515097690941384 0.1152516327314637
14 0.3412078152753108 0.6021897810218978 0.11545293072824156 0.06799846331156359
14 0.40639431616341026 0.7101421436803689 0.11154529307282415 0.1847867844794468
14 0.4511545293072824 0.5741452170572416 0.07602131438721137 0.06338839800230503
14 0.4731793960923623 0.2994621590472532 0.09875666074600355 0.0787552823665002
14 0.5348134991119005 0.5316941990011526 0.14245115452930726 0.1536688436419516
14 0.6575488454706927 0.5157510564733001 0.10657193605683836 0.13945447560507107
14 0.57797513321492 0.3997310795236266 0.08525754884547068 0.10872070687668076
14 0.9222024866785079 0.3011909335382251 0.155595026642984 0.1298501728774491
14 0.8243339253996447 0.43968497887053404 0.10692717584369449 0.16173645793315405
14 0.8106571936056838 0.24049174029965426 0.11438721136767317 0.1575105647330004
14 0.7587921847246891 0.5708797541298501 0.1747779751332149 0.09296965040338072
14 0.7714031971580817 0.7072608528620823 0.22060390763765542 0.1997694967345371
14 0.5431616341030195 0.738186707645025 0.186145648312611 0.19016519400691512
