14 0.661667147389674 0.3744533527696793 0.07499278915488894 0.17310495626822156
14 0.5076434958177098 0.7452623906705539 0.1321026824343813 0.08236151603498543
14 0.39573117969426014 0.6616253644314869 0.10498990481684453 0.08345481049562682
14 0.9477934813960195 0.6321064139941691 0.06345543697721373 0.09584548104956268
14 0.7492068070377847 0.9602769679300291 0.10585520623017017 0.0794460641399417
14 0.311508508797231 0.5783527696793003 0.057109893279492355 0.1377551020408163
14 0.5112489183732333 0.9099854227405247 0.16815690798961636 0.10495626822157435
14 0.545860974906259 0.6501457725947521 0.09316411883472742 0.09766763848396501
14 0.7712719930775886 0.22248542274052477 0.0519180847995385 0.12208454810495627
14 0.5644649552927603 0.04774052478134111 0.10845111047014709 0.09548104956268222
