13 0.12207838906868032 0.06116825863335782 0.24415677813736064 0.12233651726671564
13 0.366235167206041 0.6893828067597354 0.3606616325062927 0.32880235121234386
13 0.8049262855088097 0.6456649522409992 0.3901474289823804 0.4493019838354151
13 0.6407766990291262 0.48328434974283613 0.20136641495864796 0.1914033798677443
13 0.6051779935275081 0.38758265980896395 0.13160733549083062 0.14768552534900808
13 0.7035239122617764 0.3486407053637031 0.27076591154261054 0.3291697281410727
13 0.5841423948220065 0.07182218956649522 0.288745055735347 0.14364437913299044
13 0.4793239841783531 0.15686994856722997 0.15893563466379 0.1623806024981631
13 0.22545846817691478 0.32880235121234386 0.32722042430780296 0.3321087435709037
13 0.36227975548363894 0.4647318148420279 0.1815893563466379 0.16899338721528287
13 0.17673498741459906 0.13831741366642175 0.2571017619561309 0.21932402645113885
