13 0.7172977624784853 0.7985873287671232 0.10355708548479632 0.1391267123287671
13 0.5972461273666092 0.9225171232876712 0.10556511761331037 0.15496575342465752
13 0.5763052208835341 0.8332619863013698 0.04188181296615031 0.06806506849315068
13 0.6501721170395869 0.7726883561643835 0.05421686746987951 0.07363013698630136
13 0.5279690189328743 0.7863869863013698 0.0691336775674125 0.07876712328767123
13 0.6374067699368904 0.659888698630137 0.14515203671830176 0.15710616438356165
13 0.6309523809523809 0.5218321917808219 0.05421686746987951 0.12157534246575341
13 0.6972174411933447 0.4107448630136986 0.08118187033849683 0.1605308219178082
13 0.6092943201376936 0.34118150684931503 0.07573149741824439 0.14554794520547945
13 0.5028686173264486 0.3416095890410959 0.07343660355708548 0.17722602739726026
13 0.5644004589787722 0.5199058219178082 0.07200229489386115 0.14340753424657535
13 0.41193344807802634 0.6988441780821918 0.05909351692484222 0.0723458904109589
13 0.3792312105565117 0.5856164383561644 0.08835341365461846 0.1095890410958904
13 0.27925989672977625 0.6928510273972602 0.0880665519219736 0.22046232876712327
13 0.35384394721744117 0.40004280821917804 0.11158921399885255 0.17851027397260272
13 0.27882960413080893 0.418236301369863 0.045897877223178424 0.08732876712328766
13 0.24942627653471025 0.544306506849315 0.06052782558806655 0.10916095890410958
13 0.12162937464142282 0.6091609589041096 0.1440045897877223 0.2893835616438356
13 0.15949512335054503 0.3253424657534246 0.13425129087779689 0.17465753424657532
13 0.04632816982214572 0.45269691780821913 0.09265633964429144 0.21018835616438356
13 0.04159495123350545 0.32191780821917804 0.0831899024670109 0.10530821917808218
