14 0.3119089316987741 0.08433485288023207 0.1404553415061296 0.16866970576046414
14 0.4982486865148862 0.14774140074595937 0.13905429071803854 0.14877745544964774
14 0.26725043782837127 0.2494819726481558 0.18914185639229422 0.12598425196850394
14 0.49772329246935204 0.3338168255283879 0.0861646234676007 0.07335267302113552
14 0.2555166374781086 0.4069622876087857 0.10753064798598949 0.18648984666390384
14 0.6604203152364273 0.41027766266058846 0.13555166374781086 0.2130128470783257
14 0.8644483362521892 0.40198922503108164 0.1085814360770578 0.24368006630750103
14 0.7537653239929948 0.5116038126813095 0.13590192644483362 0.17364276833816825
14 0.8770577933450088 0.6657687525901367 0.2458844133099825 0.16701201823456277
14 0.6824868651488617 0.7596353087443016 0.10893169877408057 0.2577704102776626
14 0.5604203152364273 0.7132200580190634 0.09036777583187391 0.2047244094488189
14 0.4563922942206655 0.7144633236634894 0.0840630472854641 0.2047244094488189
14 0.36567425569176887 0.7815996684624947 0.11348511383537653 0.20306672192291753
14 0.5977232924693521 0.9413593037712391 0.06129597197898424 0.10153336096145876
14 0.646584938704028 0.9598010774968918 0.04693520140105079 0.08039784500621633
14 0.18388791593695272 0.8077082469954413 0.13590192644483362 0.2138416908412764
14 0.089492119089317 0.48383754662246165 0.178984238178634 0.22088686282635722
