13 0.6229445506692161 0.5646247054863682 0.18738049713193117 0.13295186805789297
13 0.6416826003824092 0.9320094244362168 0.151434034416826 0.13598115112756648
13 0.7300191204588911 0.6526422080107708 0.07877629063097515 0.04577583305284416
13 0.8653919694072658 0.9256142712891282 0.16749521988527724 0.14877145742174352
13 0.8822179732313575 0.8081454055873444 0.10478011472275335 0.10905419050824638
13 0.2630975143403442 0.8074722315718613 0.11166347992351816 0.13328845506563447
13 0.06845124282982791 0.6799057556378324 0.11089866156787763 0.12049814877145743
13 0.04780114722753346 0.4745876809155167 0.09560229445506692 0.07876135981151128
13 0.8032504780114723 0.5772467182766745 0.1372848948374761 0.13328845506563447
13 0.3372848948374761 0.634298216088859 0.12390057361376673 0.18007404914170314
