14 0.5962643678160919 0.0340576681989135 0.11015325670498084 0.068115336397827
14 0.516044061302682 0.12849979105725032 0.11350574712643678 0.1140827413288759
14 0.19731800766283525 0.4295862933556206 0.13505747126436782 0.1537818637693272
14 0.9418103448275862 0.4368992895946511 0.11637931034482758 0.1541997492687004
14 0.7840038314176245 0.5223568742164647 0.12835249042145594 0.14291684078562475
14 0.40445402298850575 0.6491851232762224 0.13840996168582376 0.16255745925616383
14 0.25838122605363983 0.6122022565816967 0.13266283524904213 0.15628917676556625
14 0.35225095785440613 0.4826577517760134 0.11637931034482758 0.09694943585457585
14 0.7258141762452107 0.6815712494776431 0.11350574712643678 0.14458838278311745
14 0.4190613026819923 0.7837442540743836 0.19636015325670497 0.11575428332636858
14 0.7318007662835249 0.2294191391558713 0.14272030651340994 0.10112829084830757
14 0.66977969348659 0.13351441704972838 0.07327586206896551 0.09653155035520268
14 0.3783524904214559 0.22670288340994568 0.16475095785440613 0.177601337233598
14 0.871647509578544 0.7544922691182616 0.09865900383141762 0.08984538236523193
