13 0.10831673306772908 0.14393144456103532 0.21663346613545817 0.18433018537950333
13 0.23954183266932272 0.8189926547743966 0.47908366533864544 0.28226652675760755
13 0.7983067729083665 0.825813221406086 0.4033864541832669 0.3483735571878279
13 0.6586155378486056 0.6677159846100035 0.2654382470119522 0.1664917803427772
13 0.6309760956175299 0.5725778244141309 0.16533864541832669 0.13431269674711438
13 0.7736553784860558 0.5512416928996152 0.33117529880478086 0.30570129415879677
13 0.6825199203187251 0.22035676810073454 0.38794820717131473 0.2161594963273872
13 0.5089641434262948 0.3361315145155649 0.20517928286852588 0.1441063308849248
13 0.16807768924302788 0.45820216859041624 0.33615537848605576 0.2945085694298706
13 0.2821215139442231 0.6070304302203567 0.2405378486055777 0.14585519412381953
13 0.13645418326693226 0.2715984610003498 0.2729083665338645 0.18433018537950333
