13 0.6407232704402516 0.9165545087483176 0.17610062893081763 0.16689098250336473
13 0.47897012578616355 0.923956931359354 0.16863207547169812 0.15208613728129206
13 0.35279088050314467 0.7720951099147599 0.27004716981132076 0.29789143113503813
13 0.1835691823899371 0.7570659488559892 0.16116352201257864 0.19156572454015253
13 0.15644654088050317 0.8974876626289816 0.1988993710691824 0.20502467474203678
13 0.5754716981132075 0.7254374158815612 0.18867924528301888 0.2548227904890085
13 0.7399764150943396 0.48721399730820997 0.16863207547169812 0.19201435621354868
13 0.6039701257861636 0.4791386271870794 0.16863207547169812 0.2063705697622252
13 0.47366352201257866 0.45648272768057424 0.11871069182389937 0.15118887393449978
13 0.3480738993710692 0.48743831314490804 0.13954402515723272 0.15298340062808433
13 0.3384433962264151 0.335576491700314 0.20676100628930819 0.19291161956034095
13 0.20931603773584906 0.6121579183490354 0.1804245283018868 0.1816958277254374
13 0.1869103773584906 0.3838043965903993 0.10809748427672956 0.1117092866756393
13 0.10318396226415096 0.2048003589053387 0.2063679245283019 0.33781965006729475
13 0.03852201257861636 0.44549125168236875 0.07704402515723272 0.19560340960071781
