13 0.3453985932004689 0.06062767475035664 0.15211019929660022 0.12125534950071327
13 0.4731828839390387 0.07114835948644793 0.14976553341148885 0.14229671897289586
13 0.3767584994138335 0.19721825962910128 0.12104337631887455 0.14907275320970043
13 0.6667643610785463 0.04921540656205421 0.16060961313012895 0.09843081312410842
13 0.8024618991793668 0.042796005706134094 0.17878077373974208 0.08559201141226819
13 0.8607854630715123 0.16048502139800286 0.13716295427901523 0.16476462196861627
13 0.6927022274325908 0.2796005706134094 0.12690504103165298 0.15477888730385164
13 0.39111957796014063 0.3195435092724679 0.15797186400937865 0.19329529243937232
13 0.44446072684642435 0.39782453637660486 0.14624853458382178 0.17938659058487874
13 0.22054513481828839 0.31169757489301 0.1573856975381008 0.1890156918687589
13 0.13012895662368112 0.5444008559201141 0.19226260257913247 0.23145506419400858
13 0.21541617819460726 0.6661911554921541 0.11840562719812425 0.14621968616262482
13 0.09583821805392731 0.8532453637660485 0.17819460726846423 0.21718972895863053
13 0.24428487690504103 0.9249286733238231 0.18903868698710433 0.15014265335235377
13 0.5057151230949589 0.8461126961483595 0.15973036342321217 0.19507845934379459
13 0.6370164126611957 0.81169757489301 0.138042203985932 0.16761768901569188
13 0.05715123094958968 0.09575606276747504 0.11430246189917936 0.18937232524964337
