14 0.5299684542586751 0.1742371705963939 0.14321766561514196 0.15638002773925105
14 0.46671924290220823 0.353502080443828 0.14605678233438488 0.16539528432732317
14 0.41167192429022087 0.24947988904299584 0.16277602523659307 0.17926490984743412
14 0.6618296529968455 0.3314840499306519 0.1413249211356467 0.1490984743411928
14 0.7206624605678233 0.19625520110957004 0.11829652996845427 0.1262135922330097
14 0.7130914826498423 0.41851595006934816 0.12397476340694007 0.13661581137309292
14 0.4678233438485805 0.5235783633841886 0.10220820189274449 0.10263522884882108
14 0.3662460567823344 0.7871012482662968 0.3003154574132492 0.30166435506241335
14 0.4826498422712934 0.6562066574202496 0.2246056782334385 0.2250346740638003
14 0.8594637223974764 0.268377253814147 0.2810725552050473 0.3169209431345354
