14 0.12359022556390976 0.2655514898065865 0.24718045112781953 0.23732357553580763
14 0.24906015037593984 0.4699424986931521 0.17105263157894735 0.2435964453737585
14 0.3082706766917293 0.14558285415577626 0.08458646616541353 0.29116570831155253
14 0.5264724310776943 0.7762676424464192 0.09805764411027568 0.25300575013068477
14 0.6466165413533834 0.86382645060115 0.10025062656641603 0.2723470987976999
14 0.6859335839598997 0.6860951385258756 0.16760651629072681 0.11866178776790381
14 0.9031954887218044 0.6894929430214323 0.19360902255639095 0.18086774699424987
14 0.9423558897243107 0.41740721380031365 0.11528822055137844 0.1615263983272347
14 0.9694548872180451 0.13852587558808155 0.06109022556390977 0.2676424464192368
14 0.837249373433584 0.23000522739153162 0.1983082706766917 0.1840041819132253
