14 0.18068586218052413 0.08271108558299828 0.07214493691362019 0.16542217116599656
14 0.12665803946942739 0.1855255600229753 0.06696861857004206 0.10913268236645607
14 0.21303785182788743 0.21568064330844341 0.07343901649951473 0.06031016657093624
14 0.31672597864768687 0.6662837449741528 0.13976059527660953 0.17805858701895463
14 0.22565512779035912 0.49798966111430215 0.10514396635393078 0.13900057438253877
14 0.4626334519572954 0.2788627225732338 0.12746683921061147 0.10626076967260195
14 0.4930443222258169 0.10683515221137277 0.08993853121967002 0.21367030442274554
14 0.5931737301844063 0.19213095921883974 0.09026205111614365 0.23721998851234924
14 0.7774183112261405 0.7759908098793796 0.06470397929472663 0.2986789201608271
14 0.9221934648980913 0.649626651349799 0.15561307020381754 0.2125215393452039
14 0.8295050145583954 0.46639862148190697 0.1417017146554513 0.21137277426766227
