3 0.96875 0.34609375000000003 0.059375000000000004 0.0671875
3 0.8453125 0.20078125000000002 0.11875000000000001 0.3140625
3 0.6875 0.16562500000000002 0.1125 0.17500000000000002
3 0.596875 0.0625 0.10625000000000001 0.12187500000000001
3 0.56484375 0.25546875 0.1203125 0.22031250000000002
3 0.45625000000000004 0.33906250000000004 0.03125 0.03125
3 0.4921875 0.18281250000000002 0.043750000000000004 0.11875000000000001
3 0.52890625 0.43125 0.0234375 0.03125
3 0.40390625 0.47890625000000003 0.060937500000000006 0.0578125
3 0.33671875 0.51015625 0.0484375 0.0671875
3 0.3828125 0.57421875 0.05 0.1171875
3 0.31093750000000003 0.64375 0.06875 0.09062500000000001
3 0.21796875000000002 0.7039062500000001 0.11093750000000001 0.09531250000000001
3 0.30625 0.7890625 0.07500000000000001 0.14375000000000002
3 0.29296875 0.96484375 0.09531250000000001 0.0546875
3 0.59140625 0.759375 0.0921875 0.22187500000000002
3 0.48281250000000003 0.9632812500000001 0.0625 0.0734375
3 0.6265625 0.9234375 0.043750000000000004 0.059375000000000004
3 0.57265625 0.9578125000000001 0.0328125 0.084375
3 0.4453125 0.85546875 0.025 0.045312500000000006
