3 0.4375 0.07187500000000001 0.037500000000000006 0.05
3 0.62421875 0.16796875 0.08281250000000001 0.09843750000000001
3 0.61484375 0.05390625 0.035937500000000004 0.0390625
3 0.6375000000000001 0.30078125 0.07500000000000001 0.1765625
3 0.71484375 0.24453125 0.06406250000000001 0.1328125
3 0.2890625 0.45937500000000003 0.1125 0.328125
3 0.15156250000000002 0.7140625 0.215625 0.115625
3 0.27734375 0.8523437500000001 0.08281250000000001 0.2921875
3 0.37890625 0.74765625 0.045312500000000006 0.0734375
3 0.41484375 0.8992187500000001 0.11093750000000001 0.2015625
3 0.71015625 0.64453125 0.0890625 0.2109375
3 0.74609375 0.41875 0.1328125 0.15000000000000002
3 0.86875 0.55390625 0.178125 0.1609375
3 0.7351562500000001 0.853125 0.1859375 0.11875000000000001
3 0.5390625 0.90390625 0.115625 0.0578125
