3 0.27734375 0.05 0.15781250000000002 0.08750000000000001
3 0.42109375000000004 0.035937500000000004 0.06406250000000001 0.065625
3 0.37109375 0.14296875 0.1328125 0.0765625
3 0.8609375 0.16953125000000002 0.078125 0.3328125
3 0.37343750000000003 0.38671875 0.05 0.08281250000000001
3 0.44609375 0.30234375 0.0765625 0.1765625
3 0.446875 0.4703125 0.065625 0.1
3 0.46015625000000004 0.56015625 0.029687500000000002 0.029687500000000002
3 0.46171875 0.6859375000000001 0.035937500000000004 0.037500000000000006
3 0.59296875 0.60546875 0.029687500000000002 0.0421875
3 0.47265625 0.9296875 0.0671875 0.140625
3 0.6578125 0.86875 0.1875 0.2625
