4 0.48984375 0.21640625000000002 0.0921875 0.33906250000000004
4 0.58125 0.41015625 0.1625 0.1859375
4 0.49453125000000003 0.52890625 0.1015625 0.15781250000000002
4 0.42265625 0.28515625 0.06406250000000001 0.3015625
4 0.44609375 0.64453125 0.09531250000000001 0.2609375
4 0.36250000000000004 0.35234375 0.046875 0.23593750000000002
4 0.33203125 0.6257812500000001 0.0546875 0.1390625
4 0.23750000000000002 0.56015625 0.059375000000000004 0.2421875
4 0.2171875 0.790625 0.05625 0.21875
4 0.140625 0.6765625000000001 0.140625 0.171875
4 0.26406250000000003 0.7703125000000001 0.053125000000000006 0.146875
4 0.31484375000000003 0.7609375 0.0328125 0.13125
3 0.34687500000000004 0.9320312500000001 0.06875 0.11406250000000001
4 0.4625 0.9046875000000001 0.084375 0.153125
