3 0.9593750000000001 0.89765625 0.078125 0.19843750000000002
3 0.91796875 0.7039062500000001 0.1171875 0.1203125
3 0.74375 0.6468750000000001 0.1 0.19375
3 0.6414062500000001 0.5875 0.0765625 0.08750000000000001
3 0.5421875 0.6390625000000001 0.08125 0.115625
3 0.503125 0.57421875 0.059375000000000004 0.07968750000000001
3 0.6687500000000001 0.4859375 0.125 0.09375
3 0.43593750000000003 0.2671875 0.07187500000000001 0.08750000000000001
3 0.40859375000000003 0.15937500000000002 0.045312500000000006 0.10625000000000001
3 0.33984375 0.1859375 0.07968750000000001 0.19687500000000002
3 0.29609375 0.328125 0.0859375 0.109375
3 0.35468750000000004 0.41171875 0.07187500000000001 0.2171875
3 0.28671875 0.6117187500000001 0.07968750000000001 0.0890625
3 0.33906250000000004 0.70859375 0.059375000000000004 0.051562500000000004
3 0.47421875 0.71875 0.0703125 0.140625
3 0.66953125 0.90390625 0.2515625 0.18281250000000002
3 0.5437500000000001 0.8093750000000001 0.059375000000000004 0.08125
