3 0.92890625 0.7796875000000001 0.0546875 0.0625
3 0.92890625 0.8515625 0.0703125 0.037500000000000006
3 0.7679687500000001 0.665625 0.1953125 0.1625
3 0.62890625 0.84140625 0.1265625 0.1859375
3 0.59375 0.53671875 0.19687500000000002 0.29531250000000003
3 0.4109375 0.8140625 0.328125 0.23125
3 0.043750000000000004 0.7796875000000001 0.08750000000000001 0.13125
3 0.11171875 0.3375 0.2234375 0.14375000000000002
3 0.05078125 0.5085937500000001 0.1015625 0.11406250000000001
3 0.2765625 0.52578125 0.4 0.31093750000000003
