3 0.1171875 0.925 0.109375 0.15000000000000002
3 0.3359375 0.52578125 0.153125 0.11093750000000001
3 0.59375 0.7210937500000001 0.0625 0.09531250000000001
3 0.634375 0.8226562500000001 0.05 0.09843750000000001
3 0.7046875 0.7875000000000001 0.096875 0.19062500000000002
3 0.6703125000000001 0.55859375 0.078125 0.2171875
3 0.7273437500000001 0.6351562500000001 0.0859375 0.09843750000000001
3 0.721875 0.3484375 0.078125 0.06875
3 0.6726562500000001 0.2609375 0.045312500000000006 0.065625
3 0.3609375 0.41250000000000003 0.08750000000000001 0.109375
3 0.45078125 0.3453125 0.0921875 0.11875000000000001
3 0.51015625 0.41015625 0.0578125 0.07968750000000001
3 0.53125 0.253125 0.07500000000000001 0.125
3 0.4390625 0.1703125 0.10312500000000001 0.12187500000000001
3 0.13828125 0.16640625 0.1640625 0.1546875
3 0.05078125 0.32343750000000004 0.07968750000000001 0.140625
3 0.23750000000000002 0.36953125000000003 0.10625000000000001 0.18281250000000002
3 0.035937500000000004 0.06875 0.065625 0.134375
3 0.30703125000000003 0.08828125 0.2609375 0.1609375
3 0.45234375000000004 0.16953125000000002 0.06406250000000001 0.09843750000000001
