3 0.0203125 0.8132812500000001 0.040625 0.2890625
3 0.07734375 0.875 0.0765625 0.125
3 0.15859375 0.87890625 0.0859375 0.09531250000000001
3 0.23750000000000002 0.9593750000000001 0.09375 0.05625
3 0.32656250000000003 0.9078125 0.084375 0.15000000000000002
3 0.5789062500000001 0.9171875 0.11093750000000001 0.16562500000000002
3 0.10390625 0.06328125 0.1484375 0.1265625
3 0.25390625 0.05234375 0.1078125 0.1046875
3 0.35546875 0.19765625 0.0734375 0.0890625
3 0.33515625000000004 0.37578125 0.1046875 0.15156250000000002
3 0.42812500000000003 0.44921875 0.084375 0.13593750000000002
3 0.465625 0.59765625 0.05625 0.1296875
3 0.5625 0.5984375000000001 0.11875000000000001 0.284375
3 0.57421875 0.27421875 0.1453125 0.2765625
3 0.64765625 0.45156250000000003 0.1453125 0.1625
3 0.38906250000000003 0.037500000000000006 0.09375 0.07500000000000001
