3 0.28828125 0.7015625000000001 0.18906250000000002 0.12187500000000001
3 0.1078125 0.6062500000000001 0.19062500000000002 0.15000000000000002
3 0.05859375 0.44296875 0.1171875 0.045312500000000006
3 0.30625 0.26640625 0.10625000000000001 0.06406250000000001
3 0.35781250000000003 0.065625 0.203125 0.13125
3 0.56171875 0.11406250000000001 0.2515625 0.22812500000000002
3 0.734375 0.11953125 0.15937500000000002 0.2234375
3 0.89453125 0.62265625 0.2109375 0.15781250000000002
3 0.8054687500000001 0.45703125 0.1328125 0.13593750000000002
3 0.9382812500000001 0.33828125000000003 0.1234375 0.1484375
3 0.91953125 0.04609375 0.1203125 0.0921875
3 0.9554687500000001 0.15703125 0.0890625 0.11093750000000001
