3 0.51796875 0.029687500000000002 0.3484375 0.059375000000000004
3 0.19687500000000002 0.11171875 0.39375000000000004 0.2234375
3 0.38593750000000004 0.41640625000000003 0.115625 0.1171875
3 0.7445312500000001 0.340625 0.1234375 0.203125
3 0.91953125 0.47265625 0.1609375 0.1390625
3 0.69921875 0.5984375000000001 0.35781250000000003 0.284375
3 0.178125 0.6351562500000001 0.16562500000000002 0.0890625
3 0.40390625 0.6804687500000001 0.2578125 0.20468750000000002
3 0.58359375 0.47578125000000004 0.1328125 0.0703125
3 0.6937500000000001 0.6257812500000001 0.275 0.2265625
3 0.4859375 0.8296875 0.16875 0.084375
3 0.059375000000000004 0.85859375 0.11875000000000001 0.1203125
3 0.19375 0.8265625000000001 0.0625 0.1
