3 0.92109375 0.22734375 0.11093750000000001 0.09531250000000001
3 0.6257812500000001 0.31953125000000004 0.0671875 0.0328125
3 0.3515625 0.28203125 0.040625 0.0328125
3 0.4859375 0.30781250000000004 0.10312500000000001 0.034375
3 0.20234375000000002 0.28984375 0.07968750000000001 0.0671875
3 0.30859375 0.41953125 0.0546875 0.045312500000000006
3 0.40078125000000003 0.67109375 0.06406250000000001 0.0140625
3 0.053125000000000006 0.66953125 0.10625000000000001 0.0703125
4 0.88203125 0.32578125 0.22031250000000002 0.0703125
4 0.77265625 0.4140625 0.2390625 0.13125
4 0.6109375 0.29296875 0.146875 0.09531250000000001
4 0.53515625 0.35859375000000004 0.0671875 0.045312500000000006
4 0.484375 0.3328125 0.21250000000000002 0.078125
4 0.58515625 0.49140625000000004 0.1046875 0.0390625
4 0.64375 0.5578125 0.140625 0.053125000000000006
4 0.34218750000000003 0.48203125 0.0625 0.0328125
4 0.26015625000000003 0.48671875000000003 0.07968750000000001 0.035937500000000004
4 0.10312500000000001 0.43828125 0.12187500000000001 0.051562500000000004
4 0.1296875 0.49921875000000004 0.1875 0.0421875
4 0.43046875 0.5234375 0.0765625 0.05
4 0.45 0.56484375 0.053125000000000006 0.026562500000000003
4 0.41796875 0.5875 0.1015625 0.05
4 0.35468750000000004 0.265625 0.16562500000000002 0.09062500000000001
