3 0.1171875 0.12187500000000001 0.13125 0.22812500000000002
3 0.2 0.47421875 0.059375000000000004 0.0890625
3 0.029687500000000002 0.39609375 0.059375000000000004 0.0765625
3 0.5234375 0.1234375 0.134375 0.23750000000000002
3 0.553125 0.33125000000000004 0.203125 0.14375000000000002
3 0.2609375 0.7406250000000001 0.0625 0.08125
3 0.15156250000000002 0.6203125 0.05 0.0625
3 0.6765625000000001 0.46640625 0.134375 0.2546875
3 0.8250000000000001 0.38593750000000004 0.046875 0.065625
3 0.80625 0.7515625 0.1625 0.2
3 0.6664062500000001 0.65546875 0.0421875 0.0328125
3 0.58125 0.8250000000000001 0.09062500000000001 0.115625
3 0.3984375 0.2984375 0.018750000000000003 0.03125
