3 0.06953125 0.09375 0.1015625 0.1625
3 0.10859375 0.253125 0.16718750000000002 0.19062500000000002
3 0.057031250000000006 0.34296875000000004 0.06406250000000001 0.0703125
3 0.21484375 0.6515625 0.2265625 0.11875000000000001
3 0.078125 0.77734375 0.146875 0.2265625
3 0.38593750000000004 0.03671875 0.078125 0.051562500000000004
3 0.55 0.035937500000000004 0.08125 0.06875
3 0.7585937500000001 0.209375 0.3203125 0.415625
3 0.8296875 0.51953125 0.07187500000000001 0.11406250000000001
3 0.65546875 0.44843750000000004 0.15156250000000002 0.1375
3 0.9671875000000001 0.7757812500000001 0.065625 0.2171875
3 0.9203125000000001 0.93671875 0.065625 0.0765625
3 0.9859375 0.946875 0.028125 0.10625000000000001
3 0.7625000000000001 0.7562500000000001 0.0625 0.043750000000000004
3 0.7828125 0.8445312500000001 0.028125 0.0671875
3 0.703125 0.8328125000000001 0.1375 0.15000000000000002
3 0.62109375 0.66953125 0.0765625 0.16718750000000002
3 0.6890625 0.66015625 0.05625 0.0859375
3 0.47265625 0.67109375 0.1015625 0.0921875
3 0.421875 0.54140625 0.34375 0.2390625
3 0.58046875 0.5398437500000001 0.11406250000000001 0.1078125
3 0.38515625000000003 0.253125 0.2578125 0.184375
3 0.5390625 0.45390625 0.09375 0.07968750000000001
3 0.55703125 0.2265625 0.1203125 0.265625
3 0.6109375 0.35234375 0.059375000000000004 0.0890625
3 0.07421875 0.509375 0.1484375 0.275
3 0.20625000000000002 0.06640625 0.046875 0.11093750000000001
