3 0.07890625000000001 0.7117187500000001 0.06406250000000001 0.0734375
3 0.01953125 0.6156250000000001 0.0390625 0.11875000000000001
3 0.2265625 0.7859375000000001 0.078125 0.29375
3 0.415625 0.23359375000000002 0.08750000000000001 0.2109375
3 0.36015625 0.07578125000000001 0.0484375 0.0671875
3 0.40703125 0.034375 0.0390625 0.06875
3 0.3796875 0.8046875 0.13125 0.140625
3 0.50703125 0.8929687500000001 0.1046875 0.1296875
3 0.50546875 0.7523437500000001 0.051562500000000004 0.0921875
3 0.49453125000000003 0.65 0.08281250000000001 0.1125
3 0.56484375 0.7546875000000001 0.0328125 0.115625
3 0.6039062500000001 0.9765625 0.0578125 0.034375
3 0.61875 0.453125 0.053125000000000006 0.05625
3 0.6742187500000001 0.40546875000000004 0.0390625 0.0671875
3 0.625 0.35625 0.040625 0.125
3 0.69296875 0.278125 0.07968750000000001 0.08750000000000001
3 0.6671875 0.13984375000000002 0.059375000000000004 0.1421875
3 0.7601562500000001 0.19765625 0.1015625 0.08281250000000001
7 0.7796875000000001 0.10546875 0.0625 0.09843750000000001
3 0.5359375000000001 0.096875 0.037500000000000006 0.053125000000000006
