3 0.09375 0.265625 0.1 0.13125
3 0.3046875 0.28359375000000003 0.15937500000000002 0.11093750000000001
3 0.10703125000000001 0.5171875 0.20468750000000002 0.12187500000000001
3 0.26796875000000003 0.509375 0.0765625 0.05
3 0.37890625 0.8171875000000001 0.23593750000000002 0.18125000000000002
3 0.5765625 0.58203125 0.23125 0.2078125
3 0.5390625 0.6937500000000001 0.06875 0.065625
3 0.7273437500000001 0.6609375000000001 0.2390625 0.15937500000000002
3 0.6296875000000001 0.8656250000000001 0.225 0.21875
3 0.78046875 0.81796875 0.22031250000000002 0.1765625
