3 0.94453125 0.13203125000000002 0.11093750000000001 0.26406250000000003
3 0.47187500000000004 0.10078125 0.17500000000000002 0.2015625
3 0.4296875 0.31484375000000003 0.21250000000000002 0.17343750000000002
3 0.8796875000000001 0.49843750000000003 0.0625 0.11875000000000001
3 0.96796875 0.6359375 0.06406250000000001 0.1
3 0.27968750000000003 0.5398437500000001 0.171875 0.3359375
3 0.09375 0.434375 0.07500000000000001 0.1
3 0.1296875 0.88203125 0.2 0.23593750000000002
3 0.4140625 0.9437500000000001 0.09375 0.1125
3 0.8265625000000001 0.8015625000000001 0.07187500000000001 0.115625
