3 0.34921875 0.0859375 0.0546875 0.1125
3 0.26796875000000003 0.013281250000000001 0.0859375 0.026562500000000003
3 0.53671875 0.2515625 0.045312500000000006 0.043750000000000004
3 0.628125 0.35859375000000004 0.0625 0.09531250000000001
3 0.753125 0.7796875000000001 0.078125 0.09062500000000001
3 0.465625 0.37343750000000003 0.065625 0.08125
3 0.33906250000000004 0.5203125000000001 0.037500000000000006 0.0625
3 0.41171875 0.83359375 0.09843750000000001 0.23593750000000002
3 0.52890625 0.953125 0.1609375 0.09375
3 0.2484375 0.8328125000000001 0.18125000000000002 0.215625
3 0.23203125000000002 0.44609375 0.2171875 0.1484375
3 0.1421875 0.94453125 0.03125 0.06406250000000001
