3 0.13671875 0.72421875 0.1953125 0.1609375
3 0.27421875 0.10703125000000001 0.35781250000000003 0.2015625
3 0.21171875 0.36562500000000003 0.1203125 0.08125
3 0.22031250000000002 0.27265625 0.17500000000000002 0.06406250000000001
3 0.06953125 0.39609375 0.1078125 0.09843750000000001
2 0.31875000000000003 0.4078125 0.30625 0.07187500000000001
2 0.72578125 0.22031250000000002 0.2171875 0.096875
2 0.6984375 0.48203125 0.30312500000000003 0.0734375
2 0.45390625 0.51171875 0.1203125 0.0734375
2 0.58125 0.5867187500000001 0.17500000000000002 0.09531250000000001
3 0.04296875 0.8679687500000001 0.0484375 0.0734375
