3 0.0140625 0.11171875 0.028125 0.2234375
3 0.0859375 0.046875 0.171875 0.09375
3 0.2109375 0.15546875000000002 0.19687500000000002 0.2234375
3 0.06640625 0.33671875 0.1328125 0.1609375
3 0.31171875000000004 0.43671875000000004 0.1296875 0.2421875
3 0.41484375 0.6664062500000001 0.20468750000000002 0.13593750000000002
3 0.5921875 0.43671875000000004 0.125 0.1703125
3 0.4453125 0.496875 0.11875000000000001 0.12812500000000002
3 0.65625 0.53359375 0.09062500000000001 0.1234375
3 0.43828125 0.09609375 0.35468750000000004 0.1921875
3 0.6046875 0.19843750000000002 0.09375 0.1625
3 0.6984375 0.3359375 0.06875 0.14375000000000002
3 0.846875 0.7835937500000001 0.10312500000000001 0.32343750000000004
3 0.86640625 0.9812500000000001 0.11406250000000001 0.037500000000000006
3 0.71875 0.9578125000000001 0.08750000000000001 0.084375
3 0.9281250000000001 0.90234375 0.10625000000000001 0.1390625
3 0.94921875 0.525 0.1015625 0.11875000000000001
3 0.89765625 0.3953125 0.06406250000000001 0.08750000000000001
