3 0.8070312500000001 0.553125 0.0578125 0.125
3 0.675 0.5007812500000001 0.1375 0.2515625
3 0.7984375 0.21875 0.1625 0.2
3 0.6515625 0.3125 0.043750000000000004 0.053125000000000006
3 0.57734375 0.14453125 0.0734375 0.1078125
3 0.5476562500000001 0.6414062500000001 0.1953125 0.1421875
3 0.19375 0.49609375 0.046875 0.0734375
3 0.13984375000000002 0.35546875 0.0578125 0.0734375
3 0.24453125 0.23750000000000002 0.060937500000000006 0.065625
3 0.025781250000000002 0.584375 0.051562500000000004 0.0625
3 0.12187500000000001 0.87265625 0.1125 0.2390625
3 0.5078125 0.85703125 0.15000000000000002 0.2484375
