3 0.8421875000000001 0.240625 0.15000000000000002 0.23750000000000002
3 0.6117187500000001 0.17890625000000002 0.08281250000000001 0.1171875
3 0.85546875 0.65390625 0.0390625 0.0921875
3 0.7234375000000001 0.55703125 0.1125 0.3359375
3 0.5984375000000001 0.703125 0.20625000000000002 0.140625
3 0.56953125 0.89765625 0.13593750000000002 0.2015625
3 0.25859375 0.29140625000000003 0.060937500000000006 0.09843750000000001
3 0.1484375 0.42500000000000004 0.11875000000000001 0.11875000000000001
3 0.21406250000000002 0.60546875 0.07500000000000001 0.09531250000000001
3 0.38125000000000003 0.7109375 0.12812500000000002 0.10312500000000001
3 0.259375 0.94140625 0.140625 0.11406250000000001
3 0.029687500000000002 0.6578125 0.059375000000000004 0.07187500000000001
