3 0.43671875000000004 0.28203125 0.19843750000000002 0.33906250000000004
3 0.6335937500000001 0.29453125 0.1171875 0.2484375
3 0.7484375000000001 0.4765625 0.19687500000000002 0.13125
3 0.8539062500000001 0.46640625 0.051562500000000004 0.0734375
3 0.034375 0.53515625 0.059375000000000004 0.0890625
3 0.21328125 0.56171875 0.2984375 0.1328125
3 0.1953125 0.815625 0.059375000000000004 0.12812500000000002
3 0.94296875 0.70859375 0.11406250000000001 0.20468750000000002
3 0.94296875 0.9578125000000001 0.11093750000000001 0.07500000000000001
3 0.21875 0.93515625 0.053125000000000006 0.09843750000000001
