3 0.31796875 0.44062500000000004 0.1703125 0.15000000000000002
3 0.13828125 0.053125000000000006 0.1703125 0.08750000000000001
3 0.37812500000000004 0.08515625 0.1125 0.16718750000000002
3 0.04453125 0.28125 0.07968750000000001 0.059375000000000004
3 0.13203125000000002 0.609375 0.0859375 0.0625
3 0.1703125 0.9265625000000001 0.096875 0.065625
3 0.49453125000000003 0.12421875 0.07968750000000001 0.045312500000000006
3 0.39140625 0.18906250000000002 0.0734375 0.09375
3 0.6390625000000001 0.2 0.109375 0.059375000000000004
3 0.80234375 0.19296875000000002 0.1265625 0.0890625
3 0.5421875 0.56796875 0.30000000000000004 0.1203125
3 0.43125 0.7507812500000001 0.184375 0.1546875
3 0.275 0.8421875000000001 0.115625 0.06875
