3 0.6796875 0.046875 0.09375 0.08750000000000001
3 0.4859375 0.021875000000000002 0.084375 0.037500000000000006
3 0.35625 0.028125 0.1125 0.053125000000000006
3 0.045312500000000006 0.16171875000000002 0.07187500000000001 0.1171875
3 0.35390625000000003 0.8875000000000001 0.0703125 0.053125000000000006
3 0.46015625000000004 0.6820312500000001 0.1640625 0.18281250000000002
3 0.27578125000000003 0.5984375000000001 0.16718750000000002 0.109375
3 0.2734375 0.37031250000000004 0.246875 0.29375
3 0.5546875 0.49062500000000003 0.29375 0.21250000000000002
3 0.5164062500000001 0.19921875 0.2421875 0.3984375
