4 0.3921875 0.4375 0.1 0.18125000000000002
4 0.53125 0.55 0.115625 0.134375
3 0.28984375 0.7484375000000001 0.0234375 0.05625
3 0.5328125 0.6640625 0.034375 0.08750000000000001
3 0.64765625 0.3640625 0.045312500000000006 0.12187500000000001
3 0.5859375 0.7312500000000001 0.053125000000000006 0.07187500000000001
3 0.6484375 0.6375000000000001 0.03125 0.11875000000000001
4 0.36250000000000004 0.8367187500000001 0.11875000000000001 0.1609375
4 0.5125000000000001 0.78515625 0.11875000000000001 0.1015625
4 0.45859375 0.9437500000000001 0.11093750000000001 0.10625000000000001
4 0.29375 0.060937500000000006 0.06875 0.1125
4 0.32656250000000003 0.184375 0.084375 0.12812500000000002
4 0.43125 0.09921875000000001 0.1 0.1390625
3 0.42031250000000003 0.63984375 0.034375 0.13593750000000002
3 0.65 0.80078125 0.028125 0.1171875
