2 0.28125 0.33828125000000003 0.325 0.1953125
2 0.30312500000000003 0.534375 0.19062500000000002 0.15625
2 0.53046875 0.65625 0.26406250000000003 0.17500000000000002
2 0.64375 0.5203125000000001 0.2625 0.1625
2 0.69921875 0.46015625000000004 0.20468750000000002 0.15781250000000002
2 0.47734375 0.38906250000000003 0.1296875 0.05
2 0.634375 0.41718750000000004 0.109375 0.05
2 0.43828125 0.309375 0.20468750000000002 0.043750000000000004
2 0.7093750000000001 0.215625 0.16875 0.059375000000000004
2 0.9226562500000001 0.19140625 0.1296875 0.0671875
