4 0.41875 0.296875 0.184375 0.22187500000000002
4 0.40078125000000003 0.53125 0.1859375 0.23750000000000002
4 0.40546875000000004 0.8203125 0.2234375 0.340625
4 0.22578125000000002 0.8296875 0.1078125 0.3375
4 0.1875 0.634375 0.2 0.234375
4 0.21171875 0.41171875 0.11093750000000001 0.11406250000000001
4 0.290625 0.07187500000000001 0.07500000000000001 0.140625
2 0.09609375 0.4109375 0.0890625 0.17500000000000002
4 0.60703125 0.22734375 0.1046875 0.1859375
3 0.640625 0.25 0.025 0.109375
4 0.5890625 0.07187500000000001 0.059375000000000004 0.09062500000000001
4 0.35390625000000003 0.08828125 0.045312500000000006 0.1265625
