3 0.353125 0.69140625 0.375 0.2890625
3 0.7578125 0.84765625 0.10625000000000001 0.18281250000000002
3 0.8851562500000001 0.5242187500000001 0.09531250000000001 0.1859375
3 0.91328125 0.31484375000000003 0.0671875 0.1421875
3 0.45078125 0.47890625000000003 0.1265625 0.0921875
3 0.584375 0.44140625 0.18125000000000002 0.0859375
3 0.41484375 0.38203125000000004 0.2171875 0.1859375
3 0.41250000000000003 0.2171875 0.146875 0.1375
3 0.53828125 0.24296875 0.07968750000000001 0.09531250000000001
3 0.55 0.1171875 0.096875 0.1
3 0.98203125 0.30078125 0.035937500000000004 0.1640625
3 0.9625 0.48750000000000004 0.07500000000000001 0.1875
3 0.61328125 0.22578125000000002 0.0703125 0.0734375
