3 0.7367187500000001 0.20078125000000002 0.26406250000000003 0.1640625
3 0.39765625000000004 0.21640625000000002 0.11406250000000001 0.051562500000000004
3 0.026562500000000003 0.5265625 0.053125000000000006 0.053125000000000006
3 0.15937500000000002 0.603125 0.078125 0.10625000000000001
3 0.08984375 0.8875000000000001 0.1796875 0.19062500000000002
3 0.6937500000000001 0.35546875 0.1625 0.09531250000000001
3 0.565625 0.3921875 0.046875 0.037500000000000006
3 0.465625 0.534375 0.08125 0.059375000000000004
3 0.503125 0.60859375 0.240625 0.07968750000000001
3 0.7718750000000001 0.53515625 0.19687500000000002 0.1390625
3 0.534375 0.81796875 0.3375 0.21406250000000002
3 0.89375 0.6960937500000001 0.20625000000000002 0.1296875
3 0.8718750000000001 0.884375 0.234375 0.23125
