3 0.84765625 0.39687500000000003 0.2765625 0.28125
3 0.9750000000000001 0.6578125 0.040625 0.17500000000000002
3 0.6960937500000001 0.69921875 0.30781250000000004 0.2265625
3 0.609375 0.8968750000000001 0.16875 0.19062500000000002
3 0.37812500000000004 0.9421875000000001 0.1375 0.1
3 0.43359375 0.5085937500000001 0.051562500000000004 0.0578125
3 0.6039062500000001 0.16484375 0.1234375 0.0578125
3 0.60859375 0.09453125000000001 0.1265625 0.11406250000000001
3 0.50390625 0.08203125 0.0734375 0.1328125
3 0.032031250000000004 0.9187500000000001 0.06406250000000001 0.1375
