3 0.12421875 0.16953125000000002 0.09843750000000001 0.17343750000000002
3 0.22968750000000002 0.49453125000000003 0.043750000000000004 0.0671875
3 0.23671875 0.6195312500000001 0.0328125 0.09843750000000001
3 0.2171875 0.753125 0.021875000000000002 0.053125000000000006
3 0.21875 0.8953125000000001 0.059375000000000004 0.07500000000000001
3 0.309375 0.8835937500000001 0.05625 0.06406250000000001
3 0.34218750000000003 0.7992187500000001 0.028125 0.029687500000000002
3 0.55234375 0.7125 0.0234375 0.03125
4 0.11406250000000001 0.14765625000000002 0.125 0.2859375
4 0.23750000000000002 0.2171875 0.09062500000000001 0.234375
4 0.328125 0.32656250000000003 0.15625 0.265625
4 0.19765625 0.496875 0.1046875 0.15937500000000002
4 0.28046875 0.5789062500000001 0.0421875 0.06406250000000001
4 0.40937500000000004 0.7757812500000001 0.043750000000000004 0.0578125
4 0.41015625 0.8679687500000001 0.0484375 0.08281250000000001
4 0.42734375 0.9437500000000001 0.0703125 0.10312500000000001
4 0.43046875 0.50703125 0.045312500000000006 0.11093750000000001
4 0.48203125 0.45546875000000003 0.0578125 0.16718750000000002
4 0.421875 0.6234375000000001 0.021875000000000002 0.043750000000000004
4 0.5328125 0.69140625 0.059375000000000004 0.09531250000000001
3 0.47500000000000003 0.6671875 0.037500000000000006 0.065625
3 0.61484375 0.9750000000000001 0.026562500000000003 0.05
