3 0.60546875 0.82421875 0.06406250000000001 0.0921875
3 0.3671875 0.71015625 0.053125000000000006 0.0703125
3 0.35781250000000003 0.5453125 0.05 0.059375000000000004
3 0.7898437500000001 0.83359375 0.13593750000000002 0.1921875
3 0.7078125000000001 0.58515625 0.1125 0.1640625
3 0.8078125 0.55 0.018750000000000003 0.06875
3 0.37421875000000004 0.3125 0.0921875 0.265625
3 0.6156250000000001 0.46718750000000003 0.115625 0.115625
3 0.6109375 0.30312500000000003 0.09062500000000001 0.2
3 0.73046875 0.04453125 0.0328125 0.0890625
3 0.71640625 0.13828125 0.0421875 0.0484375
3 0.7671875 0.11015625000000001 0.037500000000000006 0.0578125
3 0.28984375 0.603125 0.0671875 0.059375000000000004
3 0.18984375 0.40468750000000003 0.0671875 0.06875
3 0.12812500000000002 0.31484375000000003 0.06875 0.1046875
