3 0.50234375 0.7992187500000001 0.11093750000000001 0.21406250000000002
3 0.42421875000000003 0.85546875 0.08281250000000001 0.1234375
3 0.37421875000000004 0.7039062500000001 0.1296875 0.22031250000000002
3 0.21015625000000002 0.5867187500000001 0.2078125 0.1921875
7 0.14375000000000002 0.3953125 0.1125 0.171875
3 0.9203125000000001 0.478125 0.146875 0.35625
3 0.95859375 0.13671875 0.07968750000000001 0.13593750000000002
3 0.8640625000000001 0.09531250000000001 0.065625 0.19062500000000002
3 0.6390625000000001 0.05390625 0.10625000000000001 0.1078125
3 0.51171875 0.05078125 0.09843750000000001 0.0921875
3 0.35468750000000004 0.4390625 0.10625000000000001 0.23750000000000002
3 0.3203125 0.15234375 0.184375 0.11093750000000001
3 0.72421875 0.9148437500000001 0.045312500000000006 0.06406250000000001
