3 0.028125 0.2828125 0.05625 0.19062500000000002
3 0.07421875 0.17578125 0.1484375 0.2265625
3 0.34453125 0.21484375 0.2546875 0.2234375
3 0.1859375 0.29921875000000003 0.153125 0.1859375
3 0.09843750000000001 0.45078125 0.1 0.1265625
3 0.275 0.4734375 0.096875 0.2
3 0.47734375 0.45546875000000003 0.0921875 0.1265625
3 0.375 0.50625 0.08125 0.1
3 0.36484375 0.6312500000000001 0.1421875 0.115625
3 0.52265625 0.5171875 0.060937500000000006 0.08125
3 0.5421875 0.371875 0.0625 0.13125
3 0.59921875 0.8296875 0.06406250000000001 0.10312500000000001
3 0.6390625000000001 0.9242187500000001 0.05 0.1078125
3 0.73984375 0.47968750000000004 0.0765625 0.08750000000000001
3 0.69140625 0.38906250000000003 0.0546875 0.07187500000000001
3 0.6734375 0.6492187500000001 0.08125 0.2484375
3 0.74765625 0.73828125 0.09531250000000001 0.1203125
3 0.7046875 0.88203125 0.078125 0.18281250000000002
