3 0.9476562500000001 0.24140625000000002 0.0890625 0.1640625
3 0.33906250000000004 0.09296875 0.19062500000000002 0.11406250000000001
3 0.11484375000000001 0.084375 0.1328125 0.15000000000000002
3 0.32343750000000004 0.246875 0.390625 0.12812500000000002
3 0.14375000000000002 0.24921875000000002 0.22187500000000002 0.1453125
3 0.23203125000000002 0.35468750000000004 0.46406250000000004 0.078125
3 0.07890625000000001 0.5171875 0.15781250000000002 0.10312500000000001
3 0.7609375 0.2921875 0.371875 0.115625
3 0.78671875 0.48359375000000004 0.4109375 0.29531250000000003
3 0.5328125 0.74609375 0.45625000000000004 0.34218750000000003
3 0.95703125 0.8765625 0.08281250000000001 0.065625
3 0.415625 0.5296875 0.10312500000000001 0.08125
