4 0.39921875 0.5593750000000001 0.3921875 0.14375000000000002
4 0.19843750000000002 0.7117187500000001 0.309375 0.1953125
3 0.29296875 0.7718750000000001 0.1390625 0.065625
3 0.35703125 0.52265625 0.11406250000000001 0.0578125
3 0.8367187500000001 0.5203125000000001 0.1390625 0.053125000000000006
3 0.7984375 0.40546875000000004 0.1625 0.07968750000000001
3 0.3953125 0.41953125 0.19062500000000002 0.0390625
3 0.5921875 0.2828125 0.24375000000000002 0.10312500000000001
4 0.3828125 0.92109375 0.31875000000000003 0.15156250000000002
4 0.52109375 0.7039062500000001 0.1796875 0.1171875
4 0.7757812500000001 0.7953125000000001 0.1234375 0.05625
4 0.87421875 0.8679687500000001 0.2171875 0.07968750000000001
4 0.19765625 0.9007812500000001 0.1046875 0.06406250000000001
4 0.11093750000000001 0.8289062500000001 0.15000000000000002 0.0578125
