3 0.09765625 0.11406250000000001 0.1015625 0.225
3 0.25234375000000003 0.12109375 0.1765625 0.22968750000000002
3 0.38984375000000004 0.109375 0.1046875 0.21250000000000002
3 0.5242187500000001 0.240625 0.2109375 0.1625
3 0.76171875 0.321875 0.1765625 0.225
3 0.95859375 0.09453125000000001 0.08281250000000001 0.1765625
3 0.43671875000000004 0.49765625 0.2734375 0.2828125
3 0.5554687500000001 0.7515625 0.2265625 0.36562500000000003
3 0.7203125 0.565625 0.20625000000000002 0.31562500000000004
3 0.8734375000000001 0.62109375 0.240625 0.24531250000000002
