3 0.5359375000000001 0.1703125 0.18125000000000002 0.225
3 0.62890625 0.25234375000000003 0.19843750000000002 0.2515625
3 0.721875 0.19921875 0.08750000000000001 0.1171875
3 0.36953125000000003 0.24140625000000002 0.1640625 0.2390625
3 0.23515625 0.07734375 0.1234375 0.1546875
3 0.24453125 0.2828125 0.2171875 0.30312500000000003
3 0.25703125 0.5085937500000001 0.060937500000000006 0.0859375
3 0.22421875000000002 0.5484375 0.0859375 0.11875000000000001
3 0.26640625 0.6117187500000001 0.0578125 0.07968750000000001
3 0.5796875 0.84296875 0.078125 0.11093750000000001
3 0.7921875 0.59921875 0.09062500000000001 0.1203125
3 0.82734375 0.5 0.1078125 0.14375000000000002
3 0.7265625 0.7757812500000001 0.10312500000000001 0.1484375
3 0.70234375 0.8773437500000001 0.11093750000000001 0.13593750000000002
3 0.80078125 0.9265625000000001 0.11093750000000001 0.146875
