3 0.29375 0.70234375 0.27187500000000003 0.3953125
3 0.584375 0.94140625 0.115625 0.0921875
3 0.6882812500000001 0.85703125 0.0765625 0.11406250000000001
3 0.6671875 0.7453125 0.05625 0.13125
3 0.5140625 0.8031250000000001 0.19687500000000002 0.14375000000000002
3 0.25234375000000003 0.30859375 0.40156250000000004 0.1859375
3 0.49375 0.27968750000000003 0.06875 0.07187500000000001
3 0.40546875000000004 0.1171875 0.17343750000000002 0.1875
3 0.77265625 0.12265625000000001 0.0546875 0.1640625
3 0.9140625 0.10390625 0.1125 0.2078125
3 0.915625 0.27265625 0.153125 0.15156250000000002
3 0.71484375 0.290625 0.2015625 0.28125
3 0.67578125 0.51171875 0.3765625 0.3953125
3 0.59921875 0.6742187500000001 0.0765625 0.09531250000000001
3 0.9703125 0.9421875000000001 0.037500000000000006 0.065625
