2 0.253125 0.19921875 0.07187500000000001 0.2421875
2 0.29140625000000003 0.48359375000000004 0.11406250000000001 0.2578125
2 0.2421875 0.7359375 0.15937500000000002 0.1625
2 0.30546875 0.884375 0.0859375 0.23125
2 0.47187500000000004 0.240625 0.09375 0.278125
2 0.5484375 0.51875 0.07500000000000001 0.35000000000000003
2 0.47734375 0.47734375 0.051562500000000004 0.1796875
2 0.46484375 0.6062500000000001 0.1015625 0.171875
2 0.40078125000000003 0.7523437500000001 0.051562500000000004 0.1171875
2 0.45703125 0.9343750000000001 0.09531250000000001 0.12187500000000001
