3 0.09921875000000001 0.010937500000000001 0.051562500000000004 0.021875000000000002
3 0.33906250000000004 0.24609375 0.12187500000000001 0.2390625
3 0.33437500000000003 0.07500000000000001 0.134375 0.15000000000000002
3 0.46718750000000003 0.17578125 0.08750000000000001 0.1765625
3 0.478125 0.39375000000000004 0.19375 0.21250000000000002
3 0.66796875 0.5984375000000001 0.27968750000000003 0.240625
3 0.43359375 0.7289062500000001 0.1421875 0.32343750000000004
3 0.0203125 0.86484375 0.040625 0.1078125
3 0.1390625 0.8406250000000001 0.0625 0.10625000000000001
3 0.21015625000000002 0.9554687500000001 0.0765625 0.0890625
7 0.703125 0.8828125 0.1 0.171875
