3 0.1015625 0.37343750000000003 0.078125 0.12187500000000001
3 0.15703125 0.2671875 0.0703125 0.07500000000000001
3 0.37812500000000004 0.13828125 0.10625000000000001 0.26406250000000003
3 0.58203125 0.01953125 0.0578125 0.029687500000000002
3 0.48671875000000003 0.08515625 0.1046875 0.1546875
3 0.61484375 0.0921875 0.09843750000000001 0.09062500000000001
3 0.6257812500000001 0.19296875000000002 0.09531250000000001 0.1046875
3 0.5984375000000001 0.36015625 0.028125 0.0328125
3 0.7390625000000001 0.39687500000000003 0.06875 0.065625
3 0.7796875000000001 0.49140625000000004 0.040625 0.1046875
3 0.59296875 0.6648437500000001 0.11406250000000001 0.20468750000000002
3 0.546875 0.8445312500000001 0.07187500000000001 0.045312500000000006
3 0.6195312500000001 0.9031250000000001 0.0546875 0.19375
3 0.66796875 0.91796875 0.045312500000000006 0.1640625
3 0.7203125 0.7937500000000001 0.046875 0.059375000000000004
3 0.859375 0.55078125 0.078125 0.08281250000000001
3 0.93359375 0.6203125 0.1015625 0.10312500000000001
3 0.8484375000000001 0.6976562500000001 0.03125 0.13593750000000002
7 0.91171875 0.790625 0.0484375 0.07500000000000001
3 0.89609375 0.8671875 0.0765625 0.040625
3 0.72421875 0.79453125 0.035937500000000004 0.0390625
3 0.721875 0.8914062500000001 0.034375 0.060937500000000006
3 0.6781250000000001 0.26171875 0.028125 0.0390625
