3 0.33203125 0.240625 0.1546875 0.065625
3 0.40234375 0.49062500000000003 0.1296875 0.0625
3 0.9070312500000001 0.48750000000000004 0.1390625 0.053125000000000006
3 0.43671875000000004 0.5890625 0.1609375 0.028125
3 0.6335937500000001 0.7296875 0.2234375 0.115625
3 0.8718750000000001 0.6023437500000001 0.15937500000000002 0.0859375
4 0.4265625 0.08359375000000001 0.35625 0.16718750000000002
4 0.8984375 0.134375 0.203125 0.078125
4 0.56875 0.30234375 0.20625000000000002 0.11093750000000001
4 0.45 0.45234375000000004 0.446875 0.1546875
4 0.11953125 0.05390625 0.23593750000000002 0.1078125
4 0.8226562500000001 0.21171875 0.1453125 0.0484375
4 0.9437500000000001 0.2984375 0.078125 0.065625
4 0.14765625000000002 0.18515625000000002 0.1390625 0.0671875
4 0.25625000000000003 0.27265625 0.34375 0.2328125
