5 0.40937500000000004 0.7312500000000001 0.08750000000000001 0.184375
5 0.3875 0.84921875 0.12812500000000002 0.2703125
3 0.36953125000000003 0.21015625000000002 0.2484375 0.42031250000000003
4 0.41015625 0.26875 0.3328125 0.5375
4 0.43671875000000004 0.403125 0.2546875 0.546875
2 0.734375 0.76328125 0.07500000000000001 0.1640625
2 0.6171875 0.29609375 0.12187500000000001 0.2734375
2 0.70078125 0.4625 0.1234375 0.253125
2 0.7914062500000001 0.51015625 0.1203125 0.2515625
2 0.80234375 0.6882812500000001 0.07968750000000001 0.16718750000000002
