3 0.83359375 0.17578125 0.0890625 0.1796875
3 0.5398437500000001 0.24609375 0.1609375 0.0890625
3 0.28750000000000003 0.15234375 0.1125 0.1328125
3 0.478125 0.10625000000000001 0.1625 0.15937500000000002
3 0.78828125 0.37265625 0.07968750000000001 0.0734375
3 0.64375 0.47500000000000003 0.08125 0.06875
3 0.659375 0.6101562500000001 0.10312500000000001 0.0578125
3 0.79296875 0.50390625 0.1234375 0.0703125
3 0.2890625 0.6960937500000001 0.421875 0.13593750000000002
3 0.8671875 0.59921875 0.23750000000000002 0.1078125
3 0.76953125 0.7234375000000001 0.4078125 0.15937500000000002
3 0.596875 0.8765625 0.1 0.246875
