3 0.9734375000000001 0.051562500000000004 0.046875 0.08750000000000001
3 0.9617187500000001 0.5281250000000001 0.0734375 0.09375
3 0.8578125000000001 0.6109375 0.034375 0.028125
3 0.7742187500000001 0.5085937500000001 0.035937500000000004 0.026562500000000003
3 0.7078125000000001 0.6390625000000001 0.06875 0.05625
3 0.7875000000000001 0.6328125 0.028125 0.025
3 0.6140625000000001 0.6484375 0.12187500000000001 0.053125000000000006
3 0.65390625 0.70234375 0.0921875 0.045312500000000006
3 0.503125 0.40468750000000003 0.23125 0.078125
3 0.325 0.30859375 0.08125 0.15156250000000002
3 0.22890625 0.39609375 0.20468750000000002 0.0578125
3 0.3015625 0.46796875000000004 0.053125000000000006 0.0328125
3 0.17734375000000002 0.49296875 0.1796875 0.0765625
3 0.37421875000000004 0.69921875 0.1484375 0.06406250000000001
3 0.5320312500000001 0.72421875 0.1046875 0.0921875
3 0.43671875000000004 0.81015625 0.11406250000000001 0.1234375
3 0.22734375 0.71640625 0.08281250000000001 0.1296875
3 0.1921875 0.5796875 0.040625 0.08125
