3 0.8812500000000001 0.65625 0.09062500000000001 0.07500000000000001
3 0.9515625000000001 0.7601562500000001 0.07500000000000001 0.11093750000000001
3 0.75390625 0.45390625 0.045312500000000006 0.0578125
3 0.65625 0.3375 0.06875 0.06875
3 0.36796875 0.2265625 0.06406250000000001 0.10312500000000001
3 0.6796875 0.553125 0.0625 0.065625
3 0.6804687500000001 0.8656250000000001 0.11093750000000001 0.26875
3 0.35703125 0.66171875 0.15156250000000002 0.11406250000000001
3 0.37421875000000004 0.8671875 0.1265625 0.21875
3 0.14609375 0.24140625000000002 0.1640625 0.2265625
3 0.20703125 0.5390625 0.1921875 0.19062500000000002
