3 0.034375 0.4609375 0.06875 0.1375
3 0.09453125000000001 0.29375 0.1078125 0.05
3 0.321875 0.31796875 0.19687500000000002 0.16718750000000002
3 0.51328125 0.33984375 0.2859375 0.1484375
3 0.1859375 0.11640625 0.34687500000000004 0.2328125
3 0.16015625 0.6890625 0.1640625 0.08125
3 0.07421875 0.8148437500000001 0.1390625 0.15156250000000002
3 0.06015625 0.61640625 0.09843750000000001 0.0921875
3 0.9359375000000001 0.9375 0.125 0.09062500000000001
3 0.9437500000000001 0.8367187500000001 0.1125 0.1015625
