2 0.203125 0.37265625 0.40625 0.22968750000000002
2 0.3328125 0.55859375 0.278125 0.17343750000000002
2 0.6257812500000001 0.6453125000000001 0.3609375 0.203125
2 0.65 0.5 0.353125 0.19062500000000002
2 0.6664062500000001 0.43593750000000003 0.29531250000000003 0.178125
2 0.4109375 0.39687500000000003 0.15625 0.065625
2 0.578125 0.40234375 0.134375 0.060937500000000006
2 0.32343750000000004 0.325 0.22187500000000002 0.06875
2 0.52578125 0.19921875 0.19843750000000002 0.07968750000000001
2 0.7156250000000001 0.14921875 0.16562500000000002 0.07968750000000001
