3 0.17109375000000002 0.18125000000000002 0.035937500000000004 0.065625
3 0.28984375 0.015625 0.051562500000000004 0.03125
3 0.33437500000000003 0.1296875 0.034375 0.05
3 0.36796875 0.21796875000000002 0.11406250000000001 0.1046875
3 0.4890625 0.28828125 0.078125 0.1078125
3 0.41718750000000004 0.35468750000000004 0.1 0.18125000000000002
3 0.05390625 0.61875 0.1078125 0.34687500000000004
3 0.021875000000000002 0.9328125 0.043750000000000004 0.12812500000000002
3 0.07968750000000001 0.94453125 0.08125 0.11093750000000001
3 0.1859375 0.9203125000000001 0.040625 0.059375000000000004
3 0.5203125000000001 0.44375000000000003 0.11875000000000001 0.19375
3 0.68125 0.5593750000000001 0.209375 0.19375
3 0.53125 0.696875 0.14375000000000002 0.240625
3 0.2546875 0.97265625 0.115625 0.0546875
3 0.5515625000000001 0.940625 0.15937500000000002 0.08750000000000001
7 0.6898437500000001 0.87265625 0.0671875 0.1546875
3 0.325 0.84140625 0.05 0.051562500000000004
