3 0.39296875000000003 0.17421875 0.06406250000000001 0.0921875
3 0.6312500000000001 0.28828125 0.053125000000000006 0.0703125
3 0.640625 0.45390625 0.05 0.060937500000000006
3 0.20859375000000002 0.16562500000000002 0.13593750000000002 0.19062500000000002
3 0.290625 0.41250000000000003 0.1125 0.1625
3 0.19062500000000002 0.44921875 0.018750000000000003 0.0703125
3 0.62421875 0.68671875 0.0921875 0.26406250000000003
3 0.3828125 0.53125 0.115625 0.115625
3 0.3875 0.6953125 0.09062500000000001 0.2
3 0.26796875000000003 0.9546875 0.0328125 0.09062500000000001
3 0.28203125 0.8601562500000001 0.0421875 0.0484375
3 0.23125 0.88828125 0.037500000000000006 0.0578125
3 0.70859375 0.39609375 0.0671875 0.0578125
3 0.80859375 0.59375 0.0671875 0.06875
3 0.8703125 0.6828125 0.06875 0.10312500000000001
