3 0.037500000000000006 0.47500000000000003 0.07500000000000001 0.12187500000000001
3 0.46875 0.4 0.11875000000000001 0.215625
3 0.51484375 0.06640625 0.0859375 0.1328125
3 0.65390625 0.18515625000000002 0.0734375 0.0734375
3 0.6179687500000001 0.37109375 0.13593750000000002 0.2734375
3 0.3875 0.73984375 0.22187500000000002 0.1390625
3 0.95234375 0.2484375 0.08281250000000001 0.140625
3 0.978125 0.375 0.043750000000000004 0.1
3 0.13125 0.759375 0.15000000000000002 0.12187500000000001
3 0.29453125 0.91328125 0.2078125 0.17343750000000002
3 0.98984375 0.8656250000000001 0.0203125 0.096875
