3 0.81796875 0.5710937500000001 0.1546875 0.17343750000000002
3 0.7453125 0.0234375 0.109375 0.040625
3 0.47109375000000003 0.0234375 0.29531250000000003 0.040625
3 0.290625 0.37343750000000003 0.1875 0.109375
3 0.20546875 0.5625 0.22968750000000002 0.125
3 0.5203125000000001 0.5953125 0.27187500000000003 0.109375
3 0.36015625 0.728125 0.1859375 0.203125
3 0.3328125 0.91328125 0.09062500000000001 0.07968750000000001
3 0.7562500000000001 0.2625 0.09062500000000001 0.059375000000000004
3 0.890625 0.34296875000000004 0.078125 0.06406250000000001
3 0.7601562500000001 0.4140625 0.1296875 0.0625
