3 0.06171875 0.1375 0.11406250000000001 0.171875
3 0.2671875 0.084375 0.14375000000000002 0.15625
3 0.04453125 0.39375000000000004 0.0859375 0.19062500000000002
3 0.5640625 0.065625 0.10625000000000001 0.065625
3 0.43359375 0.39453125 0.0671875 0.08281250000000001
3 0.23046875 0.29140625000000003 0.0890625 0.15156250000000002
3 0.1796875 0.4 0.065625 0.0625
3 0.67734375 0.08203125 0.0671875 0.0890625
3 0.73359375 0.6585937500000001 0.11093750000000001 0.07968750000000001
3 0.9500000000000001 0.6375000000000001 0.1 0.171875
3 0.96796875 0.49921875000000004 0.060937500000000006 0.0921875
3 0.91796875 0.37734375000000003 0.1640625 0.11093750000000001
3 0.853125 0.27968750000000003 0.10625000000000001 0.10312500000000001
3 0.8460937500000001 0.1875 0.1015625 0.07187500000000001
3 0.53125 0.48281250000000003 0.084375 0.040625
