3 0.022656250000000003 0.5703125 0.045312500000000006 0.15000000000000002
3 0.051562500000000004 0.7390625000000001 0.10312500000000001 0.34687500000000004
3 0.5546875 0.014843750000000001 0.1125 0.029687500000000002
3 0.6625000000000001 0.0625 0.078125 0.125
3 0.56171875 0.10859375 0.1171875 0.2171875
3 0.67109375 0.22265625 0.1546875 0.2078125
3 0.81796875 0.40937500000000004 0.21406250000000002 0.21250000000000002
3 0.26406250000000003 0.56875 0.059375000000000004 0.125
3 0.22421875000000002 0.659375 0.0140625 0.05625
3 0.30234375 0.6335937500000001 0.0390625 0.0765625
3 0.27109375 0.8835937500000001 0.1046875 0.2328125
3 0.39687500000000003 0.7992187500000001 0.12187500000000001 0.0703125
3 0.634375 0.50625 0.109375 0.265625
3 0.60703125 0.7671875 0.15781250000000002 0.109375
7 0.85859375 0.65234375 0.08281250000000001 0.15156250000000002
3 0.37421875000000004 0.696875 0.11406250000000001 0.125
