3 0.89375 0.21015625000000002 0.07187500000000001 0.0578125
3 0.9453125 0.28984375 0.05625 0.1296875
3 0.74921875 0.1046875 0.1046875 0.2
3 0.63203125 0.06406250000000001 0.09843750000000001 0.12812500000000002
3 0.49375 0.11093750000000001 0.134375 0.171875
3 0.37265625 0.43046875 0.045312500000000006 0.11093750000000001
3 0.3296875 0.4 0.046875 0.059375000000000004
3 0.31093750000000003 0.48750000000000004 0.065625 0.096875
3 0.23515625 0.5554687500000001 0.0921875 0.0921875
3 0.55078125 0.55625 0.0765625 0.171875
3 0.6140625000000001 0.7109375 0.13125 0.065625
3 0.5390625 0.7765625 0.043750000000000004 0.16562500000000002
3 0.496875 0.7156250000000001 0.025 0.043750000000000004
3 0.47890625000000003 0.8140625 0.0578125 0.146875
3 0.30781250000000004 0.75390625 0.06875 0.060937500000000006
3 0.3171875 0.62265625 0.05 0.1265625
7 0.21171875 0.6687500000000001 0.0546875 0.08750000000000001
3 0.4296875 0.6843750000000001 0.034375 0.043750000000000004
3 0.43125 0.2328125 0.037500000000000006 0.025
3 0.5007812500000001 0.3171875 0.0328125 0.037500000000000006
