3 0.91171875 0.39765625000000004 0.0390625 0.0921875
3 0.88203125 0.68515625 0.0734375 0.1015625
3 0.8171875000000001 0.6109375 0.0625 0.07500000000000001
3 0.73203125 0.43593750000000003 0.0578125 0.05
3 0.66015625 0.33359375 0.045312500000000006 0.060937500000000006
3 0.67734375 0.48671875000000003 0.0328125 0.060937500000000006
3 0.665625 0.69921875 0.08125 0.2078125
3 0.45937500000000003 0.2328125 0.059375000000000004 0.078125
3 0.34218750000000003 0.45156250000000003 0.140625 0.1625
3 0.43671875000000004 0.703125 0.08281250000000001 0.171875
3 0.43671875000000004 0.55234375 0.09843750000000001 0.0859375
3 0.5015625 0.5546875 0.028125 0.034375
3 0.57578125 0.628125 0.045312500000000006 0.03125
3 0.33984375 0.8453125 0.051562500000000004 0.05
3 0.28515625 0.8718750000000001 0.0390625 0.053125000000000006
3 0.32421875 0.946875 0.0421875 0.10625000000000001
3 0.30078125 0.225 0.1171875 0.16562500000000002
