3 0.07421875 0.7757812500000001 0.1421875 0.2015625
3 0.02109375 0.58515625 0.035937500000000004 0.0734375
3 0.90390625 0.6687500000000001 0.1390625 0.153125
3 0.478125 0.8265625000000001 0.12812500000000002 0.1125
3 0.38203125000000004 0.61328125 0.2984375 0.11406250000000001
3 0.675 0.6765625000000001 0.26875 0.146875
3 0.80234375 0.32656250000000003 0.15156250000000002 0.1375
3 0.9625 0.24375000000000002 0.07500000000000001 0.15625
3 0.66328125 0.8765625 0.2171875 0.20625000000000002
3 0.6921875000000001 0.74140625 0.16875 0.0890625
3 0.38828125 0.69453125 0.1015625 0.0390625
