4 0.51171875 0.23984375000000002 0.2015625 0.1296875
4 0.25 0.421875 0.22812500000000002 0.125
4 0.31875000000000003 0.2421875 0.20625000000000002 0.08125
4 0.18046875 0.30859375 0.0921875 0.0703125
4 0.95078125 0.35781250000000003 0.07968750000000001 0.08125
4 0.9539062500000001 0.47187500000000004 0.08281250000000001 0.1
4 0.29140625000000003 0.5671875000000001 0.1921875 0.07187500000000001
4 0.321875 0.65 0.16875 0.096875
3 0.051562500000000004 0.37265625 0.08125 0.0421875
3 0.13125 0.6578125 0.115625 0.05
3 0.9382812500000001 0.8890625000000001 0.1078125 0.0625
4 0.403125 0.3609375 0.26875 0.125
3 0.28359375000000003 0.73203125 0.0578125 0.0234375
