4 0.49609375 0.171875 0.11406250000000001 0.184375
3 0.63203125 0.035937500000000004 0.0921875 0.06875
3 0.58203125 0.27578125000000003 0.029687500000000002 0.0671875
3 0.61640625 0.43125 0.0234375 0.065625
3 0.6671875 0.6796875 0.059375000000000004 0.09062500000000001
3 0.64375 0.5242187500000001 0.021875000000000002 0.0703125
3 0.5828125000000001 0.65234375 0.03125 0.0546875
3 0.54296875 0.60703125 0.0328125 0.0703125
3 0.37265625 0.57265625 0.0203125 0.0484375
3 0.31484375000000003 0.57265625 0.029687500000000002 0.1171875
4 0.6023437500000001 0.28046875 0.0921875 0.1171875
4 0.5203125000000001 0.7234375000000001 0.0625 0.08125
4 0.478125 0.74375 0.08125 0.140625
4 0.5546875 0.36015625 0.040625 0.08281250000000001
4 0.45390625 0.37578125 0.0484375 0.08281250000000001
4 0.41171875 0.353125 0.035937500000000004 0.109375
4 0.43828125 0.509375 0.0390625 0.06875
4 0.46875 0.6203125 0.03125 0.059375000000000004
4 0.4421875 0.50625 0.037500000000000006 0.084375
