3 0.2109375 0.7359375 0.08750000000000001 0.1625
3 0.31015625 0.68671875 0.0578125 0.15156250000000002
3 0.3796875 0.64453125 0.037500000000000006 0.0859375
4 0.384375 0.55 0.09062500000000001 0.15000000000000002
4 0.42812500000000003 0.6742187500000001 0.078125 0.18281250000000002
4 0.46406250000000004 0.57734375 0.059375000000000004 0.1484375
3 0.55859375 0.6000000000000001 0.060937500000000006 0.07500000000000001
3 0.6453125000000001 0.58515625 0.05 0.1234375
4 0.30781250000000004 0.43125 0.059375000000000004 0.184375
4 0.38671875 0.08281250000000001 0.035937500000000004 0.09062500000000001
4 0.45625000000000004 0.053125000000000006 0.053125000000000006 0.09062500000000001
3 0.29296875 0.40156250000000004 0.0234375 0.05625
4 0.4921875 0.51484375 0.046875 0.1390625
3 0.41484375 0.41640625000000003 0.0390625 0.0734375
3 0.4578125 0.46875 0.03125 0.0625
3 0.4140625 0.33671875 0.040625 0.0765625
