3 0.71015625 0.296875 0.18906250000000002 0.12187500000000001
3 0.8914062500000001 0.39296875000000003 0.18906250000000002 0.15156250000000002
3 0.9398437500000001 0.5554687500000001 0.1171875 0.045312500000000006
3 0.69140625 0.73203125 0.1046875 0.06406250000000001
3 0.640625 0.93359375 0.203125 0.1328125
3 0.43593750000000003 0.8851562500000001 0.253125 0.22968750000000002
3 0.26406250000000003 0.87890625 0.15937500000000002 0.2234375
3 0.1046875 0.37578125 0.209375 0.15781250000000002
3 0.19296875000000002 0.54140625 0.1328125 0.13593750000000002
3 0.060937500000000006 0.66015625 0.12187500000000001 0.1484375
3 0.07890625000000001 0.953125 0.1203125 0.09375
3 0.043750000000000004 0.84140625 0.08750000000000001 0.11093750000000001
