3 0.7250000000000001 0.25859375 0.1625 0.1296875
3 0.7781250000000001 0.44140625 0.10312500000000001 0.06406250000000001
3 0.70859375 0.7289062500000001 0.0890625 0.0578125
3 0.6000000000000001 0.8187500000000001 0.08750000000000001 0.084375
3 0.48359375000000004 0.36015625 0.2234375 0.0921875
3 0.40703125 0.259375 0.0578125 0.025
3 0.37343750000000003 0.45703125 0.13125 0.15781250000000002
3 0.184375 0.47421875 0.215625 0.1171875
3 0.4265625 0.75390625 0.10312500000000001 0.0765625
3 0.15781250000000002 0.7109375 0.184375 0.10625000000000001
3 0.03359375 0.40234375 0.0578125 0.060937500000000006
3 0.38984375000000004 0.9640625 0.0859375 0.07187500000000001
