3 0.94453125 0.42421875000000003 0.045312500000000006 0.1078125
3 0.8109375000000001 0.6960937500000001 0.084375 0.0703125
3 0.8929687500000001 0.80234375 0.0734375 0.11406250000000001
3 0.68515625 0.44843750000000004 0.0328125 0.059375000000000004
3 0.6039062500000001 0.32578125 0.0703125 0.08281250000000001
3 0.28671875 0.1625 0.0671875 0.10312500000000001
3 0.5945312500000001 0.5437500000000001 0.060937500000000006 0.08750000000000001
3 0.484375 0.7117187500000001 0.046875 0.0484375
3 0.06406250000000001 0.13359375 0.12812500000000002 0.2171875
3 0.24921875000000002 0.61875 0.1765625 0.12812500000000002
3 0.12812500000000002 0.4625 0.12812500000000002 0.21250000000000002
3 0.25078125 0.8367187500000001 0.1609375 0.2390625
3 0.540625 0.85546875 0.109375 0.2890625
3 0.16796875 0.978125 0.0484375 0.040625
