3 0.3984375 0.09062500000000001 0.15937500000000002 0.171875
3 0.6546875000000001 0.23125 0.23750000000000002 0.1
3 0.85703125 0.27265625 0.2265625 0.09531250000000001
3 0.7117187500000001 0.34296875000000004 0.08281250000000001 0.0578125
3 0.60546875 0.3125 0.09531250000000001 0.046875
3 0.37890625 0.375 0.0703125 0.046875
3 0.2265625 0.44296875 0.15937500000000002 0.11406250000000001
3 0.93125 0.5476562500000001 0.09375 0.1390625
3 0.9656250000000001 0.6257812500000001 0.065625 0.0734375
3 0.97578125 0.7835937500000001 0.035937500000000004 0.0703125
3 0.95078125 0.96015625 0.0859375 0.07968750000000001
3 0.7078125000000001 0.45234375000000004 0.096875 0.0734375
3 0.353125 0.47968750000000004 0.08750000000000001 0.125
3 0.42734375 0.5015625 0.0765625 0.065625
3 0.22421875000000002 0.5867187500000001 0.32343750000000004 0.09531250000000001
3 0.26328125 0.7609375 0.22968750000000002 0.284375
3 0.5789062500000001 0.6843750000000001 0.26406250000000003 0.184375
