3 0.340625 0.2546875 0.0625 0.037500000000000006
3 0.1703125 0.2625 0.09062500000000001 0.07187500000000001
3 0.2 0.34921875 0.07187500000000001 0.0484375
3 0.3046875 0.40625 0.078125 0.0625
3 0.63671875 0.309375 0.0859375 0.037500000000000006
3 0.47578125000000004 0.28750000000000003 0.09531250000000001 0.03125
3 0.9265625000000001 0.20468750000000002 0.109375 0.134375
3 0.4078125 0.6781250000000001 0.065625 0.046875
3 0.3921875 0.60703125 0.059375000000000004 0.0328125
4 0.32421875 0.23593750000000002 0.1859375 0.109375
4 0.6171875 0.2828125 0.153125 0.115625
4 0.52578125 0.35625 0.08281250000000001 0.05625
4 0.47109375000000003 0.31015625 0.22031250000000002 0.0859375
4 0.89609375 0.32343750000000004 0.1953125 0.078125
4 0.91796875 0.20625000000000002 0.15156250000000002 0.12812500000000002
4 0.75546875 0.23515625 0.1390625 0.0890625
4 0.6429687500000001 0.5390625 0.17343750000000002 0.043750000000000004
4 0.5945312500000001 0.609375 0.1953125 0.046875
4 0.47890625000000003 0.48750000000000004 0.0484375 0.03125
4 0.59609375 0.48125 0.09843750000000001 0.040625
4 0.53046875 0.35234375 0.0671875 0.0546875
4 0.115625 0.49375 0.084375 0.037500000000000006
3 0.05 0.6726562500000001 0.1 0.051562500000000004
3 0.08984375 0.6203125 0.0765625 0.03125
4 0.22968750000000002 0.44453125000000004 0.043750000000000004 0.029687500000000002
4 0.43203125000000003 0.51796875 0.060937500000000006 0.0546875
4 0.5906250000000001 0.61484375 0.17500000000000002 0.0484375
