3 0.7195312500000001 0.7078125000000001 0.0734375 0.2
3 0.97578125 0.53671875 0.0421875 0.08281250000000001
3 0.7937500000000001 0.56171875 0.12812500000000002 0.1484375
3 0.5796875 0.59140625 0.25 0.1921875
3 0.375 0.24531250000000002 0.05 0.084375
3 0.171875 0.02421875 0.10625000000000001 0.0484375
3 0.05078125 0.48359375000000004 0.0921875 0.08281250000000001
3 0.021875000000000002 0.40234375 0.043750000000000004 0.0578125
3 0.5640625 0.27578125000000003 0.171875 0.3328125
3 0.7664062500000001 0.3609375 0.1546875 0.30000000000000004
