3 0.08046875 0.7609375 0.0484375 0.140625
3 0.2390625 0.32578125 0.03125 0.1203125
3 0.19062500000000002 0.9750000000000001 0.07187500000000001 0.05
3 0.278125 0.8914062500000001 0.053125000000000006 0.1171875
3 0.6359375 0.81015625 0.021875000000000002 0.1046875
3 0.5609375 0.81015625 0.05 0.06406250000000001
4 0.1265625 0.1171875 0.140625 0.234375
4 0.38593750000000004 0.153125 0.1875 0.30625
4 0.18984375 0.33203125 0.1796875 0.2390625
4 0.16562500000000002 0.58515625 0.11875000000000001 0.35468750000000004
3 0.12890625 0.59140625 0.0421875 0.1453125
4 0.27265625 0.4921875 0.0671875 0.13125
4 0.42109375000000004 0.4921875 0.060937500000000006 0.15000000000000002
4 0.05859375 0.7984375 0.1171875 0.28750000000000003
4 0.503125 0.446875 0.06875 0.21875
4 0.40546875000000004 0.64609375 0.051562500000000004 0.08281250000000001
4 0.37734375000000003 0.76953125 0.0484375 0.08281250000000001
4 0.4296875 0.7546875000000001 0.05 0.15000000000000002
4 0.553125 0.76953125 0.08125 0.1421875
4 0.21328125 0.14609375 0.0578125 0.11093750000000001
