3 0.46640625 0.23984375000000002 0.1421875 0.11093750000000001
3 0.3203125 0.3453125 0.15625 0.125
3 0.1796875 0.90625 0.109375 0.08125
3 0.36640625000000004 0.8125 0.2078125 0.140625
3 0.39609375 0.9148437500000001 0.23593750000000002 0.1703125
3 0.7734375 0.42578125 0.15937500000000002 0.1171875
3 0.67109375 0.6703125000000001 0.1640625 0.146875
3 0.84296875 0.64453125 0.13593750000000002 0.1046875
3 0.7562500000000001 0.74921875 0.11875000000000001 0.0921875
3 0.8296875 0.7429687500000001 0.12812500000000002 0.09843750000000001
3 0.5625 0.9578125000000001 0.225 0.084375
