3 0.6328125 0.54609375 0.065625 0.1390625
3 0.35000000000000003 0.03671875 0.065625 0.0734375
3 0.23828125 0.6335937500000001 0.0421875 0.0734375
3 0.2703125 0.6976562500000001 0.040625 0.08281250000000001
3 0.48671875000000003 0.75546875 0.0328125 0.0546875
3 0.52109375 0.8343750000000001 0.060937500000000006 0.115625
4 0.38046875 0.46171875 0.1203125 0.2390625
4 0.2921875 0.796875 0.125 0.19687500000000002
4 0.43984375000000003 0.8703125 0.1328125 0.18125000000000002
4 0.49531250000000004 0.65625 0.125 0.225
4 0.35703125 0.04453125 0.09843750000000001 0.0890625
4 0.36328125 0.15625 0.09531250000000001 0.18125000000000002
4 0.46015625000000004 0.05234375 0.1296875 0.1046875
3 0.51328125 0.39453125 0.0546875 0.0921875
4 0.47187500000000004 0.16171875000000002 0.13125 0.23593750000000002
