3 0.12187500000000001 0.125 0.24375000000000002 0.25
3 0.1015625 0.42734375 0.203125 0.3796875
3 0.49609375 0.10625000000000001 0.3609375 0.21250000000000002
3 0.08984375 0.8093750000000001 0.1796875 0.31875000000000003
3 0.26875 0.65 0.309375 0.16562500000000002
3 0.59296875 0.47968750000000004 0.5140625 0.325
3 0.6335937500000001 0.6765625000000001 0.1296875 0.13125
3 0.8453125 0.67109375 0.08750000000000001 0.20468750000000002
3 0.9265625000000001 0.8375 0.146875 0.15000000000000002
3 0.8851562500000001 0.35000000000000003 0.22968750000000002 0.171875
3 0.73828125 0.10859375 0.1484375 0.2171875
3 0.7250000000000001 0.35234375 0.12187500000000001 0.11406250000000001
3 0.80859375 0.22187500000000002 0.0734375 0.115625
3 0.89375 0.13984375000000002 0.21250000000000002 0.27968750000000003
3 0.9265625000000001 0.62890625 0.07500000000000001 0.11406250000000001
