3 0.6726562500000001 0.7375 0.31093750000000003 0.26875
3 0.321875 0.11953125 0.109375 0.2265625
3 0.35859375000000004 0.3015625 0.0703125 0.10312500000000001
3 0.28359375000000003 0.4 0.0578125 0.10625000000000001
3 0.22734375 0.29375 0.1203125 0.278125
3 0.9750000000000001 0.15625 0.046875 0.16562500000000002
3 0.8125 0.11484375000000001 0.14375000000000002 0.1765625
3 0.659375 0.20390625 0.11875000000000001 0.2078125
3 0.45156250000000003 0.93671875 0.12812500000000002 0.1265625
3 0.584375 0.9632812500000001 0.10312500000000001 0.0734375
