3 0.46796875000000004 0.971875 0.2859375 0.05625
3 0.41796875 0.76171875 0.1171875 0.17343750000000002
3 0.4703125 0.7671875 0.125 0.19062500000000002
3 0.609375 0.7820312500000001 0.19687500000000002 0.26406250000000003
3 0.56015625 0.58359375 0.09843750000000001 0.1296875
3 0.8148437500000001 0.2515625 0.2734375 0.42812500000000003
3 0.275 0.375 0.153125 0.2
3 0.34453125 0.23515625 0.1203125 0.15781250000000002
3 0.45546875000000003 0.28671875 0.11093750000000001 0.1328125
3 0.503125 0.18828125 0.215625 0.2421875
3 0.34609375000000003 0.07265625 0.1546875 0.1453125
3 0.48046875 0.07968750000000001 0.1640625 0.15937500000000002
3 0.15000000000000002 0.8304687500000001 0.30000000000000004 0.33906250000000004
