3 0.73203125 0.64375 0.13593750000000002 0.05
3 0.74765625 0.78671875 0.0484375 0.0328125
3 0.6609375000000001 0.81796875 0.13125 0.09843750000000001
3 0.42265625 0.35703125 0.1640625 0.2171875
3 0.25859375 0.6492187500000001 0.1171875 0.0765625
3 0.18046875 0.6671875 0.11093750000000001 0.06875
3 0.28046875 0.7757812500000001 0.1640625 0.11093750000000001
3 0.33046875000000003 0.978125 0.09843750000000001 0.040625
3 0.11093750000000001 0.8671875 0.22187500000000002 0.14375000000000002
3 0.12578125 0.9828125000000001 0.1328125 0.034375
3 0.6570312500000001 0.5421875 0.2609375 0.140625
