3 0.353125 0.9554687500000001 0.053125000000000006 0.0859375
3 0.36015625 0.8546875 0.0484375 0.059375000000000004
3 0.30781250000000004 0.87421875 0.03125 0.07968750000000001
3 0.80859375 0.671875 0.1078125 0.30625
3 0.46171875 0.6781250000000001 0.1234375 0.22812500000000002
3 0.43203125000000003 0.484375 0.1484375 0.12187500000000001
3 0.9328125 0.47500000000000003 0.07187500000000001 0.08125
3 0.9867187500000001 0.54140625 0.0203125 0.1234375
3 0.9906250000000001 0.43203125000000003 0.018750000000000003 0.0671875
3 0.74765625 0.35546875 0.0421875 0.08281250000000001
3 0.8203125 0.25859375 0.06875 0.0703125
3 0.32734375000000004 0.32656250000000003 0.1203125 0.23750000000000002
3 0.19687500000000002 0.40078125000000003 0.053125000000000006 0.0703125
3 0.22265625 0.084375 0.1390625 0.16875
3 0.421875 0.041406250000000006 0.065625 0.08281250000000001
3 0.7093750000000001 0.14375000000000002 0.05 0.08125
