3 0.22031250000000002 0.7679687500000001 0.09062500000000001 0.09843750000000001
3 0.2421875 0.5546875 0.037500000000000006 0.08750000000000001
3 0.33046875000000003 0.7406250000000001 0.0578125 0.09375
3 0.38828125 0.6453125000000001 0.051562500000000004 0.096875
3 0.28203125 0.446875 0.026562500000000003 0.09375
3 0.359375 0.24765625000000002 0.03125 0.07968750000000001
3 0.58984375 0.5945312500000001 0.035937500000000004 0.045312500000000006
3 0.6421875 0.58359375 0.015625 0.051562500000000004
4 0.43046875 0.81015625 0.1015625 0.09843750000000001
4 0.49843750000000003 0.8031250000000001 0.037500000000000006 0.084375
4 0.4921875 0.36796875 0.043750000000000004 0.09843750000000001
4 0.5484375 0.33125000000000004 0.053125000000000006 0.146875
4 0.48359375000000004 0.48828125 0.0328125 0.045312500000000006
4 0.21953125 0.58203125 0.11406250000000001 0.2078125
4 0.3171875 0.74609375 0.08750000000000001 0.0890625
4 0.3125 0.43281250000000004 0.08125 0.259375
4 0.38046875 0.36328125 0.060937500000000006 0.0921875
4 0.45937500000000003 0.115625 0.14375000000000002 0.23125
4 0.3203125 0.25390625 0.12812500000000002 0.1609375
4 0.2765625 0.09765625 0.10312500000000001 0.1546875
4 0.340625 0.1296875 0.05 0.07500000000000001
4 0.38593750000000004 0.03515625 0.059375000000000004 0.06406250000000001
4 0.45859375 0.5609375 0.0328125 0.05
4 0.49609375 0.53125 0.026562500000000003 0.05625
3 0.6062500000000001 0.9671875000000001 0.021875000000000002 0.0625
3 0.5546875 0.95234375 0.046875 0.0390625
