3 0.1484375 0.08203125 0.153125 0.1640625
3 0.42890625000000004 0.0546875 0.1265625 0.109375
3 0.1328125 0.25703125 0.07500000000000001 0.1078125
3 0.134375 0.41718750000000004 0.153125 0.203125
3 0.31953125000000004 0.7703125000000001 0.09843750000000001 0.13125
3 0.36250000000000004 0.6195312500000001 0.146875 0.1921875
3 0.4390625 0.6156250000000001 0.065625 0.08750000000000001
3 0.40937500000000004 0.6703125000000001 0.078125 0.10312500000000001
3 0.66328125 0.171875 0.15156250000000002 0.19687500000000002
3 0.6179687500000001 0.3515625 0.13593750000000002 0.17500000000000002
3 0.54609375 0.54140625 0.19843750000000002 0.2609375
3 0.6265625 0.609375 0.178125 0.23750000000000002
3 0.52109375 0.77734375 0.3453125 0.4453125
3 0.7429687500000001 0.41953125 0.07968750000000001 0.1046875
3 0.6828125 0.509375 0.08125 0.109375
3 0.74140625 0.6046875 0.1046875 0.14375000000000002
3 0.81171875 0.5515625000000001 0.1296875 0.17500000000000002
3 0.31875000000000003 0.140625 0.19687500000000002 0.259375
