3 0.31093750000000003 0.9632812500000001 0.05 0.060937500000000006
3 0.43203125000000003 0.521875 0.0484375 0.14375000000000002
3 0.9710937500000001 0.70703125 0.035937500000000004 0.3640625
3 0.278125 0.3171875 0.07187500000000001 0.08125
3 0.540625 0.7265625 0.1625 0.265625
3 0.6359375 0.50625 0.096875 0.11875000000000001
3 0.52265625 0.47500000000000003 0.1546875 0.146875
3 0.42734375 0.2703125 0.15781250000000002 0.25625000000000003
3 0.5242187500000001 0.16328125000000002 0.029687500000000002 0.060937500000000006
3 0.27421875 0.03125 0.09843750000000001 0.059375000000000004
3 0.9320312500000001 0.27109375 0.0421875 0.060937500000000006
