3 0.390625 0.49453125000000003 0.07500000000000001 0.13593750000000002
3 0.07500000000000001 0.01953125 0.015625 0.0390625
3 0.14296875 0.08984375 0.0390625 0.1203125
3 0.22421875000000002 0.2328125 0.060937500000000006 0.109375
3 0.46015625000000004 0.7890625 0.0921875 0.275
5 0.11093750000000001 0.12421875 0.08125 0.2484375
5 0.19765625 0.1015625 0.1296875 0.203125
5 0.36875 0.27421875 0.078125 0.2109375
5 0.37421875000000004 0.14921875 0.0484375 0.07968750000000001
5 0.42109375000000004 0.2890625 0.0546875 0.09062500000000001
5 0.41015625 0.4296875 0.09531250000000001 0.234375
5 0.46953125 0.70625 0.1203125 0.43125
