3 0.89609375 0.3046875 0.18281250000000002 0.08750000000000001
3 0.5109375 0.28828125 0.0625 0.0578125
3 0.540625 0.31015625 0.1125 0.0546875
3 0.7328125000000001 0.35859375000000004 0.171875 0.0765625
3 0.6078125000000001 0.38906250000000003 0.078125 0.06875
3 0.91796875 0.4546875 0.1453125 0.19062500000000002
3 0.296875 0.3765625 0.1 0.084375
3 0.51171875 0.4921875 0.15156250000000002 0.084375
3 0.31875000000000003 0.584375 0.34375 0.30625
3 0.11406250000000001 0.5710937500000001 0.109375 0.0921875
3 0.628125 0.65546875 0.26875 0.19843750000000002
3 0.47187500000000004 0.7296875 0.07500000000000001 0.06875
3 0.40546875000000004 0.815625 0.22031250000000002 0.140625
3 0.23828125 0.8695312500000001 0.09843750000000001 0.15156250000000002
3 0.6765625000000001 0.8171875000000001 0.225 0.09375
3 0.95625 0.6882812500000001 0.07187500000000001 0.20468750000000002
3 0.84375 0.8148437500000001 0.240625 0.1203125
3 0.8148437500000001 0.95703125 0.1453125 0.0859375
3 0.9453125 0.9460937500000001 0.096875 0.1078125
