3 0.21250000000000002 0.043750000000000004 0.1375 0.08750000000000001
3 0.34687500000000004 0.017968750000000002 0.125 0.035937500000000004
3 0.5632812500000001 0.051562500000000004 0.15781250000000002 0.10312500000000001
3 0.45546875000000003 0.0546875 0.09531250000000001 0.09375
3 0.4546875 0.29531250000000003 0.096875 0.1375
3 0.59296875 0.30859375 0.1640625 0.1421875
3 0.45703125 0.434375 0.0671875 0.07187500000000001
3 0.5703125 0.45156250000000003 0.096875 0.078125
3 0.00859375 0.33984375 0.0171875 0.1296875
3 0.05390625 0.2515625 0.1078125 0.11875000000000001
3 0.010937500000000001 0.6640625 0.021875000000000002 0.134375
3 0.26484375 0.94296875 0.11093750000000001 0.11406250000000001
3 0.309375 0.84296875 0.037500000000000006 0.060937500000000006
3 0.45859375 0.6140625000000001 0.0921875 0.2
3 0.553125 0.7125 0.125 0.10312500000000001
3 0.29531250000000003 0.44609375 0.1 0.2328125
3 0.2109375 0.22812500000000002 0.10312500000000001 0.21875
3 0.4765625 0.8625 0.278125 0.275
3 0.35468750000000004 0.6664062500000001 0.15625 0.21406250000000002
