3 0.049218750000000006 0.61328125 0.09531250000000001 0.0546875
3 0.48125 0.47890625000000003 0.07187500000000001 0.0484375
4 0.63828125 0.515625 0.11406250000000001 0.05625
4 0.39765625000000004 0.51171875 0.17343750000000002 0.060937500000000006
4 0.22421875000000002 0.54609375 0.1015625 0.0484375
4 0.753125 0.47968750000000004 0.09375 0.065625
3 0.43125 0.65390625 0.08750000000000001 0.026562500000000003
2 0.43359375 0.784375 0.0859375 0.043750000000000004
3 0.11640625 0.48359375000000004 0.0390625 0.0234375
3 0.36171875000000003 0.48203125 0.051562500000000004 0.0171875
