3 0.08671875000000001 0.60078125 0.0390625 0.0921875
3 0.11640625 0.31328125 0.0734375 0.1015625
3 0.18125000000000002 0.3875 0.0625 0.07500000000000001
3 0.26640625 0.5625 0.0578125 0.05
3 0.33828125000000003 0.6648437500000001 0.045312500000000006 0.060937500000000006
3 0.32109375 0.51171875 0.0328125 0.060937500000000006
3 0.33359375 0.29921875000000003 0.08281250000000001 0.2078125
3 0.5390625 0.765625 0.059375000000000004 0.078125
3 0.65625 0.546875 0.140625 0.1625
3 0.56171875 0.29531250000000003 0.08281250000000001 0.16875
3 0.56171875 0.44609375 0.09843750000000001 0.0859375
3 0.496875 0.44375000000000003 0.028125 0.034375
3 0.42265625 0.37031250000000004 0.045312500000000006 0.03125
3 0.6585937500000001 0.153125 0.051562500000000004 0.05
3 0.7132812500000001 0.1265625 0.0390625 0.053125000000000006
3 0.6742187500000001 0.05234375 0.0421875 0.1046875
3 0.6976562500000001 0.7734375 0.1171875 0.16562500000000002
