3 0.07890625000000001 0.83515625 0.0921875 0.1453125
3 0.41953125 0.7609375 0.045312500000000006 0.096875
4 0.4578125 0.5789062500000001 0.05 0.0921875
4 0.44843750000000004 0.27421875 0.03125 0.0484375
4 0.47500000000000003 0.17343750000000002 0.0625 0.10625000000000001
4 0.49843750000000003 0.05625 0.0625 0.08750000000000001
3 0.4109375 0.25703125 0.046875 0.0703125
3 0.35546875 0.35000000000000003 0.029687500000000002 0.040625
3 0.35468750000000004 0.43203125000000003 0.03125 0.08281250000000001
4 0.48515625 0.3765625 0.051562500000000004 0.15000000000000002
4 0.534375 0.7273437500000001 0.05625 0.1328125
4 0.49375 0.83359375 0.078125 0.0765625
