3 0.434375 0.23828125 0.26875 0.30781250000000004
3 0.18046875 0.32890625 0.1265625 0.09531250000000001
3 0.33125000000000004 0.46796875000000004 0.48125 0.13593750000000002
3 0.675 0.30312500000000003 0.21875 0.19375
3 0.4578125 0.61484375 0.25625000000000003 0.11406250000000001
3 0.1609375 0.6039062500000001 0.225 0.1078125
3 0.17578125 0.9070312500000001 0.2078125 0.1171875
3 0.140625 0.9773437500000001 0.23125 0.045312500000000006
3 0.59375 0.84765625 0.1375 0.0921875
3 0.76953125 0.7015625000000001 0.1546875 0.08125
3 0.71484375 0.54453125 0.24531250000000002 0.1484375
3 0.90546875 0.58984375 0.18906250000000002 0.0921875
3 0.94453125 0.72421875 0.0921875 0.1078125
