3 0.49453125000000003 0.30390625000000004 0.2546875 0.22031250000000002
3 0.31484375000000003 0.4859375 0.051562500000000004 0.046875
3 0.8359375 0.5 0.096875 0.1
3 0.7484375000000001 0.6546875000000001 0.08750000000000001 0.08125
3 0.13359375 0.8132812500000001 0.1265625 0.09843750000000001
3 0.29921875000000003 0.7976562500000001 0.2484375 0.09531250000000001
3 0.84140625 0.7703125000000001 0.18281250000000002 0.125
3 0.2171875 0.9484375 0.40937500000000004 0.10312500000000001
3 0.9281250000000001 0.9234375 0.125 0.096875
3 0.65625 0.55390625 0.1375 0.11093750000000001
3 0.78828125 0.95625 0.1328125 0.07187500000000001
