3 0.403125 0.3296875 0.16875 0.215625
3 0.5859375 0.38515625000000003 0.1875 0.1484375
3 0.321875 0.48828125 0.33125000000000004 0.11093750000000001
3 0.19140625 0.58984375 0.1234375 0.0765625
3 0.22421875000000002 0.80078125 0.1453125 0.0765625
3 0.15859375 0.84921875 0.1859375 0.15156250000000002
3 0.35000000000000003 0.90390625 0.07187500000000001 0.0859375
3 0.41250000000000003 0.6023437500000001 0.17500000000000002 0.0765625
3 0.5945312500000001 0.5515625000000001 0.1859375 0.1125
3 0.7156250000000001 0.57734375 0.109375 0.0671875
3 0.61875 0.6468750000000001 0.096875 0.065625
3 0.8421875000000001 0.6664062500000001 0.046875 0.1171875
3 0.22734375 0.40937500000000004 0.11093750000000001 0.08125
