3 0.1171875 0.9390625 0.184375 0.09375
3 0.3203125 0.9539062500000001 0.19375 0.07968750000000001
3 0.19375 0.7046875 0.13125 0.13125
3 0.33906250000000004 0.50234375 0.13125 0.06406250000000001
3 0.45390625 0.9671875000000001 0.060937500000000006 0.05
3 0.74921875 0.93359375 0.1265625 0.051562500000000004
3 0.665625 0.790625 0.10312500000000001 0.05625
3 0.19921875 0.5625 0.0765625 0.043750000000000004
3 0.28984375 0.3453125 0.1859375 0.05
3 0.40390625 0.40468750000000003 0.06406250000000001 0.046875
3 0.5554687500000001 0.51953125 0.2515625 0.09531250000000001
3 0.6234375000000001 0.38125000000000003 0.353125 0.15000000000000002
3 0.4859375 0.296875 0.21875 0.11875000000000001
