3 0.21796875000000002 0.06406250000000001 0.06406250000000001 0.059375000000000004
3 0.14296875 0.055468750000000004 0.029687500000000002 0.0578125
3 0.33671875 0.22734375 0.15156250000000002 0.19843750000000002
3 0.15781250000000002 0.36875 0.1875 0.146875
3 0.18281250000000002 0.5875 0.240625 0.325
3 0.46718750000000003 0.39765625000000004 0.30312500000000003 0.19843750000000002
3 0.48046875 0.7234375000000001 0.3046875 0.384375
3 0.21875 0.95703125 0.13125 0.0859375
3 0.6664062500000001 0.88984375 0.1609375 0.22031250000000002
3 0.49296875 0.9476562500000001 0.1203125 0.1046875
