3 0.37578125 0.3796875 0.1203125 0.059375000000000004
3 0.2625 0.40859375000000003 0.08125 0.0671875
3 0.2171875 0.54609375 0.05 0.026562500000000003
3 0.1171875 0.453125 0.040625 0.040625
3 0.45078125 0.29609375 0.13593750000000002 0.1046875
3 0.55625 0.21484375 0.09062500000000001 0.1453125
3 0.6218750000000001 0.325 0.15625 0.07187500000000001
3 0.8234375 0.30859375 0.06875 0.1171875
3 0.84765625 0.44843750000000004 0.0546875 0.1
3 0.884375 0.55625 0.178125 0.07187500000000001
3 0.7546875000000001 0.5828125000000001 0.065625 0.037500000000000006
3 0.84140625 0.6570312500000001 0.2390625 0.1015625
3 0.74921875 0.7578125 0.11406250000000001 0.171875
3 0.51171875 0.66015625 0.24531250000000002 0.09843750000000001
