3 0.09375 0.8578125000000001 0.171875 0.27187500000000003
3 0.35781250000000003 0.96796875 0.059375000000000004 0.0484375
3 0.48828125 0.953125 0.0703125 0.08125
3 0.7601562500000001 0.7757812500000001 0.0578125 0.1484375
3 0.32890625 0.6414062500000001 0.09531250000000001 0.1296875
3 0.2421875 0.5796875 0.06875 0.08125
3 0.77265625 0.49921875000000004 0.0765625 0.08281250000000001
3 0.525 0.3953125 0.10625000000000001 0.171875
3 0.63046875 0.3796875 0.1046875 0.15000000000000002
3 0.9015625 0.49921875000000004 0.06875 0.0921875
3 0.978125 0.5265625 0.043750000000000004 0.140625
3 0.95703125 0.4078125 0.0328125 0.084375
3 0.9578125000000001 0.15937500000000002 0.040625 0.13125
3 0.58125 0.9046875000000001 0.043750000000000004 0.065625
