3 0.32734375000000004 0.64609375 0.07968750000000001 0.09531250000000001
5 0.23515625 0.54453125 0.0890625 0.11093750000000001
5 0.21171875 0.721875 0.0859375 0.19062500000000002
5 0.23671875 0.8695312500000001 0.08281250000000001 0.1703125
5 0.31328125 0.9187500000000001 0.0390625 0.1625
5 0.35781250000000003 0.853125 0.037500000000000006 0.15000000000000002
3 0.34218750000000003 0.6546875000000001 0.08125 0.15937500000000002
3 0.5242187500000001 0.9140625 0.08281250000000001 0.171875
3 0.66328125 0.7406250000000001 0.026562500000000003 0.10625000000000001
3 0.7453125 0.89765625 0.046875 0.1421875
2 0.58359375 0.20078125000000002 0.0703125 0.2015625
2 0.6492187500000001 0.041406250000000006 0.09843750000000001 0.08281250000000001
2 0.28671875 0.1609375 0.060937500000000006 0.178125
