3 0.48125 0.20468750000000002 0.07187500000000001 0.09062500000000001
3 0.7132812500000001 0.37109375 0.1078125 0.1609375
3 0.7976562500000001 0.15625 0.0859375 0.096875
3 0.84765625 0.81953125 0.1640625 0.2828125
3 0.9484375 0.40390625 0.037500000000000006 0.09531250000000001
4 0.41015625 0.296875 0.0703125 0.11875000000000001
4 0.45 0.55703125 0.07187500000000001 0.1171875
4 0.43359375 0.4390625 0.0546875 0.11875000000000001
4 0.5453125 0.3875 0.0625 0.096875
4 0.52578125 0.59140625 0.0421875 0.0671875
4 0.52734375 0.49921875000000004 0.0390625 0.1046875
4 0.56015625 0.49062500000000003 0.029687500000000002 0.08750000000000001
4 0.49296875 0.7367187500000001 0.08281250000000001 0.1484375
