3 0.6882812500000001 0.24921875000000002 0.026562500000000003 0.0421875
3 0.3875 0.47578125000000004 0.040625 0.09843750000000001
3 0.39140625 0.20078125000000002 0.0171875 0.08281250000000001
3 0.66015625 0.171875 0.029687500000000002 0.09062500000000001
4 0.6703125000000001 0.9242187500000001 0.05 0.1078125
3 0.6429687500000001 0.92734375 0.010937500000000001 0.0546875
4 0.5984375000000001 0.37421875000000004 0.084375 0.13593750000000002
3 0.44375000000000003 0.24296875 0.040625 0.0546875
4 0.640625 0.6484375 0.065625 0.10312500000000001
4 0.6703125000000001 0.77734375 0.0625 0.1640625
4 0.58359375 0.8125 0.09531250000000001 0.146875
4 0.55 0.665625 0.084375 0.14375000000000002
3 0.5390625 0.6117187500000001 0.037500000000000006 0.0234375
4 0.49375 0.290625 0.09062500000000001 0.109375
4 0.44843750000000004 0.5921875 0.05625 0.10312500000000001
4 0.38125000000000003 0.6078125000000001 0.07187500000000001 0.10625000000000001
4 0.628125 0.06875 0.09062500000000001 0.09062500000000001
4 0.51328125 0.1 0.09843750000000001 0.07500000000000001
4 0.55625 0.02109375 0.07187500000000001 0.0421875
3 0.184375 0.95859375 0.05 0.07968750000000001
