3 0.88671875 0.70859375 0.08281250000000001 0.2234375
3 0.9867187500000001 0.6796875 0.026562500000000003 0.15937500000000002
3 0.9789062500000001 0.44296875 0.029687500000000002 0.0765625
3 0.6828125 0.23828125 0.084375 0.0765625
3 0.5984375000000001 0.23046875 0.084375 0.0921875
3 0.6570312500000001 0.07578125000000001 0.1078125 0.0671875
3 0.42421875000000003 0.31015625 0.2390625 0.17343750000000002
3 0.48515625 0.134375 0.15781250000000002 0.16875
3 0.41015625 0.43281250000000004 0.1328125 0.140625
3 0.24296875 0.68671875 0.4765625 0.34218750000000003
3 0.56796875 0.4703125 0.15156250000000002 0.16562500000000002
3 0.60546875 0.94453125 0.1390625 0.09843750000000001
