3 0.80078125 0.35781250000000003 0.0703125 0.1875
3 0.70703125 0.7445312500000001 0.0546875 0.09843750000000001
4 0.4296875 0.9234375 0.18125000000000002 0.153125
4 0.64765625 0.9304687500000001 0.1328125 0.1390625
3 0.17265625 0.265625 0.060937500000000006 0.059375000000000004
3 0.484375 0.3328125 0.084375 0.10312500000000001
4 0.153125 0.1546875 0.15937500000000002 0.309375
4 0.34296875000000004 0.08359375000000001 0.1796875 0.16718750000000002
4 0.44609375 0.225 0.1859375 0.353125
4 0.64609375 0.18671875000000002 0.1171875 0.2546875
4 0.76875 0.1171875 0.15937500000000002 0.234375
4 0.55078125 0.7039062500000001 0.06406250000000001 0.2421875
4 0.69296875 0.5164062500000001 0.09843750000000001 0.26406250000000003
