3 0.90546875 0.15625 0.18906250000000002 0.3125
3 0.7875000000000001 0.6531250000000001 0.084375 0.12812500000000002
3 0.99375 0.54140625 0.0125 0.11093750000000001
3 0.32421875 0.16015625 0.1921875 0.3203125
3 0.2828125 0.44921875 0.290625 0.20468750000000002
3 0.70078125 0.9875 0.0890625 0.025
3 0.8562500000000001 0.8617187500000001 0.07187500000000001 0.0890625
3 0.10546875 0.6414062500000001 0.1921875 0.3640625
3 0.1203125 0.9125000000000001 0.059375000000000004 0.046875
3 0.50390625 0.40234375 0.026562500000000003 0.045312500000000006
