3 0.1421875 0.2984375 0.09062500000000001 0.096875
3 0.47187500000000004 0.546875 0.043750000000000004 0.109375
3 0.66015625 0.7875000000000001 0.0484375 0.06875
3 0.56640625 0.465625 0.0546875 0.034375
3 0.8015625000000001 0.359375 0.08125 0.053125000000000006
3 0.84140625 0.171875 0.1046875 0.046875
3 0.97265625 0.1234375 0.0546875 0.06875
3 0.88203125 0.09921875000000001 0.060937500000000006 0.09843750000000001
3 0.5320312500000001 0.33671875 0.0921875 0.1703125
3 0.43125 0.33515625000000004 0.09375 0.1296875
3 0.7445312500000001 0.025 0.1421875 0.05
3 0.21171875 0.09296875 0.1234375 0.0890625
3 0.38515625000000003 0.07500000000000001 0.1421875 0.08750000000000001
3 0.30625 0.015625 0.1375 0.03125
3 0.525 0.17890625000000002 0.025 0.0328125
3 0.7828125 0.41640625000000003 0.040625 0.0421875
