3 0.11796875000000001 0.92890625 0.21406250000000002 0.09531250000000001
3 0.12734375 0.8234375 0.09843750000000001 0.14375000000000002
3 0.2265625 0.69296875 0.1375 0.13593750000000002
3 0.15234375 0.353125 0.20468750000000002 0.109375
3 0.26640625 0.225 0.1453125 0.140625
3 0.3671875 0.23984375000000002 0.171875 0.15781250000000002
3 0.32265625000000003 0.40156250000000004 0.07968750000000001 0.078125
3 0.39609375 0.32656250000000003 0.0765625 0.059375000000000004
3 0.17734375000000002 0.5140625 0.1171875 0.059375000000000004
3 0.29609375 0.49296875 0.0671875 0.0578125
3 0.7125 0.49921875000000004 0.15937500000000002 0.07968750000000001
3 0.7875000000000001 0.42890625000000004 0.12812500000000002 0.1265625
3 0.909375 0.32343750000000004 0.18125000000000002 0.14375000000000002
3 0.6257812500000001 0.7453125 0.2171875 0.234375
3 0.8859375 0.58515625 0.22812500000000002 0.1078125
3 0.9085937500000001 0.7718750000000001 0.18281250000000002 0.1875
3 0.43046875 0.07187500000000001 0.2765625 0.14375000000000002
3 0.6335937500000001 0.09531250000000001 0.0921875 0.08125
