2 0.35703125 0.48125 0.0890625 0.1875
2 0.46718750000000003 0.40234375 0.07500000000000001 0.17343750000000002
2 0.49140625000000004 0.23593750000000002 0.1078125 0.125
2 0.5632812500000001 0.31015625 0.1203125 0.1640625
2 0.63671875 0.35000000000000003 0.0671875 0.12812500000000002
2 0.4703125 0.7195312500000001 0.05 0.1953125
2 0.55390625 0.6359375 0.0890625 0.215625
2 0.65 0.59921875 0.06875 0.2078125
2 0.40234375 0.6703125000000001 0.0765625 0.171875
2 0.35000000000000003 0.7015625000000001 0.018750000000000003 0.125
2 0.3453125 0.58984375 0.034375 0.06406250000000001
