3 0.10078125 0.11875000000000001 0.1640625 0.23750000000000002
3 0.06171875 0.2484375 0.11406250000000001 0.28125
4 0.23828125 0.15859375 0.1421875 0.3171875
2 0.34375 0.20390625 0.07500000000000001 0.35781250000000003
3 0.32343750000000004 0.57578125 0.046875 0.07968750000000001
3 0.45234375000000004 0.53828125 0.035937500000000004 0.08281250000000001
3 0.41796875 0.8859375 0.0578125 0.1125
3 0.325 0.68359375 0.040625 0.1265625
3 0.51796875 0.6265625 0.0328125 0.08125
3 0.64765625 0.28046875 0.1265625 0.2328125
4 0.6984375 0.11328125 0.059375000000000004 0.11406250000000001
4 0.6273437500000001 0.40390625 0.1921875 0.5953125
4 0.80234375 0.3765625 0.1328125 0.390625
3 0.62265625 0.70078125 0.035937500000000004 0.1046875
