3 0.35390625000000003 0.265625 0.0484375 0.096875
3 0.3015625 0.65625 0.046875 0.059375000000000004
3 0.33828125000000003 0.46406250000000004 0.0484375 0.146875
3 0.3125 0.8695312500000001 0.096875 0.11406250000000001
3 0.496875 0.71875 0.065625 0.078125
3 0.8562500000000001 0.5867187500000001 0.021875000000000002 0.0890625
4 0.3640625 0.028125 0.1 0.05625
4 0.48984375 0.1125 0.1859375 0.225
4 0.31640625 0.2859375 0.1390625 0.209375
4 0.41015625 0.39375000000000004 0.06406250000000001 0.096875
4 0.37421875000000004 0.46718750000000003 0.11093750000000001 0.30312500000000003
4 0.6000000000000001 0.32343750000000004 0.05625 0.15000000000000002
4 0.69453125 0.23828125 0.0765625 0.2015625
4 0.5859375 0.6703125000000001 0.046875 0.09062500000000001
4 0.59375 0.78828125 0.053125000000000006 0.11406250000000001
4 0.5234375 0.9625 0.07500000000000001 0.07500000000000001
4 0.6109375 0.91953125 0.0625 0.1609375
4 0.6468750000000001 0.54453125 0.07187500000000001 0.1078125
4 0.7046875 0.515625 0.037500000000000006 0.07500000000000001
4 0.7375 0.5625 0.07187500000000001 0.14375000000000002
4 0.27734375 0.6515625 0.1296875 0.23750000000000002
