3 0.703125 0.63671875 0.065625 0.1203125
3 0.609375 0.6125 0.05625 0.140625
3 0.5421875 0.6078125000000001 0.043750000000000004 0.065625
3 0.6179687500000001 0.9734375000000001 0.045312500000000006 0.053125000000000006
3 0.27578125000000003 0.67734375 0.0421875 0.0890625
3 0.38125000000000003 0.59921875 0.03125 0.060937500000000006
4 0.5789062500000001 0.33515625000000004 0.051562500000000004 0.1453125
4 0.52265625 0.525 0.08281250000000001 0.115625
4 0.49062500000000003 0.66171875 0.059375000000000004 0.1296875
4 0.453125 0.5632812500000001 0.05 0.11406250000000001
4 0.48203125 0.4078125 0.0203125 0.07187500000000001
4 0.578125 0.30312500000000003 0.034375 0.10312500000000001
4 0.41718750000000004 0.04453125 0.05625 0.0890625
4 0.44843750000000004 0.44375000000000003 0.037500000000000006 0.10312500000000001
4 0.41875 0.52265625 0.046875 0.09843750000000001
