3 0.0859375 0.42578125 0.05625 0.1484375
3 0.14140625 0.6726562500000001 0.0484375 0.1046875
3 0.29296875 0.5 0.15156250000000002 0.171875
3 0.27890625 0.6976562500000001 0.045312500000000006 0.0921875
3 0.31875000000000003 0.58359375 0.034375 0.051562500000000004
3 0.34453125 0.71015625 0.0703125 0.1171875
3 0.45 0.46171875 0.084375 0.09843750000000001
3 0.53671875 0.63671875 0.0546875 0.0734375
3 0.55390625 0.5828125000000001 0.0765625 0.1
3 0.49921875000000004 0.38515625000000003 0.1078125 0.0859375
3 0.9125000000000001 0.63828125 0.17500000000000002 0.19843750000000002
3 0.6156250000000001 0.41484375 0.06875 0.13593750000000002
3 0.52578125 0.83515625 0.0671875 0.0859375
3 0.6078125000000001 0.8031250000000001 0.037500000000000006 0.0625
3 0.59296875 0.66953125 0.0546875 0.11406250000000001
