3 0.08828125 0.75546875 0.1203125 0.2078125
3 0.041406250000000006 0.4375 0.08281250000000001 0.08125
3 0.15703125 0.27734375 0.1609375 0.17343750000000002
3 0.3515625 0.7250000000000001 0.059375000000000004 0.07500000000000001
3 0.4859375 0.9125000000000001 0.134375 0.1125
3 0.5765625 0.7742187500000001 0.043750000000000004 0.0578125
3 0.6515625 0.6765625000000001 0.037500000000000006 0.053125000000000006
3 0.6671875 0.6000000000000001 0.053125000000000006 0.0625
3 0.7210937500000001 0.65625 0.029687500000000002 0.053125000000000006
3 0.76484375 0.7898437500000001 0.15781250000000002 0.1203125
