3 0.61328125 0.049218750000000006 0.0546875 0.09531250000000001
3 0.47890625000000003 0.48125 0.0484375 0.07187500000000001
4 0.515625 0.63828125 0.05625 0.11406250000000001
4 0.51171875 0.39765625000000004 0.060937500000000006 0.17343750000000002
4 0.54609375 0.22421875000000002 0.0484375 0.1015625
4 0.47968750000000004 0.753125 0.065625 0.09375
3 0.65390625 0.43125 0.026562500000000003 0.08750000000000001
2 0.784375 0.43359375 0.043750000000000004 0.0859375
3 0.48359375000000004 0.11640625 0.0234375 0.0390625
3 0.48203125 0.36171875000000003 0.0171875 0.051562500000000004
