3 0.0703125 0.01953125 0.13125 0.035937500000000004
3 0.19296875000000002 0.1375 0.1203125 0.178125
3 0.028125 0.15546875000000002 0.05625 0.1703125
3 0.31640625 0.74921875 0.3015625 0.3046875
3 0.5234375 0.9390625 0.08750000000000001 0.12187500000000001
3 0.41328125000000004 0.96640625 0.0734375 0.0671875
3 0.33203125 0.22578125000000002 0.1296875 0.2109375
3 0.67578125 0.1328125 0.1015625 0.234375
3 0.5164062500000001 0.37734375000000003 0.0765625 0.0765625
3 0.6375000000000001 0.3328125 0.078125 0.08750000000000001
3 0.7132812500000001 0.42265625 0.0546875 0.09531250000000001
3 0.76328125 0.321875 0.1203125 0.27187500000000003
