4 0.23828125 0.15234375 0.1546875 0.3046875
4 0.321875 0.28359375000000003 0.15937500000000002 0.3796875
4 0.35625 0.06484375 0.12187500000000001 0.1296875
4 0.41015625 0.084375 0.0546875 0.125
2 0.47734375 0.053125000000000006 0.0765625 0.10625000000000001
2 0.42734375 0.35859375000000004 0.09843750000000001 0.2828125
2 0.5625 0.6976562500000001 0.08750000000000001 0.1953125
2 0.5828125000000001 0.87890625 0.15625 0.2421875
2 0.7406250000000001 0.30859375 0.059375000000000004 0.15156250000000002
2 0.7937500000000001 0.41640625000000003 0.12812500000000002 0.3171875
3 0.53046875 0.21328125 0.0578125 0.11406250000000001
3 0.4703125 0.6359375 0.134375 0.30312500000000003
3 0.5828125000000001 0.62265625 0.065625 0.1421875
3 0.45703125 0.8859375 0.13593750000000002 0.22812500000000002
3 0.5437500000000001 0.9656250000000001 0.06875 0.06875
4 0.8226562500000001 0.9304687500000001 0.2078125 0.1390625
4 0.8226562500000001 0.9296875 0.2078125 0.140625
