3 0.9390625 0.79609375 0.09062500000000001 0.060937500000000006
3 0.9085937500000001 0.87890625 0.07968750000000001 0.09531250000000001
3 0.8031250000000001 0.9148437500000001 0.037500000000000006 0.0328125
3 0.6453125000000001 0.7757812500000001 0.034375 0.0765625
3 0.7132812500000001 0.45 0.051562500000000004 0.05625
3 0.29921875000000003 0.56953125 0.06406250000000001 0.09531250000000001
3 0.3515625 0.02890625 0.06875 0.0546875
3 0.21796875000000002 0.27265625 0.15781250000000002 0.09843750000000001
3 0.14765625000000002 0.4 0.0859375 0.225
3 0.04453125 0.2546875 0.0890625 0.15000000000000002
