3 0.19687500000000002 0.31562500000000004 0.03125 0.07500000000000001
3 0.24140625000000002 0.19453125000000002 0.060937500000000006 0.1640625
3 0.5281250000000001 0.353125 0.034375 0.096875
3 0.5789062500000001 0.25078125 0.0578125 0.07968750000000001
3 0.6765625000000001 0.3609375 0.03125 0.15000000000000002
3 0.6609375000000001 0.17265625 0.040625 0.1296875
3 0.6515625 0.665625 0.065625 0.184375
4 0.5632812500000001 0.8515625 0.09531250000000001 0.134375
4 0.6625000000000001 0.8835937500000001 0.125 0.1640625
4 0.765625 0.675 0.1125 0.40625
4 0.4390625 0.415625 0.16562500000000002 0.203125
4 0.24375000000000002 0.5984375000000001 0.13125 0.28125
4 0.3203125 0.58359375 0.0625 0.18906250000000002
4 0.18906250000000002 0.08750000000000001 0.13125 0.17500000000000002
4 0.39296875000000003 0.084375 0.19843750000000002 0.146875
4 0.54140625 0.60078125 0.09531250000000001 0.22031250000000002
4 0.6687500000000001 0.62109375 0.09375 0.32343750000000004
