3 0.08515625 0.0703125 0.1421875 0.140625
3 0.2078125 0.25078125 0.12187500000000001 0.08281250000000001
3 0.28359375000000003 0.05234375 0.22968750000000002 0.1015625
3 0.88984375 0.07578125000000001 0.1765625 0.15156250000000002
3 0.978125 0.14921875 0.043750000000000004 0.21406250000000002
3 0.50703125 0.041406250000000006 0.22031250000000002 0.08281250000000001
3 0.0734375 0.5476562500000001 0.12187500000000001 0.0765625
3 0.10390625 0.6843750000000001 0.1796875 0.19687500000000002
3 0.25234375000000003 0.6492187500000001 0.1765625 0.1390625
3 0.91328125 0.35781250000000003 0.1703125 0.11875000000000001
3 0.43359375 0.69921875 0.17343750000000002 0.1078125
