3 0.8523437500000001 0.035937500000000004 0.2015625 0.07187500000000001
3 0.83203125 0.11796875000000001 0.2265625 0.23593750000000002
3 0.60078125 0.05234375 0.11093750000000001 0.1046875
3 0.7078125000000001 0.15390625000000002 0.084375 0.11093750000000001
3 0.4703125 0.029687500000000002 0.08125 0.059375000000000004
3 0.46015625000000004 0.6062500000000001 0.11406250000000001 0.22812500000000002
3 0.5609375 0.7117187500000001 0.18125000000000002 0.18281250000000002
3 0.7109375 0.87890625 0.20625000000000002 0.2421875
3 0.1390625 0.48281250000000003 0.278125 0.3125
3 0.3375 0.8453125 0.153125 0.309375
3 0.10234375000000001 0.8773437500000001 0.20468750000000002 0.24531250000000002
3 0.984375 0.203125 0.03125 0.39687500000000003
3 0.9906250000000001 0.49296875 0.018750000000000003 0.1328125
