3 0.6312500000000001 0.5359375000000001 0.07187500000000001 0.153125
3 0.12187500000000001 0.13203125000000002 0.06875 0.17343750000000002
3 0.4890625 0.978125 0.040625 0.043750000000000004
4 0.27734375 0.7125 0.1390625 0.246875
4 0.4765625 0.8390625 0.153125 0.215625
4 0.125 0.11328125 0.1 0.2265625
4 0.17890625000000002 0.328125 0.11406250000000001 0.18125000000000002
4 0.26953125 0.0484375 0.16718750000000002 0.096875
3 0.43671875000000004 0.4703125 0.0671875 0.084375
4 0.325 0.209375 0.15937500000000002 0.225
