3 0.7875000000000001 0.03828125 0.16562500000000002 0.0703125
3 0.8968750000000001 0.08984375 0.2 0.1703125
3 0.753125 0.2015625 0.15625 0.1375
3 0.6265625 0.09921875000000001 0.1125 0.09531250000000001
3 0.5554687500000001 0.27187500000000003 0.1703125 0.09062500000000001
3 0.06406250000000001 0.109375 0.125 0.10312500000000001
3 0.39453125 0.34375 0.09531250000000001 0.14375000000000002
3 0.55625 0.46875 0.11875000000000001 0.08750000000000001
3 0.51328125 0.36562500000000003 0.0890625 0.084375
3 0.48828125 0.5125000000000001 0.0859375 0.0625
3 0.81015625 0.36015625 0.16718750000000002 0.2484375
3 0.72265625 0.4765625 0.11406250000000001 0.065625
3 0.625 0.5421875 0.1 0.046875
3 0.31328125 0.6468750000000001 0.2265625 0.07187500000000001
3 0.09453125000000001 0.66015625 0.1859375 0.07968750000000001
3 0.17265625 0.55703125 0.09531250000000001 0.060937500000000006
3 0.0703125 0.58515625 0.1 0.0484375
3 0.22968750000000002 0.703125 0.096875 0.07500000000000001
3 0.49453125000000003 0.7195312500000001 0.08281250000000001 0.0734375
3 0.58515625 0.6820312500000001 0.060937500000000006 0.045312500000000006
