2 0.7937500000000001 0.4265625 0.078125 0.146875
2 0.71640625 0.41953125 0.0484375 0.08281250000000001
2 0.7273437500000001 0.3046875 0.060937500000000006 0.084375
3 0.6570312500000001 0.4734375 0.0546875 0.11875000000000001
3 0.7203125 0.6515625 0.053125000000000006 0.096875
4 0.46953125 0.775 0.1078125 0.09062500000000001
4 0.40937500000000004 0.6859375000000001 0.0625 0.10312500000000001
4 0.65 0.1171875 0.0625 0.134375
4 0.55078125 0.09921875000000001 0.0546875 0.1453125
3 0.45859375 0.39765625000000004 0.0234375 0.0578125
