3 0.1171875 0.07421875 0.109375 0.1484375
3 0.3359375 0.47265625 0.153125 0.11093750000000001
3 0.59375 0.27734375 0.0625 0.09531250000000001
3 0.634375 0.17578125 0.05 0.09843750000000001
3 0.7046875 0.2109375 0.096875 0.19062500000000002
3 0.6703125000000001 0.43984375000000003 0.078125 0.2171875
3 0.7273437500000001 0.36328125 0.0859375 0.09843750000000001
3 0.721875 0.6492187500000001 0.078125 0.0671875
3 0.6726562500000001 0.7375 0.045312500000000006 0.065625
3 0.3609375 0.5859375 0.08750000000000001 0.109375
3 0.45078125 0.6531250000000001 0.0921875 0.11875000000000001
3 0.51015625 0.58828125 0.0578125 0.07968750000000001
3 0.53125 0.7453125 0.07500000000000001 0.125
3 0.4390625 0.828125 0.10312500000000001 0.12187500000000001
3 0.13828125 0.83203125 0.1640625 0.1546875
3 0.05078125 0.675 0.07968750000000001 0.140625
3 0.23750000000000002 0.62890625 0.10625000000000001 0.18281250000000002
3 0.035937500000000004 0.9296875 0.065625 0.134375
3 0.30703125000000003 0.91015625 0.2609375 0.1609375
3 0.45234375000000004 0.8289062500000001 0.06406250000000001 0.09843750000000001
