3 0.09375 0.4140625 0.134375 0.06875
3 0.39609375 0.23984375000000002 0.0390625 0.010937500000000001
2 0.95625 0.65546875 0.08125 0.0484375
2 0.95703125 0.6984375 0.0765625 0.034375
2 0.88671875 0.696875 0.060937500000000006 0.034375
3 0.31562500000000004 0.4625 0.046875 0.028125
3 0.34765625 0.48203125 0.029687500000000002 0.026562500000000003
3 0.253125 0.4578125 0.025 0.025
3 0.2765625 0.478125 0.03125 0.009375000000000001
3 0.32265625000000003 0.29140625000000003 0.08281250000000001 0.0203125
