3 0.09609375 0.23359375000000002 0.1015625 0.08281250000000001
3 0.032031250000000004 0.3484375 0.06406250000000001 0.184375
3 0.30234375 0.11406250000000001 0.1484375 0.22812500000000002
3 0.4703125 0.05859375 0.140625 0.1171875
3 0.66796875 0.10859375 0.1921875 0.2171875
3 0.8406250000000001 0.55 0.065625 0.15625
3 0.90234375 0.50546875 0.06406250000000001 0.0859375
3 0.92890625 0.6312500000000001 0.0921875 0.1375
3 0.9859375 0.728125 0.028125 0.13125
3 0.5859375 0.7296875 0.109375 0.246875
3 0.49609375 0.9515625000000001 0.1859375 0.09375
3 0.6015625 0.9632812500000001 0.0625 0.0734375
3 0.66171875 0.9578125000000001 0.035937500000000004 0.0625
3 0.93359375 0.98359375 0.09843750000000001 0.0328125
3 0.9203125000000001 0.8250000000000001 0.07187500000000001 0.18125000000000002
3 0.7585937500000001 0.9125000000000001 0.0484375 0.0625
3 0.75703125 0.26796875000000003 0.051562500000000004 0.035937500000000004
3 0.6578125 0.3875 0.046875 0.053125000000000006
