3 0.7523437500000001 0.14375000000000002 0.0421875 0.059375000000000004
3 0.63984375 0.2703125 0.0546875 0.0625
3 0.765625 0.290625 0.040625 0.05625
3 0.70078125 0.4390625 0.060937500000000006 0.08125
3 0.7078125000000001 0.5476562500000001 0.06875 0.0859375
3 0.6453125000000001 0.5125000000000001 0.115625 0.14375000000000002
3 0.65546875 0.6429687500000001 0.1203125 0.1609375
3 0.65234375 0.8054687500000001 0.1703125 0.2421875
3 0.5375 0.728125 0.15937500000000002 0.19687500000000002
3 0.41015625 0.30078125 0.20468750000000002 0.24531250000000002
3 0.23593750000000002 0.33046875000000003 0.134375 0.1953125
3 0.22578125000000002 0.47578125000000004 0.1765625 0.2015625
3 0.32109375 0.5328125 0.051562500000000004 0.06875
3 0.26640625 0.6390625000000001 0.16718750000000002 0.19687500000000002
3 0.34296875000000004 0.71015625 0.1046875 0.1484375
3 0.44765625000000003 0.83203125 0.1046875 0.1546875
7 0.58203125 0.921875 0.1171875 0.15000000000000002
