3 0.49062500000000003 0.05390625 0.034375 0.0546875
3 0.58046875 0.16484375 0.051562500000000004 0.0671875
3 0.6765625000000001 0.503125 0.07500000000000001 0.1125
3 0.36328125 0.4390625 0.0546875 0.07187500000000001
3 0.41640625000000003 0.12890625 0.0390625 0.0484375
3 0.18203125 0.15000000000000002 0.1390625 0.09375
3 0.6976562500000001 0.8046875 0.1703125 0.19375
3 0.3609375 0.56015625 0.09062500000000001 0.18906250000000002
3 0.2265625 0.55234375 0.16875 0.1859375
3 0.40703125 0.63828125 0.0578125 0.0578125
