3 0.33515625000000004 0.9703125 0.1640625 0.059375000000000004
3 0.703125 0.36562500000000003 0.140625 0.20625000000000002
3 0.940625 0.7156250000000001 0.1 0.13125
3 0.67890625 0.56484375 0.0921875 0.1296875
3 0.7507812500000001 0.6312500000000001 0.08281250000000001 0.125
3 0.8132812500000001 0.55 0.1421875 0.225
3 0.7718750000000001 0.41171875 0.1125 0.1546875
3 0.38515625000000003 0.56171875 0.16718750000000002 0.19843750000000002
3 0.37031250000000004 0.4453125 0.125 0.16875
3 0.4453125 0.33125000000000004 0.15625 0.209375
3 0.6531250000000001 0.14609375 0.10312500000000001 0.1265625
3 0.32734375000000004 0.19062500000000002 0.1171875 0.16562500000000002
3 0.446875 0.18203125 0.115625 0.1796875
3 0.23515625 0.178125 0.1859375 0.2
3 0.11328125 0.22734375 0.1265625 0.1234375
3 0.08281250000000001 0.36015625 0.16562500000000002 0.24531250000000002
3 0.17265625 0.328125 0.0734375 0.096875
3 0.225 0.48515625 0.16562500000000002 0.24531250000000002
3 0.05859375 0.5671875000000001 0.1171875 0.18125000000000002
3 0.5242187500000001 0.6195312500000001 0.0703125 0.1046875
