3 0.4609375 0.037500000000000006 0.09062500000000001 0.0625
3 0.92734375 0.08828125 0.13593750000000002 0.1640625
3 0.88828125 0.2578125 0.1703125 0.225
3 0.91328125 0.49453125000000003 0.1640625 0.26406250000000003
3 0.6257812500000001 0.25234375000000003 0.2515625 0.18281250000000002
3 0.92109375 0.76171875 0.1484375 0.2234375
3 0.784375 0.65 0.215625 0.115625
3 0.5578125 0.53125 0.359375 0.22812500000000002
3 0.5296875 0.6687500000000001 0.09062500000000001 0.09375
3 0.38125000000000003 0.6648437500000001 0.0625 0.1421875
3 0.3125 0.7820312500000001 0.125 0.1046875
3 0.35078125000000004 0.43984375000000003 0.1640625 0.1203125
3 0.028125 0.58046875 0.05625 0.0671875
3 0.03828125 0.76484375 0.0734375 0.20468750000000002
3 0.1078125 0.91328125 0.043750000000000004 0.0703125
3 0.07265625 0.97421875 0.0421875 0.051562500000000004
3 0.0234375 0.9328125 0.046875 0.134375
3 0.45625000000000004 0.22031250000000002 0.10312500000000001 0.253125
3 0.465625 0.4421875 0.084375 0.08125
3 0.40703125 0.35000000000000003 0.051562500000000004 0.08125
3 0.30625 0.19765625 0.23125 0.38593750000000004
3 0.32343750000000004 0.6351562500000001 0.053125000000000006 0.07968750000000001
