3 0.2609375 0.17265625 0.521875 0.3453125
3 0.83203125 0.022656250000000003 0.15156250000000002 0.045312500000000006
3 0.9734375000000001 0.37812500000000004 0.053125000000000006 0.265625
3 0.39453125 0.44140625 0.1796875 0.1328125
3 0.5859375 0.49531250000000004 0.259375 0.12187500000000001
3 0.34140625 0.5796875 0.31093750000000003 0.265625
3 0.33906250000000004 0.8148437500000001 0.209375 0.1953125
3 0.51875 0.77890625 0.1125 0.13593750000000002
3 0.53671875 0.94296875 0.1390625 0.11406250000000001
3 0.6265625 0.80390625 0.1 0.1046875
