3 0.1015625 0.6257812500000001 0.078125 0.1234375
3 0.15703125 0.73203125 0.0703125 0.0734375
3 0.37812500000000004 0.8601562500000001 0.10625000000000001 0.26406250000000003
3 0.58203125 0.9789062500000001 0.0578125 0.029687500000000002
3 0.48671875000000003 0.9140625 0.1046875 0.15625
3 0.61484375 0.90625 0.09843750000000001 0.09062500000000001
3 0.6257812500000001 0.8054687500000001 0.09531250000000001 0.1046875
3 0.5984375000000001 0.6375000000000001 0.028125 0.034375
3 0.7390625000000001 0.6023437500000001 0.06875 0.06406250000000001
3 0.7796875000000001 0.50625 0.040625 0.10312500000000001
3 0.59296875 0.33359375 0.11406250000000001 0.20468750000000002
3 0.546875 0.15390625000000002 0.07187500000000001 0.045312500000000006
3 0.6195312500000001 0.09609375 0.0546875 0.1921875
3 0.66796875 0.08125 0.045312500000000006 0.1625
3 0.7203125 0.20468750000000002 0.046875 0.059375000000000004
3 0.859375 0.44765625000000003 0.078125 0.08281250000000001
3 0.93359375 0.37890625 0.1015625 0.1015625
3 0.8484375000000001 0.30078125 0.03125 0.13593750000000002
7 0.91171875 0.2078125 0.0484375 0.07500000000000001
3 0.89609375 0.13125 0.0765625 0.040625
3 0.72421875 0.20390625 0.035937500000000004 0.0390625
3 0.721875 0.10703125000000001 0.034375 0.060937500000000006
3 0.6781250000000001 0.7367187500000001 0.028125 0.0390625
