3 0.1453125 0.9453125 0.20625000000000002 0.09062500000000001
3 0.8265625000000001 0.78828125 0.10312500000000001 0.13593750000000002
3 0.91328125 0.6507812500000001 0.1484375 0.1328125
3 0.9164062500000001 0.06484375 0.1328125 0.1078125
3 0.8859375 0.14765625000000002 0.1625 0.07968750000000001
3 0.7273437500000001 0.02890625 0.1234375 0.0578125
3 0.5625 0.7734375 0.45 0.115625
3 0.12187500000000001 0.8046875 0.24375000000000002 0.10312500000000001
3 0.634375 0.58203125 0.696875 0.3171875
3 0.31093750000000003 0.3015625 0.45625000000000004 0.384375
3 0.12812500000000002 0.73828125 0.20625000000000002 0.051562500000000004
3 0.19765625 0.5515625000000001 0.16718750000000002 0.1125
