3 0.9640625 0.045312500000000006 0.059375000000000004 0.078125
3 0.55078125 0.04296875 0.08281250000000001 0.08281250000000001
3 0.48671875000000003 0.022656250000000003 0.035937500000000004 0.0390625
3 0.44765625000000003 0.15078125 0.029687500000000002 0.0328125
3 0.53359375 0.22421875000000002 0.0203125 0.060937500000000006
3 0.634375 0.48359375000000004 0.084375 0.2171875
3 0.7195312500000001 0.6570312500000001 0.1421875 0.060937500000000006
3 0.64453125 0.7421875 0.0546875 0.18125000000000002
3 0.421875 0.29296875 0.053125000000000006 0.0734375
3 0.4 0.38593750000000004 0.05 0.10625000000000001
3 0.35546875 0.34765625 0.0390625 0.0765625
3 0.34218750000000003 0.45546875000000003 0.08125 0.0921875
3 0.2578125 0.5476562500000001 0.10625000000000001 0.1046875
3 0.36015625 0.6015625 0.0703125 0.140625
3 0.5609375 0.7976562500000001 0.059375000000000004 0.1703125
3 0.49453125000000003 0.6585937500000001 0.0390625 0.0421875
3 0.44375000000000003 0.7273437500000001 0.07187500000000001 0.07968750000000001
3 0.35703125 0.7507812500000001 0.07968750000000001 0.0671875
7 0.24531250000000002 0.6742187500000001 0.053125000000000006 0.0921875
3 0.571875 0.6796875 0.034375 0.059375000000000004
