3 0.46796875000000004 0.80625 0.20468750000000002 0.35625
3 0.6843750000000001 0.84765625 0.153125 0.1765625
3 0.29453125 0.5164062500000001 0.08281250000000001 0.11406250000000001
3 0.55234375 0.09765625 0.11093750000000001 0.1453125
3 0.42265625 0.02734375 0.1765625 0.0546875
3 0.35234375 0.16796875 0.1703125 0.11093750000000001
3 0.66015625 0.48359375000000004 0.0890625 0.0859375
3 0.759375 0.5632812500000001 0.109375 0.16718750000000002
3 0.8671875 0.44843750000000004 0.125 0.109375
3 0.940625 0.19140625 0.115625 0.31093750000000003
