3 0.40703125 0.43046875 0.0671875 0.1046875
3 0.44296875 0.5796875 0.0921875 0.18125000000000002
3 0.49609375 0.5789062500000001 0.0765625 0.18906250000000002
3 0.53515625 0.5359375000000001 0.029687500000000002 0.09375
3 0.5867187500000001 0.7578125 0.0890625 0.23125
3 0.6921875000000001 0.42734375 0.078125 0.2328125
3 0.6890625 0.1796875 0.040625 0.15625
6 0.47734375 0.057031250000000006 0.0921875 0.11093750000000001
6 0.6429687500000001 0.140625 0.13593750000000002 0.265625
6 0.6117187500000001 0.2578125 0.0734375 0.12187500000000001
5 0.659375 0.44453125000000004 0.13125 0.32656250000000003
5 0.59140625 0.7140625 0.1609375 0.31875000000000003
6 0.48984375 0.253125 0.1078125 0.25
6 0.50546875 0.55234375 0.11406250000000001 0.3671875
