4 0.70625 0.56875 0.059375000000000004 0.21875
4 0.63671875 0.5515625000000001 0.0671875 0.1375
4 0.6265625 0.7953125000000001 0.19375 0.26875
4 0.49921875000000004 0.53359375 0.0578125 0.0921875
3 0.48750000000000004 0.3015625 0.05 0.084375
3 0.4078125 0.2171875 0.05625 0.078125
3 0.45156250000000003 0.415625 0.015625 0.05
3 0.47968750000000004 0.6546875000000001 0.025 0.09062500000000001
3 0.38828125 0.546875 0.0328125 0.134375
3 0.33515625000000004 0.43046875 0.0328125 0.11406250000000001
3 0.29921875000000003 0.22734375 0.0921875 0.0859375
3 0.7296875 0.24375000000000002 0.053125000000000006 0.025
3 0.8078125 0.22578125000000002 0.046875 0.0328125
4 0.48281250000000003 0.32265625000000003 0.07187500000000001 0.1546875
4 0.40390625 0.23046875 0.09843750000000001 0.0890625
4 0.43671875000000004 0.66796875 0.15156250000000002 0.15156250000000002
4 0.3984375 0.8703125 0.125 0.178125
4 0.41484375 0.50234375 0.0890625 0.2484375
4 0.70703125 0.30390625000000004 0.0734375 0.1453125
4 0.64765625 0.35703125 0.045312500000000006 0.0890625
4 0.62421875 0.041406250000000006 0.026562500000000003 0.07968750000000001
4 0.6171875 0.10703125000000001 0.040625 0.0703125
4 0.61875 0.41640625000000003 0.03125 0.06406250000000001
