3 0.6414062500000001 0.30859375 0.1171875 0.0765625
3 0.8539062500000001 0.434375 0.17343750000000002 0.15625
3 0.35078125000000004 0.24140625000000002 0.0578125 0.0421875
3 0.5484375 0.026562500000000003 0.12187500000000001 0.053125000000000006
3 0.37265625 0.4 0.2671875 0.07500000000000001
3 0.465625 0.33828125000000003 0.06875 0.051562500000000004
3 0.634375 0.55390625 0.29375 0.2015625
3 0.63984375 0.5554687500000001 0.29531250000000003 0.1953125
3 0.30859375 0.5359375000000001 0.31093750000000003 0.15937500000000002
3 0.41328125000000004 0.6890625 0.2234375 0.284375
3 0.6687500000000001 0.76171875 0.13125 0.1171875
3 0.52734375 0.81015625 0.1265625 0.08281250000000001
3 0.496875 0.9484375 0.10625000000000001 0.08125
3 0.8992187500000001 0.9359375000000001 0.1484375 0.10625000000000001
3 0.971875 0.42734375 0.03125 0.035937500000000004
3 0.7421875 0.421875 0.12812500000000002 0.12812500000000002
