3 0.025781250000000002 0.8367187500000001 0.051562500000000004 0.32656250000000003
3 0.22031250000000002 0.62890625 0.146875 0.1203125
3 0.26015625000000003 0.7109375 0.19843750000000002 0.13125
3 0.3515625 0.89375 0.21250000000000002 0.21250000000000002
3 0.4921875 0.71015625 0.10625000000000001 0.1421875
3 0.44921875 0.0890625 0.1453125 0.178125
3 0.8992187500000001 0.83359375 0.2015625 0.27968750000000003
3 0.62890625 0.08046875 0.11093750000000001 0.1609375
3 0.6742187500000001 0.3015625 0.07968750000000001 0.19687500000000002
3 0.8 0.014843750000000001 0.1625 0.029687500000000002
3 0.890625 0.14921875 0.153125 0.2390625
3 0.7984375 0.29921875000000003 0.134375 0.37343750000000003
