3 0.7828125 0.049218750000000006 0.109375 0.08281250000000001
3 0.67578125 0.36015625 0.051562500000000004 0.07968750000000001
3 0.6960937500000001 0.52109375 0.0328125 0.09843750000000001
3 0.72578125 0.65234375 0.0328125 0.060937500000000006
4 0.6265625 0.46875 0.05 0.07500000000000001
3 0.7265625 0.8296875 0.07187500000000001 0.07500000000000001
3 0.6351562500000001 0.7976562500000001 0.0484375 0.08281250000000001
3 0.58046875 0.69140625 0.060937500000000006 0.07968750000000001
3 0.3765625 0.60546875 0.028125 0.060937500000000006
3 0.30078125 0.58203125 0.045312500000000006 0.06406250000000001
4 0.496875 0.39921875 0.046875 0.09843750000000001
4 0.44765625000000003 0.34921875 0.051562500000000004 0.1796875
4 0.37031250000000004 0.4 0.0625 0.178125
4 0.49609375 0.509375 0.0328125 0.034375
4 0.47187500000000004 0.565625 0.05625 0.05625
4 0.5390625 0.7546875000000001 0.03125 0.05
4 0.49062500000000003 0.884375 0.034375 0.084375
4 0.50390625 0.9539062500000001 0.0546875 0.060937500000000006
4 0.465625 0.8070312500000001 0.018750000000000003 0.0578125
4 0.49062500000000003 0.6570312500000001 0.018750000000000003 0.0546875
3 0.3046875 0.9453125 0.05 0.1
4 0.37421875000000004 0.95078125 0.060937500000000006 0.09843750000000001
3 0.36171875000000003 0.9164062500000001 0.0328125 0.0671875
4 0.7054687500000001 0.37265625 0.1171875 0.1546875
4 0.57734375 0.19609375 0.1484375 0.2703125
4 0.74765625 0.665625 0.1171875 0.17500000000000002
4 0.6648437500000001 0.09765625 0.07968750000000001 0.18906250000000002
4 0.5828125000000001 0.66171875 0.1 0.1328125
4 0.38984375000000004 0.584375 0.0765625 0.1125
