3 0.38593750000000004 0.8226562500000001 0.025 0.045312500000000006
3 0.46875 0.94921875 0.037500000000000006 0.0421875
3 0.5007812500000001 0.8578125000000001 0.0234375 0.034375
3 0.5242187500000001 0.79609375 0.07968750000000001 0.0734375
3 0.60859375 0.74765625 0.0546875 0.0765625
3 0.55859375 0.70078125 0.0703125 0.1265625
3 0.2890625 0.515625 0.10625000000000001 0.24375000000000002
3 0.2234375 0.29609375 0.146875 0.0890625
3 0.321875 0.2109375 0.05625 0.234375
3 0.39687500000000003 0.3046875 0.028125 0.040625
3 0.63046875 0.63828125 0.08281250000000001 0.13593750000000002
3 0.7429687500000001 0.55859375 0.1453125 0.13593750000000002
3 0.6375000000000001 0.46171875 0.1 0.16718750000000002
3 0.44375000000000003 0.1875 0.08125 0.2
3 0.65234375 0.29140625000000003 0.11093750000000001 0.060937500000000006
7 0.75 0.33828125000000003 0.046875 0.1078125
3 0.49375 0.3609375 0.034375 0.037500000000000006
