3 0.24296875 0.56640625 0.09843750000000001 0.06406250000000001
3 0.4625 0.52890625 0.059375000000000004 0.0390625
3 0.49921875000000004 0.44062500000000004 0.0484375 0.021875000000000002
3 0.578125 0.5242187500000001 0.125 0.0734375
3 0.6453125000000001 0.0484375 0.13125 0.07500000000000001
3 0.49609375 0.01015625 0.2421875 0.0203125
3 0.91796875 0.030468750000000003 0.1640625 0.060937500000000006
3 0.0765625 0.13359375 0.14375000000000002 0.06406250000000001
3 0.14375000000000002 0.22187500000000002 0.1 0.115625
3 0.25546875 0.25234375000000003 0.08281250000000001 0.1078125
