3 0.08359375000000001 0.9 0.1171875 0.11875000000000001
3 0.12109375 0.796875 0.1015625 0.134375
3 0.2 0.7453125 0.0625 0.178125
3 0.2703125 0.79296875 0.028125 0.0390625
3 0.45625000000000004 0.95078125 0.05 0.0859375
3 0.36484375 0.9554687500000001 0.0421875 0.0234375
3 0.52578125 0.7640625000000001 0.0484375 0.115625
3 0.48515625 0.8734375000000001 0.0703125 0.084375
3 0.41640625000000003 0.7093750000000001 0.0734375 0.08125
3 0.6640625 0.8140625 0.065625 0.10312500000000001
3 0.5554687500000001 0.9421875000000001 0.0578125 0.096875
3 0.5984375000000001 0.87421875 0.025 0.06406250000000001
3 0.32343750000000004 0.64453125 0.09375 0.0890625
3 0.35859375000000004 0.596875 0.0890625 0.08125
3 0.38203125000000004 0.5437500000000001 0.0765625 0.18125000000000002
3 0.21796875000000002 0.48125 0.1078125 0.1125
3 0.28359375000000003 0.56875 0.08281250000000001 0.13125
3 0.26484375 0.36171875000000003 0.0890625 0.0671875
3 0.3484375 0.33203125 0.059375000000000004 0.1296875
3 0.3671875 0.21484375 0.07187500000000001 0.1609375
3 0.5953125 0.33906250000000004 0.059375000000000004 0.146875
3 0.65234375 0.26796875000000003 0.0421875 0.0859375
3 0.67109375 0.1 0.0734375 0.078125
3 0.7078125000000001 0.64609375 0.07187500000000001 0.06406250000000001
3 0.5906250000000001 0.6742187500000001 0.07187500000000001 0.11093750000000001
3 0.6507812500000001 0.5390625 0.08281250000000001 0.14375000000000002
3 0.7171875000000001 0.39453125 0.17500000000000002 0.2109375
