3 0.484375 0.01640625 0.028125 0.0328125
3 0.6828125 0.03515625 0.0625 0.0703125
3 0.7835937500000001 0.10703125000000001 0.0546875 0.1078125
3 0.70078125 0.17421875 0.0890625 0.1859375
3 0.8226562500000001 0.26796875000000003 0.1234375 0.1640625
3 0.9281250000000001 0.40703125 0.14375000000000002 0.1953125
3 0.7992187500000001 0.52109375 0.1234375 0.2546875
3 0.32109375 0.36250000000000004 0.13593750000000002 0.35000000000000003
3 0.2015625 0.6585937500000001 0.184375 0.13593750000000002
3 0.32109375 0.79453125 0.0890625 0.32656250000000003
3 0.44921875 0.69453125 0.051562500000000004 0.0734375
3 0.49531250000000004 0.8601562500000001 0.10312500000000001 0.27968750000000003
3 0.62265625 0.8070312500000001 0.1296875 0.1203125
3 0.8148437500000001 0.7468750000000001 0.1421875 0.109375
7 0.9765625 0.6117187500000001 0.046875 0.1796875
