4 0.215625 0.7515625 0.09062500000000001 0.209375
4 0.2671875 0.5906250000000001 0.09375 0.1375
4 0.3359375 0.846875 0.13125 0.21875
4 0.21250000000000002 0.9171875 0.115625 0.15625
4 0.390625 0.66015625 0.12187500000000001 0.22031250000000002
3 0.41250000000000003 0.57734375 0.065625 0.051562500000000004
4 0.35468750000000004 0.19843750000000002 0.1125 0.153125
3 0.2734375 0.1375 0.034375 0.053125000000000006
3 0.32265625000000003 0.0625 0.045312500000000006 0.1125
3 0.52890625 0.33203125 0.0234375 0.0484375
3 0.58203125 0.278125 0.0390625 0.053125000000000006
3 0.6296875000000001 0.50625 0.046875 0.115625
3 0.64453125 0.25859375 0.0234375 0.08281250000000001
4 0.540625 0.6546875000000001 0.07500000000000001 0.15937500000000002
4 0.35703125 0.20234375000000002 0.1171875 0.1609375
4 0.36953125000000003 0.4078125 0.11406250000000001 0.12812500000000002
4 0.390625 0.26640625 0.053125000000000006 0.1453125
