3 0.26640625 0.35468750000000004 0.13593750000000002 0.05
3 0.25078125 0.21171875 0.0484375 0.0328125
3 0.33828125000000003 0.18125000000000002 0.1296875 0.096875
3 0.57578125 0.6414062500000001 0.1640625 0.2171875
3 0.7390625000000001 0.34921875 0.115625 0.0765625
3 0.8187500000000001 0.33125000000000004 0.1125 0.06875
3 0.71796875 0.22265625 0.1640625 0.11093750000000001
3 0.6671875 0.0203125 0.1 0.040625
3 0.88828125 0.13125 0.2234375 0.14375000000000002
3 0.8718750000000001 0.01640625 0.13125 0.0328125
3 0.34140625 0.45625000000000004 0.2609375 0.140625
