3 0.14453125 0.8296875 0.0734375 0.30000000000000004
3 0.04453125 0.7117187500000001 0.06406250000000001 0.0671875
3 0.31171875000000004 0.8445312500000001 0.1328125 0.1453125
3 0.43125 0.9304687500000001 0.10625000000000001 0.1234375
3 0.43515625 0.7453125 0.09531250000000001 0.19062500000000002
3 0.5140625 0.78671875 0.043750000000000004 0.1046875
3 0.46484375 0.56484375 0.029687500000000002 0.0390625
3 0.56796875 0.5046875000000001 0.0484375 0.05625
3 0.5859375 0.40625 0.040625 0.125
3 0.63984375 0.45859375 0.0390625 0.0765625
3 0.36171875000000003 0.27734375 0.0765625 0.2015625
3 0.6484375 0.33828125000000003 0.065625 0.08281250000000001
3 0.728125 0.2578125 0.10625000000000001 0.10312500000000001
3 0.28359375000000003 0.1171875 0.11406250000000001 0.078125
3 0.359375 0.06171875 0.037500000000000006 0.1234375
3 0.42500000000000004 0.11406250000000001 0.025 0.046875
3 0.4578125 0.055468750000000004 0.06875 0.11093750000000001
3 0.6359375 0.19921875 0.065625 0.1484375
3 0.6273437500000001 0.02890625 0.08281250000000001 0.051562500000000004
7 0.75703125 0.16484375 0.0484375 0.0921875
