3 0.8 0.63984375 0.078125 0.1390625
3 0.69921875 0.6234375000000001 0.051562500000000004 0.1375
3 0.6273437500000001 0.6039062500000001 0.0328125 0.0765625
4 0.61640625 0.5125000000000001 0.08281250000000001 0.125
4 0.58203125 0.6492187500000001 0.0671875 0.1640625
4 0.5390625 0.56484375 0.05 0.1328125
3 0.44765625000000003 0.61875 0.0578125 0.05625
3 0.36015625 0.63203125 0.0421875 0.11093750000000001
4 0.68359375 0.37109375 0.0484375 0.1703125
4 0.58125 0.051562500000000004 0.03125 0.08125
4 0.5109375 0.045312500000000006 0.05 0.07500000000000001
3 0.696875 0.3359375 0.018750000000000003 0.05
4 0.50703125 0.5125000000000001 0.0390625 0.12812500000000002
3 0.57734375 0.38984375000000004 0.035937500000000004 0.06406250000000001
3 0.5375 0.45625000000000004 0.028125 0.053125000000000006
3 0.571875 0.31093750000000003 0.037500000000000006 0.065625
