3 0.22890625 0.7234375000000001 0.08281250000000001 0.096875
3 0.309375 0.74765625 0.078125 0.1234375
3 0.275 0.57578125 0.040625 0.0890625
3 0.225 0.5 0.16875 0.215625
3 0.5140625 0.86640625 0.078125 0.11093750000000001
3 0.5546875 0.9382812500000001 0.03125 0.051562500000000004
3 0.5984375000000001 0.8484375000000001 0.06875 0.043750000000000004
3 0.5164062500000001 0.6507812500000001 0.0546875 0.07968750000000001
3 0.5867187500000001 0.671875 0.0578125 0.109375
3 0.42421875000000003 0.4546875 0.09843750000000001 0.1125
3 0.47578125000000004 0.36015625 0.1234375 0.1078125
3 0.9375 0.68359375 0.125 0.1328125
3 0.52890625 0.5750000000000001 0.09843750000000001 0.14375000000000002
3 0.5750000000000001 0.48828125 0.07187500000000001 0.11406250000000001
3 0.609375 0.38203125000000004 0.09062500000000001 0.13593750000000002
