3 0.7523437500000001 0.21015625000000002 0.1859375 0.1421875
3 0.78828125 0.40625 0.1234375 0.06875
3 0.39921875 0.19453125000000002 0.0671875 0.035937500000000004
3 0.4890625 0.31171875000000004 0.265625 0.1015625
3 0.34375 0.4 0.12812500000000002 0.171875
3 0.153125 0.41718750000000004 0.23125 0.10312500000000001
3 0.68671875 0.7078125000000001 0.08281250000000001 0.05625
3 0.33515625000000004 0.5867187500000001 0.07968750000000001 0.09843750000000001
3 0.553125 0.8148437500000001 0.1125 0.0734375
3 0.42109375000000004 0.7289062500000001 0.11093750000000001 0.0734375
3 0.09453125000000001 0.67109375 0.17343750000000002 0.09531250000000001
3 0.34218750000000003 0.94453125 0.07500000000000001 0.0734375
