3 0.31796875 0.5578125 0.1703125 0.15000000000000002
3 0.13828125 0.9453125 0.1703125 0.08750000000000001
3 0.37812500000000004 0.91328125 0.1125 0.16718750000000002
3 0.04453125 0.7171875000000001 0.07968750000000001 0.059375000000000004
3 0.13203125000000002 0.38906250000000003 0.0859375 0.0625
3 0.1703125 0.07187500000000001 0.096875 0.065625
3 0.49453125000000003 0.87421875 0.07968750000000001 0.045312500000000006
3 0.39140625 0.8093750000000001 0.0734375 0.09375
3 0.6390625000000001 0.7984375 0.109375 0.059375000000000004
3 0.80234375 0.8054687500000001 0.1265625 0.0890625
3 0.5421875 0.43046875 0.30000000000000004 0.1203125
3 0.43125 0.24765625000000002 0.184375 0.1546875
3 0.275 0.15625 0.115625 0.06875
