3 0.6796875 0.9515625000000001 0.09375 0.08750000000000001
3 0.4859375 0.9765625 0.084375 0.037500000000000006
3 0.35625 0.9703125 0.1125 0.053125000000000006
3 0.045312500000000006 0.8367187500000001 0.07187500000000001 0.1171875
3 0.35390625000000003 0.11093750000000001 0.0703125 0.053125000000000006
3 0.46015625000000004 0.31640625 0.1640625 0.18281250000000002
3 0.27578125000000003 0.4 0.16718750000000002 0.109375
3 0.2734375 0.628125 0.246875 0.29375
3 0.5546875 0.5078125 0.29375 0.21250000000000002
3 0.5164062500000001 0.8 0.2421875 0.4
