3 0.353125 0.04296875 0.053125000000000006 0.0859375
3 0.36015625 0.14375000000000002 0.0484375 0.059375000000000004
3 0.30781250000000004 0.12421875 0.03125 0.07968750000000001
3 0.80859375 0.32656250000000003 0.1078125 0.30625
3 0.46171875 0.3203125 0.1234375 0.22812500000000002
3 0.43203125000000003 0.5140625 0.1484375 0.12187500000000001
3 0.9328125 0.5242187500000001 0.07187500000000001 0.07968750000000001
3 0.9867187500000001 0.45703125 0.0203125 0.1234375
3 0.9906250000000001 0.56640625 0.018750000000000003 0.0671875
3 0.74765625 0.6429687500000001 0.0421875 0.08281250000000001
3 0.8203125 0.73984375 0.06875 0.0703125
3 0.32734375000000004 0.671875 0.1203125 0.234375
3 0.19687500000000002 0.59765625 0.053125000000000006 0.0703125
3 0.22265625 0.9148437500000001 0.1390625 0.1703125
3 0.421875 0.95703125 0.065625 0.0859375
3 0.7093750000000001 0.8546875 0.05 0.08125
