3 0.371875 0.013281250000000001 0.040625 0.0234375
3 0.340625 0.10546875 0.07500000000000001 0.08281250000000001
3 0.25078125 0.032031250000000004 0.1015625 0.0578125
3 0.76328125 0.609375 0.1078125 0.07500000000000001
3 0.45859375 0.765625 0.2109375 0.19375
3 0.453125 0.29921875000000003 0.059375000000000004 0.0578125
3 0.66953125 0.31953125000000004 0.0734375 0.0703125
3 0.5546875 0.22421875000000002 0.046875 0.0671875
3 0.7546875000000001 0.8234375 0.21250000000000002 0.178125
3 0.340625 0.6171875 0.115625 0.15625
3 0.15000000000000002 0.603125 0.225 0.11875000000000001
3 0.14765625000000002 0.29531250000000003 0.29531250000000003 0.1
