3 0.18046875 0.5710937500000001 0.1546875 0.17343750000000002
3 0.253125 0.0234375 0.109375 0.040625
3 0.52734375 0.0234375 0.29531250000000003 0.040625
3 0.7078125000000001 0.37343750000000003 0.1875 0.109375
3 0.79296875 0.5625 0.22968750000000002 0.125
3 0.47890625000000003 0.5953125 0.2703125 0.109375
3 0.63828125 0.728125 0.1859375 0.203125
3 0.665625 0.91328125 0.09062500000000001 0.07968750000000001
3 0.2421875 0.2625 0.09062500000000001 0.059375000000000004
3 0.1078125 0.34296875000000004 0.078125 0.06406250000000001
3 0.23828125 0.4140625 0.1296875 0.0625
