3 0.10390625 0.23593750000000002 0.0484375 0.09062500000000001
3 0.17265625 0.5789062500000001 0.07968750000000001 0.1421875
3 0.24375000000000002 0.478125 0.07187500000000001 0.07187500000000001
3 0.421875 0.084375 0.065625 0.09062500000000001
3 0.35390625000000003 0.19843750000000002 0.0328125 0.053125000000000006
3 0.45859375 0.20234375000000002 0.051562500000000004 0.09531250000000001
3 0.5320312500000001 0.45703125 0.07968750000000001 0.31093750000000003
3 0.625 0.36250000000000004 0.10625000000000001 0.125
3 0.7835937500000001 0.27187500000000003 0.11406250000000001 0.13125
3 0.76484375 0.47421875 0.1265625 0.19843750000000002
3 0.67734375 0.9320312500000001 0.09531250000000001 0.13593750000000002
3 0.940625 0.9695312500000001 0.046875 0.060937500000000006
3 0.84140625 0.671875 0.051562500000000004 0.065625
3 0.8890625000000001 0.78046875 0.065625 0.1328125
3 0.8609375 0.10078125 0.11875000000000001 0.1796875
3 0.9734375000000001 0.11328125 0.025 0.051562500000000004
3 0.9593750000000001 0.8828125 0.08125 0.0625
3 0.6921875000000001 0.6023437500000001 0.021875000000000002 0.0546875
