3 0.56171875 0.18828125 0.2890625 0.21406250000000002
3 0.70703125 0.2515625 0.18281250000000002 0.1375
3 0.7601562500000001 0.3515625 0.09843750000000001 0.07187500000000001
3 0.47500000000000003 0.31171875000000004 0.19062500000000002 0.1421875
3 0.8015625000000001 0.7046875 0.09062500000000001 0.06875
3 0.44140625 0.91796875 0.2484375 0.1640625
3 0.4859375 0.5328125 0.096875 0.07187500000000001
3 0.2828125 0.38671875 0.225 0.16718750000000002
3 0.10312500000000001 0.42421875000000003 0.20625000000000002 0.1953125
3 0.2390625 0.66015625 0.39375000000000004 0.29531250000000003
3 0.065625 0.5828125000000001 0.13125 0.340625
3 0.41250000000000003 0.55859375 0.225 0.1609375
