3 0.03125 0.61484375 0.0625 0.0703125
3 0.41250000000000003 0.6640625 0.1875 0.215625
3 0.23515625 0.60078125 0.0890625 0.0671875
3 0.33984375 0.50390625 0.3359375 0.09531250000000001
3 0.58125 0.6195312500000001 0.153125 0.13593750000000002
3 0.42890625000000004 0.40078125000000003 0.1796875 0.07968750000000001
3 0.22109375 0.40859375000000003 0.15781250000000002 0.0765625
3 0.23125 0.19609375 0.14375000000000002 0.08281250000000001
3 0.20703125 0.12187500000000001 0.1609375 0.08125
3 0.36484375 0.0890625 0.051562500000000004 0.08750000000000001
3 0.5234375 0.23828125 0.096875 0.06406250000000001
3 0.6468750000000001 0.340625 0.10625000000000001 0.05625
3 0.60859375 0.45 0.1703125 0.10312500000000001
3 0.7453125 0.41875 0.140625 0.065625
3 0.76953125 0.325 0.06406250000000001 0.07500000000000001
3 0.85703125 0.31562500000000004 0.035937500000000004 0.07500000000000001
3 0.95234375 0.34687500000000004 0.0546875 0.1125
3 0.9539062500000001 0.8093750000000001 0.0921875 0.084375
