3 0.4296875 0.9796875 0.037500000000000006 0.03125
3 0.44062500000000004 0.78515625 0.018750000000000003 0.0703125
3 0.5265625 0.9085937500000001 0.034375 0.035937500000000004
3 0.5796875 0.753125 0.043750000000000004 0.059375000000000004
3 0.6507812500000001 0.6976562500000001 0.0390625 0.0765625
3 0.5921875 0.65 0.0625 0.13125
3 0.6781250000000001 0.584375 0.08750000000000001 0.115625
3 0.7757812500000001 0.48750000000000004 0.1484375 0.1375
3 0.66171875 0.4078125 0.0859375 0.178125
3 0.32734375000000004 0.51796875 0.09531250000000001 0.24531250000000002
3 0.24375000000000002 0.31093750000000003 0.12812500000000002 0.096875
3 0.32656250000000003 0.21640625000000002 0.0625 0.22968750000000002
3 0.41640625000000003 0.28671875 0.035937500000000004 0.051562500000000004
3 0.44843750000000004 0.16484375 0.07187500000000001 0.20468750000000002
3 0.5375 0.2078125 0.09062500000000001 0.084375
3 0.671875 0.24921875000000002 0.1 0.0765625
7 0.8046875 0.34375 0.07187500000000001 0.125
