3 0.03359375 0.35468750000000004 0.0671875 0.125
3 0.028125 0.44453125000000004 0.05625 0.1421875
3 0.06640625 0.56171875 0.045312500000000006 0.0578125
3 0.2546875 0.5890625 0.0625 0.08750000000000001
3 0.35781250000000003 0.27890625 0.065625 0.0859375
3 0.6195312500000001 0.7234375000000001 0.09531250000000001 0.12812500000000002
3 0.8382812500000001 0.26171875 0.07968750000000001 0.1015625
3 0.8250000000000001 0.5632812500000001 0.16875 0.2109375
3 0.81796875 0.7210937500000001 0.17343750000000002 0.24531250000000002
3 0.9484375 0.696875 0.10312500000000001 0.19062500000000002
