3 0.034375 0.045312500000000006 0.059375000000000004 0.078125
3 0.44765625000000003 0.04296875 0.08281250000000001 0.08281250000000001
3 0.51171875 0.022656250000000003 0.035937500000000004 0.0390625
3 0.55078125 0.15078125 0.029687500000000002 0.0328125
3 0.46484375 0.22421875000000002 0.0203125 0.060937500000000006
3 0.3640625 0.48359375000000004 0.084375 0.2171875
3 0.27890625 0.6570312500000001 0.1421875 0.060937500000000006
3 0.35390625000000003 0.7421875 0.0546875 0.18125000000000002
3 0.5765625 0.29296875 0.053125000000000006 0.0734375
3 0.5984375000000001 0.38593750000000004 0.05 0.10625000000000001
3 0.6429687500000001 0.34765625 0.0390625 0.0765625
3 0.65625 0.45546875000000003 0.08125 0.0921875
3 0.7406250000000001 0.5476562500000001 0.10625000000000001 0.1046875
3 0.63828125 0.6015625 0.0703125 0.140625
3 0.4375 0.7976562500000001 0.059375000000000004 0.1703125
3 0.50390625 0.6585937500000001 0.0390625 0.0421875
3 0.5546875 0.7273437500000001 0.07187500000000001 0.07968750000000001
3 0.6414062500000001 0.7507812500000001 0.07968750000000001 0.0671875
7 0.753125 0.6742187500000001 0.053125000000000006 0.0921875
3 0.4265625 0.6796875 0.034375 0.059375000000000004
