3 0.27187500000000003 0.73203125 0.037500000000000006 0.07968750000000001
3 0.43515625 0.50546875 0.06406250000000001 0.1328125
3 0.6023437500000001 0.2390625 0.0765625 0.16875
3 0.19375 0.49765625 0.059375000000000004 0.1296875
4 0.1765625 0.5765625 0.15625 0.33125000000000004
4 0.23750000000000002 0.690625 0.134375 0.290625
4 0.33203125 0.7210937500000001 0.11093750000000001 0.2328125
4 0.29921875000000003 0.44375000000000003 0.1609375 0.34687500000000004
4 0.39375000000000004 0.47734375 0.15625 0.3359375
4 0.49296875 0.28828125 0.1046875 0.2265625
4 0.5437500000000001 0.13828125 0.1125 0.23593750000000002
4 0.525 0.85546875 0.13125 0.2734375
4 0.6429687500000001 0.64609375 0.1234375 0.2546875
