3 0.0390625 0.10078125 0.078125 0.19843750000000002
3 0.08046875 0.29453125 0.1171875 0.1203125
3 0.2546875 0.3515625 0.1 0.19375
3 0.35703125 0.4109375 0.0765625 0.08750000000000001
3 0.45625000000000004 0.359375 0.08125 0.115625
3 0.49531250000000004 0.42421875000000003 0.059375000000000004 0.07968750000000001
3 0.3296875 0.5125000000000001 0.125 0.09375
3 0.5625 0.7312500000000001 0.07187500000000001 0.08750000000000001
3 0.58984375 0.8390625 0.045312500000000006 0.10625000000000001
3 0.6585937500000001 0.81171875 0.07968750000000001 0.1953125
3 0.70234375 0.6703125000000001 0.0859375 0.109375
3 0.64375 0.5867187500000001 0.07187500000000001 0.2171875
3 0.7117187500000001 0.38593750000000004 0.07968750000000001 0.08750000000000001
3 0.659375 0.2890625 0.059375000000000004 0.05
3 0.5242187500000001 0.27968750000000003 0.0703125 0.140625
3 0.32890625 0.09453125000000001 0.2515625 0.18281250000000002
3 0.4546875 0.18906250000000002 0.059375000000000004 0.08125
