3 0.9171875 0.584375 0.16562500000000002 0.178125
3 0.65625 0.43203125000000003 0.13125 0.09843750000000001
3 0.296875 0.91796875 0.22187500000000002 0.1640625
3 0.5921875 0.9187500000000001 0.096875 0.07187500000000001
3 0.38984375000000004 0.6484375 0.2015625 0.15000000000000002
3 0.309375 0.7109375 0.17500000000000002 0.13125
3 0.44921875 0.8054687500000001 0.1640625 0.1234375
3 0.49296875 0.74375 0.09531250000000001 0.07187500000000001
3 0.8367187500000001 0.5164062500000001 0.22031250000000002 0.1640625
3 0.7078125000000001 0.571875 0.146875 0.109375
3 0.81171875 0.5945312500000001 0.1171875 0.0859375
3 0.98828125 0.40078125000000003 0.0234375 0.1546875
3 0.7515625 0.6937500000000001 0.15000000000000002 0.1125
