3 0.7015625000000001 0.6414062500000001 0.10312500000000001 0.1265625
3 0.77890625 0.7296875 0.0546875 0.20625000000000002
3 0.6062500000000001 0.7125 0.096875 0.084375
3 0.571875 0.82734375 0.034375 0.19843750000000002
3 0.5476562500000001 0.765625 0.0171875 0.07187500000000001
3 0.478125 0.73828125 0.125 0.1203125
3 0.5867187500000001 0.5625 0.029687500000000002 0.046875
3 0.553125 0.62421875 0.03125 0.051562500000000004
3 0.7734375 0.5750000000000001 0.059375000000000004 0.05
3 0.73203125 0.484375 0.06406250000000001 0.07187500000000001
3 0.48828125 0.52734375 0.0390625 0.0734375
3 0.49531250000000004 0.603125 0.0625 0.08125
3 0.434375 0.57578125 0.07187500000000001 0.1859375
3 0.33203125 0.49296875 0.08281250000000001 0.1078125
3 0.30390625000000004 0.5750000000000001 0.0390625 0.08750000000000001
3 0.5437500000000001 0.40859375000000003 0.07187500000000001 0.08281250000000001
3 0.48203125 0.4140625 0.029687500000000002 0.040625
3 0.40625 0.34765625 0.07500000000000001 0.0765625
3 0.32343750000000004 0.36328125 0.07187500000000001 0.0734375
3 0.27421875 0.453125 0.1328125 0.10312500000000001
3 0.40234375 0.46015625000000004 0.0390625 0.0421875
3 0.415625 0.41796875 0.018750000000000003 0.0390625
3 0.6828125 0.42500000000000004 0.053125000000000006 0.065625
3 0.6296875000000001 0.41875 0.043750000000000004 0.043750000000000004
3 0.6156250000000001 0.46171875 0.040625 0.0203125
3 0.609375 0.4921875 0.046875 0.040625
