3 0.08125 0.3921875 0.153125 0.10625000000000001
3 0.15859375 0.2734375 0.07968750000000001 0.24375000000000002
3 0.36953125000000003 0.8859375 0.035937500000000004 0.059375000000000004
3 0.5140625 0.82421875 0.078125 0.1078125
3 0.58984375 0.7546875000000001 0.0546875 0.10312500000000001
3 0.51953125 0.7156250000000001 0.08281250000000001 0.153125
3 0.59609375 0.6359375 0.1078125 0.14375000000000002
3 0.69921875 0.5046875000000001 0.1484375 0.146875
3 0.31093750000000003 0.39375000000000004 0.040625 0.08750000000000001
3 0.28359375000000003 0.33046875000000003 0.010937500000000001 0.0390625
3 0.3375 0.3484375 0.028125 0.053125000000000006
3 0.31640625 0.17109375000000002 0.0734375 0.16718750000000002
3 0.40390625 0.23125 0.0859375 0.05
3 0.56953125 0.43671875000000004 0.0765625 0.1859375
3 0.5515625000000001 0.25390625 0.109375 0.0765625
7 0.7273437500000001 0.33437500000000003 0.0578125 0.10625000000000001
3 0.5007812500000001 0.90390625 0.045312500000000006 0.0578125
3 0.47734375 0.9875 0.0390625 0.018750000000000003
3 0.38828125 0.30390625000000004 0.07968750000000001 0.0859375
