3 0.41484375 0.04453125 0.2015625 0.0890625
3 0.5078125 0.00859375 0.08125 0.0171875
3 0.50234375 0.04296875 0.1078125 0.07968750000000001
3 0.9750000000000001 0.19921875 0.05 0.08281250000000001
3 0.8460937500000001 0.18515625000000002 0.30781250000000004 0.24531250000000002
3 0.56171875 0.15859375 0.4609375 0.3171875
3 0.5328125 0.42734375 0.12812500000000002 0.1015625
3 0.78125 0.48671875000000003 0.178125 0.1546875
3 0.8445312500000001 0.6296875000000001 0.2234375 0.15625
3 0.6218750000000001 0.62421875 0.35625 0.2703125
3 0.29921875000000003 0.49375 0.1421875 0.1
3 0.40625 0.5859375 0.25625000000000003 0.19375
3 0.6179687500000001 0.51953125 0.11406250000000001 0.07968750000000001
3 0.6039062500000001 0.63828125 0.2765625 0.2109375
3 0.37812500000000004 0.6976562500000001 0.140625 0.09843750000000001
3 0.10390625 0.58515625 0.15156250000000002 0.11406250000000001
3 0.209375 0.6101562500000001 0.08750000000000001 0.0765625
3 0.049218750000000006 0.8031250000000001 0.09843750000000001 0.12812500000000002
