4 0.62265625 0.703125 0.15156250000000002 0.33125000000000004
4 0.7156250000000001 0.53359375 0.08125 0.22968750000000002
2 0.37343750000000003 0.16484375 0.07500000000000001 0.16718750000000002
2 0.32890625 0.340625 0.08281250000000001 0.16875
2 0.31875000000000003 0.21015625000000002 0.0625 0.1234375
4 0.2625 0.23984375000000002 0.12187500000000001 0.3140625
4 0.29765625 0.065625 0.1046875 0.13125
2 0.6421875 0.14296875 0.10625000000000001 0.2609375
2 0.6507812500000001 0.35781250000000003 0.0421875 0.096875
2 0.546875 0.40468750000000003 0.07187500000000001 0.16562500000000002
2 0.5703125 0.41796875 0.037500000000000006 0.0765625
2 0.596875 0.45 0.059375000000000004 0.13125
3 0.7171875000000001 0.9085937500000001 0.11875000000000001 0.18281250000000002
3 0.33984375 0.696875 0.0390625 0.115625
3 0.28671875 0.6023437500000001 0.0421875 0.1203125
3 0.421875 0.9515625000000001 0.06875 0.096875
3 0.47578125000000004 0.9593750000000001 0.0546875 0.08125
3 0.540625 0.9437500000000001 0.07187500000000001 0.1125
3 0.540625 0.6765625000000001 0.09375 0.15937500000000002
