3 0.57421875 0.56171875 0.08281250000000001 0.2390625
3 0.46328125000000003 0.11953125 0.0390625 0.1046875
3 0.53359375 0.025 0.0734375 0.05
3 0.659375 0.10390625 0.05625 0.1953125
3 0.07265625 0.0546875 0.0484375 0.109375
4 0.032031250000000004 0.51875 0.06406250000000001 0.253125
4 0.23359375000000002 0.29609375 0.23593750000000002 0.31093750000000003
4 0.44921875 0.46328125000000003 0.1171875 0.2890625
4 0.48515625 0.7718750000000001 0.1234375 0.15625
4 0.60546875 0.7976562500000001 0.15156250000000002 0.2265625
4 0.6000000000000001 0.48750000000000004 0.1375 0.48125
4 0.571875 0.2984375 0.1125 0.20625000000000002
4 0.75 0.51484375 0.134375 0.5515625000000001
3 0.73046875 0.67734375 0.0671875 0.06406250000000001
