3 0.01953125 0.041406250000000006 0.0390625 0.045312500000000006
3 0.0734375 0.12421875 0.146875 0.09843750000000001
3 0.19687500000000002 0.21484375 0.1 0.1015625
3 0.37578125 0.18359375 0.07968750000000001 0.11093750000000001
3 0.36953125000000003 0.3125 0.1265625 0.125
3 0.48359375000000004 0.30781250000000004 0.0703125 0.07500000000000001
3 0.5265625 0.15078125 0.109375 0.19843750000000002
3 0.6640625 0.26640625 0.1375 0.15781250000000002
3 0.6375000000000001 0.35546875 0.14375000000000002 0.18281250000000002
3 0.7640625000000001 0.38593750000000004 0.16875 0.30625
3 0.7578125 0.58828125 0.115625 0.13593750000000002
3 0.58828125 0.73203125 0.0921875 0.09531250000000001
3 0.1078125 0.6195312500000001 0.20625000000000002 0.23593750000000002
3 0.4390625 0.796875 0.13125 0.15000000000000002
3 0.54921875 0.91328125 0.13593750000000002 0.17343750000000002
3 0.22968750000000002 0.89453125 0.10312500000000001 0.2109375
3 0.0890625 0.9046875000000001 0.16562500000000002 0.184375
3 0.44062500000000004 0.40546875000000004 0.09062500000000001 0.1203125
