2 0.35703125 0.5171875 0.0890625 0.1875
2 0.46718750000000003 0.59609375 0.07500000000000001 0.17343750000000002
2 0.49140625000000004 0.7625000000000001 0.1078125 0.125
2 0.5632812500000001 0.6882812500000001 0.1203125 0.1640625
2 0.63671875 0.6484375 0.0671875 0.12812500000000002
2 0.4703125 0.27890625 0.05 0.1953125
2 0.55390625 0.36250000000000004 0.0890625 0.215625
2 0.65 0.39921875 0.06875 0.2078125
2 0.40234375 0.32734375000000004 0.0765625 0.1703125
2 0.35000000000000003 0.296875 0.018750000000000003 0.125
2 0.3453125 0.4078125 0.034375 0.0625
