3 0.01640625 0.0734375 0.026562500000000003 0.09375
3 0.12109375 0.018750000000000003 0.0484375 0.034375
3 0.20234375000000002 0.08671875000000001 0.07968750000000001 0.1265625
3 0.35859375000000004 0.11640625 0.0890625 0.1703125
3 0.73984375 0.25078125 0.07968750000000001 0.19843750000000002
3 0.4578125 0.19375 0.109375 0.12812500000000002
3 0.7765625 0.45937500000000003 0.096875 0.203125
3 0.671875 0.403125 0.059375000000000004 0.07500000000000001
3 0.7140625 0.503125 0.046875 0.09062500000000001
3 0.55 0.7625000000000001 0.096875 0.146875
3 0.353125 0.6109375 0.215625 0.26875
3 0.46953125 0.9046875000000001 0.0859375 0.19062500000000002
3 0.29765625 0.90625 0.22968750000000002 0.1875
3 0.6109375 0.9382812500000001 0.12187500000000001 0.1078125
