3 0.06015625 0.8289062500000001 0.1203125 0.2265625
3 0.47109375000000003 0.7109375 0.13593750000000002 0.20625000000000002
3 0.540625 0.92890625 0.07500000000000001 0.1421875
3 0.7210937500000001 0.6796875 0.3328125 0.40625
3 0.7296875 0.39687500000000003 0.14375000000000002 0.178125
3 0.58828125 0.39375000000000004 0.2015625 0.33125000000000004
3 0.09296875 0.05078125 0.1859375 0.1015625
3 0.07578125000000001 0.19375 0.15156250000000002 0.265625
3 0.10625000000000001 0.4 0.15937500000000002 0.14375000000000002
3 0.5390625 0.125 0.125 0.203125
3 0.61484375 0.3796875 0.1640625 0.26875
3 0.6648437500000001 0.15390625000000002 0.0703125 0.0890625
3 0.7859375000000001 0.17421875 0.125 0.1015625
3 0.690625 0.040625 0.06875 0.08125
3 0.83984375 0.043750000000000004 0.0671875 0.08750000000000001
