3 0.9148437500000001 0.09843750000000001 0.1171875 0.11875000000000001
3 0.8773437500000001 0.2015625 0.1015625 0.134375
3 0.7984375 0.253125 0.0625 0.178125
3 0.7273437500000001 0.20625000000000002 0.029687500000000002 0.037500000000000006
3 0.5421875 0.047656250000000004 0.05 0.0859375
3 0.6335937500000001 0.04296875 0.0421875 0.0234375
3 0.47265625 0.234375 0.0484375 0.115625
3 0.51328125 0.125 0.0703125 0.084375
3 0.58203125 0.2890625 0.0734375 0.08125
3 0.33437500000000003 0.184375 0.065625 0.10312500000000001
3 0.44296875 0.05625 0.0578125 0.096875
3 0.4 0.12421875 0.025 0.06406250000000001
3 0.675 0.35390625000000003 0.09375 0.0890625
3 0.63984375 0.40156250000000004 0.0890625 0.08125
3 0.61640625 0.45546875000000003 0.0765625 0.18281250000000002
3 0.78046875 0.5171875 0.1078125 0.1125
3 0.71484375 0.4296875 0.08281250000000001 0.13125
3 0.73359375 0.6375000000000001 0.0890625 0.06875
3 0.6492187500000001 0.665625 0.060937500000000006 0.12812500000000002
3 0.63046875 0.7835937500000001 0.0703125 0.1609375
3 0.403125 0.66015625 0.059375000000000004 0.1484375
3 0.34609375000000003 0.73046875 0.0421875 0.0859375
3 0.32734375000000004 0.8984375 0.0734375 0.078125
3 0.29140625000000003 0.35234375 0.0734375 0.06406250000000001
3 0.4078125 0.32421875 0.07187500000000001 0.11093750000000001
3 0.34765625 0.45937500000000003 0.08281250000000001 0.14375000000000002
3 0.28125 0.6039062500000001 0.17500000000000002 0.2109375
