5 0.5398437500000001 0.92890625 0.1203125 0.1421875
2 0.55859375 0.057031250000000006 0.11093750000000001 0.11406250000000001
3 0.659375 0.17890625000000002 0.040625 0.09843750000000001
3 0.48359375000000004 0.2828125 0.11093750000000001 0.23750000000000002
3 0.54609375 0.44765625000000003 0.0546875 0.1203125
3 0.47500000000000003 0.63046875 0.07500000000000001 0.13593750000000002
3 0.40156250000000004 0.36953125000000003 0.09375 0.2484375
3 0.39453125 0.6140625000000001 0.08281250000000001 0.140625
2 0.478125 0.49296875 0.084375 0.2484375
2 0.7125 0.65625 0.08750000000000001 0.15000000000000002
