3 0.11171875 0.28984375 0.08281250000000001 0.2234375
3 0.0125 0.31875000000000003 0.025 0.15937500000000002
3 0.01953125 0.5554687500000001 0.029687500000000002 0.0765625
3 0.31562500000000004 0.759375 0.084375 0.07500000000000001
3 0.4 0.7679687500000001 0.084375 0.0921875
3 0.34140625 0.9226562500000001 0.1078125 0.0671875
3 0.57421875 0.6882812500000001 0.2390625 0.17343750000000002
3 0.51328125 0.8640625000000001 0.15781250000000002 0.16875
3 0.5890625 0.565625 0.13125 0.140625
3 0.75546875 0.31171875000000004 0.4765625 0.34218750000000003
3 0.43046875 0.52734375 0.15156250000000002 0.1640625
3 0.39296875000000003 0.05390625 0.1390625 0.09843750000000001
