4 0.18906250000000002 0.5796875 0.10625000000000001 0.28750000000000003
4 0.296875 0.51953125 0.10625000000000001 0.30781250000000004
4 0.26953125 0.7992187500000001 0.09843750000000001 0.1640625
4 0.33359375 0.7820312500000001 0.0390625 0.09843750000000001
2 0.37812500000000004 0.91328125 0.05 0.15781250000000002
2 0.40546875000000004 0.55390625 0.0484375 0.26406250000000003
2 0.59765625 0.38359375 0.06406250000000001 0.1484375
2 0.6546875000000001 0.22890625 0.140625 0.1453125
2 0.67578125 0.9046875000000001 0.035937500000000004 0.13125
2 0.7453125 0.8601562500000001 0.08125 0.2671875
3 0.46796875000000004 0.78515625 0.045312500000000006 0.0765625
3 0.5007812500000001 0.3484375 0.09531250000000001 0.234375
3 0.59921875 0.4703125 0.0484375 0.10625000000000001
3 0.5453125 0.096875 0.1125 0.171875
3 0.6468750000000001 0.07734375 0.040625 0.1546875
4 0.90546875 0.30859375 0.1703125 0.2703125
4 0.90546875 0.31015625 0.1703125 0.2703125
