3 0.89453125 0.6640625 0.08281250000000001 0.09375
3 0.821875 0.8718750000000001 0.08125 0.096875
3 0.6507812500000001 0.884375 0.1421875 0.08125
3 0.71015625 0.9640625 0.1703125 0.06875
3 0.5640625 0.41015625 0.046875 0.1234375
3 0.5007812500000001 0.7937500000000001 0.0328125 0.046875
3 0.18984375 0.7976562500000001 0.09531250000000001 0.045312500000000006
3 0.057031250000000006 0.8382812500000001 0.0484375 0.0671875
3 0.15703125 0.8601562500000001 0.060937500000000006 0.09843750000000001
3 0.47187500000000004 0.5007812500000001 0.05625 0.045312500000000006
3 0.39140625 0.17421875 0.0546875 0.060937500000000006
3 0.24140625000000002 0.60859375 0.0765625 0.051562500000000004
3 0.25859375 0.94921875 0.08281250000000001 0.0546875
3 0.50625 0.62890625 0.08750000000000001 0.1796875
3 0.6062500000000001 0.63671875 0.084375 0.1234375
