3 0.17265625 0.86875 0.1453125 0.18125000000000002
3 0.06171875 0.9242187500000001 0.07968750000000001 0.15156250000000002
3 0.30859375 0.9546875 0.1390625 0.09062500000000001
3 0.4921875 0.9609375 0.178125 0.078125
3 0.33671875 0.7562500000000001 0.0421875 0.065625
3 0.384375 0.8445312500000001 0.043750000000000004 0.0734375
3 0.0703125 0.775 0.084375 0.07187500000000001
3 0.12890625 0.6453125000000001 0.0921875 0.10312500000000001
3 0.47734375 0.7054687500000001 0.0578125 0.1046875
3 0.46640625 0.8148437500000001 0.0890625 0.1171875
3 0.55390625 0.7757812500000001 0.1015625 0.2671875
3 0.7000000000000001 0.6570312500000001 0.11875000000000001 0.1546875
3 0.7406250000000001 0.775 0.05625 0.125
3 0.39687500000000003 0.53671875 0.10312500000000001 0.1203125
3 0.4859375 0.54296875 0.043750000000000004 0.0578125
3 0.5945312500000001 0.44921875 0.1078125 0.11093750000000001
3 0.7132812500000001 0.47109375000000003 0.1015625 0.1046875
3 0.7835937500000001 0.6000000000000001 0.18906250000000002 0.146875
3 0.60078125 0.6101562500000001 0.0546875 0.060937500000000006
3 0.58046875 0.55 0.026562500000000003 0.05625
3 0.19921875 0.56015625 0.0765625 0.0921875
3 0.27421875 0.5515625000000001 0.06406250000000001 0.0625
3 0.29531250000000003 0.6117187500000001 0.05625 0.029687500000000002
3 0.30390625000000004 0.65546875 0.0671875 0.0578125
