3 0.6078125000000001 0.9031250000000001 0.209375 0.19375
3 0.29765625 0.8390625 0.0578125 0.09375
3 0.25390625 0.675 0.07968750000000001 0.09375
3 0.54609375 0.56171875 0.060937500000000006 0.0859375
3 0.5945312500000001 0.45859375 0.1328125 0.2109375
3 0.70703125 0.55078125 0.1953125 0.2265625
3 0.54609375 0.28750000000000003 0.1859375 0.22812500000000002
3 0.61484375 0.15859375 0.08281250000000001 0.07968750000000001
3 0.296875 0.29296875 0.11875000000000001 0.16718750000000002
3 0.3953125 0.08515625 0.21875 0.1703125
3 0.390625 0.79453125 0.059375000000000004 0.0890625
