3 0.022656250000000003 0.30703125000000003 0.045312500000000006 0.13593750000000002
3 0.078125 0.16796875 0.0625 0.09843750000000001
3 0.30859375 0.09062500000000001 0.0546875 0.07500000000000001
3 0.33906250000000004 0.13359375 0.115625 0.1453125
3 0.42500000000000004 0.07187500000000001 0.10312500000000001 0.134375
3 0.5765625 0.07109375 0.134375 0.1421875
3 0.5109375 0.115625 0.078125 0.084375
3 0.5398437500000001 0.28046875 0.08281250000000001 0.11406250000000001
3 0.6351562500000001 0.259375 0.1296875 0.13125
3 0.55859375 0.375 0.0546875 0.0625
3 0.63671875 0.36171875000000003 0.0765625 0.0734375
3 0.1859375 0.4234375 0.1375 0.12812500000000002
3 0.19609375 0.52265625 0.1484375 0.2015625
3 0.2609375 0.33671875 0.08750000000000001 0.1046875
3 0.05234375 0.6609375000000001 0.0859375 0.12812500000000002
3 0.09765625 0.8070312500000001 0.0765625 0.0734375
3 0.23593750000000002 0.640625 0.12187500000000001 0.125
3 0.18906250000000002 0.8390625 0.043750000000000004 0.0625
3 0.25546875 0.9031250000000001 0.09531250000000001 0.140625
3 0.49140625000000004 0.7765625 0.09531250000000001 0.13125
3 0.546875 0.8617187500000001 0.078125 0.11093750000000001
3 0.50703125 0.6843750000000001 0.0328125 0.05
3 0.58125 0.496875 0.08750000000000001 0.15625
3 0.6570312500000001 0.54296875 0.09843750000000001 0.09843750000000001
3 0.44921875 0.41640625000000003 0.09531250000000001 0.1796875
3 0.36562500000000003 0.28750000000000003 0.096875 0.171875
3 0.6265625 0.6804687500000001 0.23125 0.2859375
3 0.515625 0.5546875 0.13125 0.178125
