3 0.59921875 0.16875 0.0421875 0.05625
3 0.72578125 0.16484375 0.0484375 0.06406250000000001
3 0.6976562500000001 0.25625000000000003 0.035937500000000004 0.046875
3 0.6796875 0.321875 0.09375 0.12812500000000002
3 0.71015625 0.4375 0.07968750000000001 0.10625000000000001
3 0.6507812500000001 0.42031250000000003 0.1171875 0.153125
3 0.36562500000000003 0.28203125 0.20625000000000002 0.2703125
3 0.2 0.36640625000000004 0.15000000000000002 0.20468750000000002
3 0.21953125 0.521875 0.16718750000000002 0.21250000000000002
3 0.32265625000000003 0.5296875 0.0421875 0.05625
3 0.665625 0.5328125 0.13125 0.17500000000000002
3 0.696875 0.6976562500000001 0.17500000000000002 0.23593750000000002
3 0.57265625 0.6609375000000001 0.1609375 0.21250000000000002
3 0.290625 0.6578125 0.16562500000000002 0.215625
3 0.48828125 0.790625 0.1078125 0.15000000000000002
7 0.58046875 0.853125 0.0921875 0.11875000000000001
3 0.41875 0.5875 0.043750000000000004 0.059375000000000004
