3 0.54609375 0.8757812500000001 0.0703125 0.0765625
3 0.2328125 0.21406250000000002 0.30000000000000004 0.15625
3 0.46171875 0.9320312500000001 0.1015625 0.035937500000000004
3 0.30781250000000004 0.86640625 0.115625 0.0765625
3 0.1484375 0.8671875 0.12187500000000001 0.07500000000000001
3 0.9554687500000001 0.14609375 0.08281250000000001 0.0890625
3 0.51484375 0.36250000000000004 0.11093750000000001 0.06875
3 0.6648437500000001 0.26640625 0.1234375 0.0671875
3 0.7171875000000001 0.16171875000000002 0.1 0.0890625
3 0.9296875 0.58046875 0.12187500000000001 0.0734375
3 0.6000000000000001 0.6312500000000001 0.140625 0.13125
3 0.36328125 0.52265625 0.2484375 0.07968750000000001
3 0.8765625 0.790625 0.18125000000000002 0.05625
