3 0.88203125 0.146875 0.1703125 0.178125
3 0.96015625 0.32265625000000003 0.07968750000000001 0.1171875
3 0.7757812500000001 0.3609375 0.09531250000000001 0.059375000000000004
3 0.9773437500000001 0.49921875000000004 0.045312500000000006 0.0921875
3 0.64609375 0.1328125 0.07968750000000001 0.046875
3 0.5765625 0.4921875 0.13125 0.1125
3 0.43515625 0.5421875 0.15156250000000002 0.11875000000000001
3 0.37890625 0.16640625 0.1796875 0.1015625
3 0.40859375000000003 0.2265625 0.1609375 0.15000000000000002
3 0.24765625000000002 0.26171875 0.2484375 0.18906250000000002
3 0.19062500000000002 0.44375000000000003 0.28125 0.234375
3 0.35390625000000003 0.48984375 0.3515625 0.3328125
