3 0.08750000000000001 0.18984375 0.153125 0.1859375
3 0.05625 0.8234375 0.1125 0.16562500000000002
3 0.1953125 0.940625 0.140625 0.11875000000000001
3 0.56796875 0.7664062500000001 0.1453125 0.2328125
3 0.6671875 0.9265625000000001 0.059375000000000004 0.146875
3 0.6453125000000001 0.4 0.153125 0.30312500000000003
3 0.82578125 0.6664062500000001 0.33906250000000004 0.4296875
3 0.75703125 0.39765625000000004 0.1015625 0.17343750000000002
3 0.39296875000000003 0.028125 0.1484375 0.05625
3 0.5296875 0.13125 0.08750000000000001 0.19687500000000002
3 0.6984375 0.06875 0.125 0.125
3 0.6984375 0.20234375000000002 0.07187500000000001 0.09843750000000001
3 0.8203125 0.19609375 0.14375000000000002 0.0890625
3 0.83359375 0.0625 0.1546875 0.125
3 0.11328125 0.45625000000000004 0.2265625 0.25625000000000003
