3 0.36171875000000003 0.29531250000000003 0.1203125 0.065625
3 0.38515625000000003 0.38906250000000003 0.1421875 0.05625
3 0.390625 0.45625000000000004 0.065625 0.043750000000000004
3 0.025781250000000002 0.38046875 0.051562500000000004 0.045312500000000006
3 0.32109375 0.7234375000000001 0.0890625 0.040625
3 0.3984375 0.6171875 0.0625 0.03125
4 0.66328125 0.41953125 0.1453125 0.051562500000000004
4 0.4734375 0.47578125000000004 0.115625 0.08281250000000001
4 0.33671875 0.5078125 0.1296875 0.059375000000000004
4 0.43515625 0.5453125 0.11406250000000001 0.05
4 0.5906250000000001 0.5164062500000001 0.07187500000000001 0.0203125
4 0.6953125 0.42031250000000003 0.10312500000000001 0.034375
4 0.9539062500000001 0.58125 0.0890625 0.05625
4 0.5546875 0.55078125 0.10312500000000001 0.0390625
4 0.47578125000000004 0.5796875 0.09843750000000001 0.046875
