3 0.20078125000000002 0.640625 0.0765625 0.13125
3 0.134375 0.296875 0.043750000000000004 0.09375
3 0.27187500000000003 0.5375 0.06875 0.06875
3 0.8953125000000001 0.19375 0.11875000000000001 0.1875
3 0.5671875000000001 0.5671875000000001 0.10625000000000001 0.30625
3 0.48671875000000003 0.30859375 0.0734375 0.08281250000000001
3 0.46015625000000004 0.15078125 0.0546875 0.060937500000000006
3 0.38593750000000004 0.2671875 0.025 0.05
3 0.5140625 0.10234375000000001 0.043750000000000004 0.0890625
3 0.6335937500000001 0.453125 0.07968750000000001 0.09375
3 0.815625 0.36875 0.109375 0.15000000000000002
3 0.9015625 0.8734375000000001 0.037500000000000006 0.125
3 0.7265625 0.5140625 0.065625 0.06875
3 0.7984375 0.5625 0.08750000000000001 0.22187500000000002
