3 0.09609375 0.19140625 0.0546875 0.1328125
3 0.13828125 0.6023437500000001 0.1046875 0.1453125
3 0.23125 0.49609375 0.08750000000000001 0.1078125
3 0.35234375 0.24531250000000002 0.08281250000000001 0.07187500000000001
3 0.45625000000000004 0.09843750000000001 0.065625 0.08750000000000001
3 0.43125 0.31875000000000003 0.046875 0.08750000000000001
3 0.44843750000000004 0.62265625 0.11875000000000001 0.2984375
3 0.7421875 0.00625 0.084375 0.0125
3 0.9046875000000001 0.26875 0.19062500000000002 0.23125
3 0.7742187500000001 0.628125 0.1171875 0.24375000000000002
3 0.775 0.41250000000000003 0.140625 0.12187500000000001
3 0.6828125 0.415625 0.040625 0.05
3 0.57734375 0.52109375 0.06406250000000001 0.0421875
3 0.9148437500000001 0.83125 0.0734375 0.07187500000000001
3 0.98203125 0.8679687500000001 0.035937500000000004 0.0765625
3 0.93515625 0.9500000000000001 0.060937500000000006 0.1
3 0.94296875 0.032031250000000004 0.11406250000000001 0.06406250000000001
