2 0.32656250000000003 0.38515625000000003 0.06875 0.1796875
2 0.384375 0.184375 0.06875 0.20625000000000002
2 0.44140625 0.10703125000000001 0.0546875 0.2109375
2 0.5296875 0.18671875000000002 0.08750000000000001 0.19843750000000002
2 0.63203125 0.2109375 0.0671875 0.20625000000000002
2 0.5359375000000001 0.53671875 0.109375 0.1953125
2 0.46484375 0.59375 0.0765625 0.1375
2 0.45156250000000003 0.43281250000000004 0.0625 0.178125
2 0.4765625 0.4546875 0.05 0.09375
2 0.6156250000000001 0.48046875 0.08125 0.1546875
2 0.32109375 0.27421875 0.026562500000000003 0.0890625
2 0.32734375000000004 0.1390625 0.045312500000000006 0.11875000000000001
