4 0.60546875 0.7578125 0.1453125 0.28125
4 0.28125 0.11484375000000001 0.13125 0.22031250000000002
4 0.19687500000000002 0.30703125000000003 0.06875 0.1609375
3 0.6781250000000001 0.23046875 0.078125 0.11406250000000001
3 0.7015625000000001 0.35234375 0.046875 0.08281250000000001
3 0.7125 0.45 0.040625 0.05625
3 0.74609375 0.5203125000000001 0.026562500000000003 0.084375
3 0.74609375 0.8953125000000001 0.0671875 0.1625
3 0.58125 0.58984375 0.053125000000000006 0.1640625
3 0.5242187500000001 0.16015625 0.035937500000000004 0.07968750000000001
3 0.5828125000000001 0.06875 0.040625 0.078125
3 0.47109375000000003 0.06328125 0.0328125 0.0859375
3 0.52578125 0.0234375 0.045312500000000006 0.046875
2 0.45625000000000004 0.66953125 0.07500000000000001 0.1546875
3 0.85703125 0.26015625000000003 0.029687500000000002 0.0765625
3 0.82734375 0.1015625 0.035937500000000004 0.078125
2 0.30078125 0.3921875 0.0546875 0.109375
2 0.29296875 0.27968750000000003 0.0390625 0.11875000000000001
2 0.359375 0.2390625 0.065625 0.146875
2 0.055468750000000004 0.603125 0.09843750000000001 0.16562500000000002
2 0.05 0.35000000000000003 0.09375 0.36875
2 0.15234375 0.6078125000000001 0.09531250000000001 0.203125
2 0.15781250000000002 0.7406250000000001 0.09062500000000001 0.140625
2 0.3828125 0.93359375 0.08125 0.1171875
2 0.46328125000000003 0.93671875 0.0390625 0.09531250000000001
2 0.49062500000000003 0.7796875000000001 0.059375000000000004 0.09375
