3 0.5828125000000001 0.7093750000000001 0.05625 0.07187500000000001
3 0.5281250000000001 0.90625 0.07187500000000001 0.178125
3 0.38984375000000004 0.01015625 0.0234375 0.0171875
5 0.9640625 0.59765625 0.065625 0.17343750000000002
5 0.721875 0.37812500000000004 0.08750000000000001 0.215625
5 0.59296875 0.40937500000000004 0.045312500000000006 0.059375000000000004
5 0.59609375 0.50546875 0.0578125 0.1484375
5 0.56875 0.65625 0.084375 0.17500000000000002
5 0.8929687500000001 0.9593750000000001 0.1046875 0.08125
5 0.98046875 0.78515625 0.035937500000000004 0.15781250000000002
5 0.7898437500000001 0.41484375 0.0671875 0.1640625
5 0.6882812500000001 0.171875 0.026562500000000003 0.0625
5 0.66953125 0.2890625 0.051562500000000004 0.11875000000000001
5 0.6265625 0.27734375 0.040625 0.11093750000000001
