3 0.853125 0.053125000000000006 0.20625000000000002 0.09062500000000001
3 0.171875 0.21015625000000002 0.10312500000000001 0.13593750000000002
3 0.08515625 0.34765625 0.1484375 0.1328125
3 0.08203125 0.93359375 0.1328125 0.1078125
3 0.1125 0.85078125 0.1625 0.07968750000000001
3 0.27109375 0.9703125 0.1234375 0.059375000000000004
3 0.43593750000000003 0.225 0.45 0.115625
3 0.8773437500000001 0.19375 0.24531250000000002 0.10312500000000001
3 0.3640625 0.41640625000000003 0.696875 0.3171875
3 0.6875 0.696875 0.45625000000000004 0.384375
3 0.8703125 0.26015625000000003 0.20625000000000002 0.051562500000000004
3 0.80078125 0.446875 0.16718750000000002 0.1125
