2 0.5671875000000001 0.1390625 0.046875 0.23125
2 0.3984375 0.40703125 0.078125 0.18906250000000002
2 0.47500000000000003 0.27734375 0.05625 0.1421875
2 0.6156250000000001 0.23593750000000002 0.034375 0.096875
2 0.62265625 0.47187500000000004 0.0859375 0.21250000000000002
2 0.49921875000000004 0.50703125 0.0765625 0.2890625
2 0.796875 0.32265625000000003 0.065625 0.1609375
2 0.8445312500000001 0.41250000000000003 0.0484375 0.134375
2 0.7507812500000001 0.57265625 0.0890625 0.20468750000000002
3 0.5867187500000001 0.5203125000000001 0.06406250000000001 0.11875000000000001
3 0.7054687500000001 0.1046875 0.0546875 0.203125
3 0.62265625 0.09453125000000001 0.0703125 0.1296875
