3 0.08750000000000001 0.41171875 0.07187500000000001 0.0671875
3 0.028125 0.3125 0.053125000000000006 0.1
3 0.19687500000000002 0.6195312500000001 0.06875 0.0390625
3 0.24375000000000002 0.54140625 0.046875 0.0671875
3 0.240625 0.24453125 0.08125 0.2609375
3 0.46953125 0.4296875 0.0390625 0.059375000000000004
3 0.55 0.43281250000000004 0.125 0.115625
3 0.525 0.24375000000000002 0.1 0.21250000000000002
3 0.5359375000000001 0.8500000000000001 0.09375 0.10625000000000001
3 0.625 0.7046875 0.05 0.046875
3 0.64375 0.5554687500000001 0.1125 0.1921875
3 0.753125 0.53359375 0.037500000000000006 0.1015625
3 0.7515625 0.8328125000000001 0.14375000000000002 0.209375
3 0.28203125 0.7250000000000001 0.0546875 0.059375000000000004
