4 0.6804687500000001 0.18906250000000002 0.1453125 0.1875
4 0.77734375 0.56953125 0.1171875 0.22031250000000002
4 0.76328125 0.7679687500000001 0.1046875 0.1234375
4 0.55859375 0.8539062500000001 0.1078125 0.1328125
4 0.50390625 0.92890625 0.0734375 0.08281250000000001
4 0.46718750000000003 0.325 0.053125000000000006 0.109375
4 0.40390625 0.27890625 0.060937500000000006 0.1765625
4 0.45546875000000003 0.5007812500000001 0.07968750000000001 0.1046875
4 0.39609375 0.48750000000000004 0.0328125 0.06875
4 0.37109375 0.5484375 0.07968750000000001 0.11875000000000001
4 0.52734375 0.08359375000000001 0.1453125 0.15156250000000002
3 0.6414062500000001 0.17500000000000002 0.0421875 0.1
3 0.74921875 0.5421875 0.035937500000000004 0.084375
3 0.70703125 0.4078125 0.0328125 0.115625
4 0.6820312500000001 0.4078125 0.1015625 0.30000000000000004
3 0.640625 0.50546875 0.015625 0.045312500000000006
4 0.60703125 0.325 0.0546875 0.1
4 0.525 0.68359375 0.025 0.0484375
4 0.7328125000000001 0.05234375 0.1 0.0859375
4 0.66171875 0.04296875 0.0390625 0.0671875
4 0.6585937500000001 0.7468750000000001 0.1015625 0.115625
3 0.6515625 0.74765625 0.059375000000000004 0.09531250000000001
3 0.584375 0.63984375 0.05625 0.09531250000000001
4 0.5906250000000001 0.6062500000000001 0.07500000000000001 0.15937500000000002
4 0.521875 0.5554687500000001 0.043750000000000004 0.0671875
