3 0.49453125000000003 0.69453125 0.2546875 0.22031250000000002
3 0.31484375000000003 0.5125000000000001 0.051562500000000004 0.046875
3 0.8359375 0.49843750000000003 0.096875 0.1
3 0.7484375000000001 0.34375 0.08750000000000001 0.08125
3 0.13359375 0.18515625000000002 0.1265625 0.09843750000000001
3 0.29921875000000003 0.20078125000000002 0.2484375 0.09531250000000001
3 0.84140625 0.22812500000000002 0.18281250000000002 0.125
3 0.2171875 0.05078125 0.40937500000000004 0.1015625
3 0.9281250000000001 0.07500000000000001 0.125 0.096875
3 0.65625 0.44453125000000004 0.1375 0.11093750000000001
3 0.78828125 0.0421875 0.1328125 0.07187500000000001
