3 0.010937500000000001 0.31875000000000003 0.021875000000000002 0.10312500000000001
3 0.18671875000000002 0.21328125 0.11093750000000001 0.41718750000000004
3 0.45625000000000004 0.92578125 0.125 0.1484375
3 0.40546875000000004 0.1875 0.18906250000000002 0.2
3 0.5867187500000001 0.0765625 0.1484375 0.153125
3 0.584375 0.26171875 0.07500000000000001 0.1296875
3 0.56875 0.40703125 0.11875000000000001 0.1609375
3 0.6687500000000001 0.2578125 0.046875 0.1625
3 0.7468750000000001 0.6890625 0.07500000000000001 0.08125
3 0.82578125 0.75703125 0.0578125 0.09531250000000001
3 0.7562500000000001 0.82734375 0.059375000000000004 0.1796875
3 0.8523437500000001 0.9382812500000001 0.11406250000000001 0.1234375
