3 0.20078125000000002 0.32109375 0.09843750000000001 0.1046875
3 0.3203125 0.2765625 0.09375 0.078125
3 0.2984375 0.06015625 0.1 0.08281250000000001
3 0.21250000000000002 0.15546875000000002 0.21875 0.0765625
3 0.5171875 0.05 0.23125 0.09062500000000001
3 0.546875 0.49453125000000003 0.21250000000000002 0.09531250000000001
3 0.29531250000000003 0.565625 0.078125 0.09062500000000001
3 0.7835937500000001 0.4 0.19843750000000002 0.09062500000000001
3 0.7156250000000001 0.6171875 0.184375 0.215625
3 0.70234375 0.76328125 0.0703125 0.0546875
