3 0.0625 0.9375 0.07500000000000001 0.115625
3 0.17421875 0.8765625 0.0859375 0.20625000000000002
3 0.15000000000000002 0.5328125 0.15000000000000002 0.125
3 0.23125 0.6156250000000001 0.096875 0.2
3 0.33906250000000004 0.62109375 0.11875000000000001 0.1390625
3 0.35625 0.52578125 0.11875000000000001 0.1546875
3 0.19062500000000002 0.36328125 0.09062500000000001 0.0484375
3 0.25546875 0.309375 0.0328125 0.0625
3 0.309375 0.21171875 0.084375 0.1484375
3 0.36484375 0.5007812500000001 0.1078125 0.1296875
3 0.5906250000000001 0.25 0.09375 0.1625
3 0.6312500000000001 0.11640625 0.046875 0.07968750000000001
3 0.32656250000000003 0.7273437500000001 0.125 0.07968750000000001
3 0.44296875 0.78671875 0.09843750000000001 0.09843750000000001
3 0.5765625 0.8132812500000001 0.05625 0.1640625
3 0.74921875 0.290625 0.2171875 0.2625
3 0.65234375 0.6421875 0.060937500000000006 0.15000000000000002
3 0.71796875 0.49453125000000003 0.0765625 0.15781250000000002
3 0.71796875 0.4265625 0.1859375 0.05625
3 0.7132812500000001 0.6390625000000001 0.051562500000000004 0.059375000000000004
3 0.7898437500000001 0.625 0.08281250000000001 0.06875
3 0.70703125 0.9343750000000001 0.029687500000000002 0.09375
3 0.7515625 0.92109375 0.028125 0.035937500000000004
3 0.76875 0.846875 0.059375000000000004 0.1625
3 0.82421875 0.7453125 0.0734375 0.125
3 0.8148437500000001 0.9578125000000001 0.051562500000000004 0.07187500000000001
3 0.55703125 0.95625 0.11406250000000001 0.08125
