3 0.215625 0.065625 0.053125000000000006 0.07187500000000001
3 0.41171875 0.060937500000000006 0.0671875 0.08750000000000001
3 0.5203125000000001 0.1375 0.08750000000000001 0.13125
3 0.42812500000000003 0.20234375000000002 0.115625 0.1953125
3 0.55859375 0.29609375 0.1421875 0.2171875
3 0.72421875 0.4296875 0.21406250000000002 0.1875
7 0.80234375 0.640625 0.09843750000000001 0.134375
3 0.578125 0.59375 0.134375 0.25
3 0.24140625000000002 0.84140625 0.08281250000000001 0.09531250000000001
3 0.57265625 0.9281250000000001 0.20468750000000002 0.12812500000000002
