3 0.33125000000000004 0.3171875 0.290625 0.41875
3 0.553125 0.21250000000000002 0.21875 0.146875
3 0.6195312500000001 0.06796875000000001 0.1234375 0.1203125
3 0.95703125 0.7562500000000001 0.0859375 0.11875000000000001
3 0.9484375 0.90546875 0.10312500000000001 0.18906250000000002
3 0.75 0.5164062500000001 0.421875 0.3953125
3 0.7625000000000001 0.734375 0.209375 0.309375
3 0.72421875 0.14140625 0.08281250000000001 0.1328125
3 0.54453125 0.7585937500000001 0.08281250000000001 0.0921875
3 0.43515625 0.9171875 0.2078125 0.16562500000000002
3 0.29921875000000003 0.7359375 0.4296875 0.23125
3 0.7000000000000001 0.29531250000000003 0.046875 0.10312500000000001
