3 0.57421875 0.05390625 0.1078125 0.045312500000000006
3 0.30234375 0.1875 0.0703125 0.084375
3 0.19609375 0.10546875 0.11406250000000001 0.0734375
3 0.55 0.31328125 0.059375000000000004 0.0328125
3 0.6726562500000001 0.39453125 0.08281250000000001 0.0703125
3 0.8359375 0.7117187500000001 0.10312500000000001 0.0671875
3 0.4546875 0.40468750000000003 0.08750000000000001 0.059375000000000004
3 0.28671875 0.5140625 0.0484375 0.046875
3 0.86484375 0.93515625 0.2171875 0.1296875
3 0.38046875 0.74921875 0.1296875 0.1765625
3 0.5359375000000001 0.8703125 0.21250000000000002 0.12812500000000002
3 0.16171875000000002 0.74765625 0.2390625 0.1609375
3 0.14375000000000002 0.4578125 0.28750000000000003 0.109375
3 0.0203125 0.8304687500000001 0.040625 0.0484375
