3 0.10703125000000001 0.0859375 0.1640625 0.15937500000000002
3 0.03671875 0.2234375 0.0734375 0.140625
3 0.19921875 0.29296875 0.11093750000000001 0.1953125
3 0.32109375 0.06796875000000001 0.19843750000000002 0.1296875
3 0.42812500000000003 0.15546875000000002 0.06875 0.09843750000000001
3 0.40078125000000003 0.32578125 0.1234375 0.1234375
3 0.48828125 0.2265625 0.0546875 0.1125
3 0.28203125 0.47734375 0.1296875 0.1046875
3 0.45625000000000004 0.39296875000000003 0.05625 0.06406250000000001
3 0.45703125 0.62890625 0.045312500000000006 0.1015625
3 0.5234375 0.7046875 0.06875 0.09375
3 0.56484375 0.8226562500000001 0.0578125 0.1171875
3 0.6804687500000001 0.35078125000000004 0.07968750000000001 0.0890625
3 0.6203125 0.55078125 0.09375 0.2234375
3 0.6687500000000001 0.66171875 0.043750000000000004 0.08281250000000001
3 0.64453125 0.7984375 0.1078125 0.2
3 0.62890625 0.25078125 0.06406250000000001 0.0703125
