3 0.12812500000000002 0.12421875 0.11875000000000001 0.1390625
3 0.24296875 0.09062500000000001 0.11093750000000001 0.17500000000000002
3 0.19453125000000002 0.33515625000000004 0.0578125 0.1265625
3 0.12265625000000001 0.44296875 0.2421875 0.30781250000000004
3 0.5398437500000001 0.22812500000000002 0.07968750000000001 0.115625
3 0.6414062500000001 0.19843750000000002 0.08281250000000001 0.15625
3 0.40703125 0.51015625 0.1421875 0.1609375
3 0.48203125 0.6429687500000001 0.1765625 0.1546875
3 0.5578125 0.3375 0.140625 0.20625000000000002
3 0.62421875 0.4609375 0.1046875 0.1625
3 0.671875 0.6117187500000001 0.12812500000000002 0.1953125
