3 0.12265625000000001 0.515625 0.24531250000000002 0.375
3 0.30312500000000003 0.2859375 0.240625 0.33437500000000003
3 0.35781250000000003 0.17734375000000002 0.07500000000000001 0.09531250000000001
3 0.3796875 0.33125000000000004 0.07187500000000001 0.09062500000000001
3 0.3875 0.26484375 0.065625 0.0890625
3 0.54296875 0.37890625 0.1046875 0.1453125
3 0.61875 0.37734375000000003 0.065625 0.0859375
3 0.39375000000000004 0.46484375 0.13125 0.1703125
3 0.42500000000000004 0.53046875 0.134375 0.18281250000000002
3 0.43281250000000004 0.6820312500000001 0.1125 0.1546875
3 0.5164062500000001 0.546875 0.08281250000000001 0.1125
3 0.5765625 0.5640625 0.109375 0.15625
3 0.6781250000000001 0.58203125 0.07187500000000001 0.09531250000000001
3 0.8093750000000001 0.32734375000000004 0.18125000000000002 0.2328125
3 0.8093750000000001 0.49453125000000003 0.07500000000000001 0.09843750000000001
3 0.9085937500000001 0.45 0.1421875 0.178125
3 0.6734375 0.89375 0.15937500000000002 0.21250000000000002
3 0.7296875 0.1875 0.07500000000000001 0.10312500000000001
3 0.875 0.53125 0.07500000000000001 0.09375
3 0.21171875 0.6640625 0.3453125 0.47500000000000003
3 0.18203125 0.8617187500000001 0.26406250000000003 0.2765625
