3 0.796875 0.35781250000000003 0.35000000000000003 0.09062500000000001
4 0.7273437500000001 0.45546875000000003 0.16718750000000002 0.1046875
4 0.44843750000000004 0.509375 0.07187500000000001 0.05
4 0.33437500000000003 0.5164062500000001 0.096875 0.051562500000000004
4 0.2421875 0.53046875 0.06875 0.045312500000000006
4 0.19296875000000002 0.578125 0.0546875 0.025
3 0.3921875 0.60859375 0.07500000000000001 0.0546875
3 0.2921875 0.73828125 0.1375 0.11406250000000001
3 0.35234375 0.8296875 0.1640625 0.09062500000000001
3 0.140625 0.84921875 0.046875 0.0203125
2 0.9187500000000001 0.534375 0.153125 0.05
2 0.9070312500000001 0.6335937500000001 0.1046875 0.0765625
2 0.7742187500000001 0.6078125000000001 0.0703125 0.065625
2 0.7421875 0.71015625 0.146875 0.045312500000000006
2 0.9359375000000001 0.690625 0.096875 0.025
2 0.8617187500000001 0.7453125 0.0859375 0.059375000000000004
