3 0.039843750000000004 0.66796875 0.0671875 0.1234375
3 0.25234375000000003 0.6820312500000001 0.13593750000000002 0.0921875
3 0.11953125 0.4234375 0.18281250000000002 0.096875
3 0.275 0.45546875000000003 0.065625 0.0421875
3 0.46484375 0.16953125000000002 0.19843750000000002 0.1546875
3 0.59765625 0.4296875 0.1859375 0.184375
3 0.5890625 0.31484375000000003 0.053125000000000006 0.0578125
3 0.765625 0.375 0.209375 0.13125
3 0.7234375000000001 0.15937500000000002 0.178125 0.19687500000000002
3 0.85859375 0.22812500000000002 0.18281250000000002 0.153125
