4 0.31796875 0.18906250000000002 0.1453125 0.1875
4 0.22109375 0.56953125 0.1171875 0.22031250000000002
4 0.23515625 0.7679687500000001 0.1046875 0.1234375
4 0.43984375000000003 0.8539062500000001 0.1078125 0.1328125
4 0.49453125000000003 0.92890625 0.0734375 0.08281250000000001
4 0.53125 0.325 0.053125000000000006 0.109375
4 0.5945312500000001 0.27890625 0.060937500000000006 0.1765625
4 0.54296875 0.5007812500000001 0.07968750000000001 0.1046875
4 0.6023437500000001 0.48750000000000004 0.0328125 0.06875
4 0.6273437500000001 0.5484375 0.07968750000000001 0.11875000000000001
4 0.47109375000000003 0.08359375000000001 0.1453125 0.15156250000000002
3 0.35703125 0.17500000000000002 0.0421875 0.1
3 0.24921875000000002 0.5421875 0.035937500000000004 0.084375
3 0.29140625000000003 0.4078125 0.0328125 0.115625
4 0.31640625 0.4078125 0.1015625 0.30000000000000004
3 0.35781250000000003 0.50546875 0.015625 0.045312500000000006
4 0.39140625 0.325 0.0546875 0.1
4 0.4734375 0.68359375 0.025 0.0484375
4 0.265625 0.05234375 0.1 0.0859375
4 0.33671875 0.04296875 0.0390625 0.0671875
4 0.33984375 0.7468750000000001 0.1015625 0.115625
3 0.34609375000000003 0.74765625 0.060937500000000006 0.09531250000000001
3 0.4140625 0.63984375 0.05625 0.09531250000000001
4 0.4078125 0.6062500000000001 0.07500000000000001 0.15937500000000002
4 0.4765625 0.5554687500000001 0.043750000000000004 0.0671875
