3 0.1921875 0.20468750000000002 0.13125 0.24375000000000002
3 0.49062500000000003 0.0203125 0.10312500000000001 0.037500000000000006
3 0.60859375 0.057031250000000006 0.1015625 0.11406250000000001
3 0.7390625000000001 0.07187500000000001 0.16562500000000002 0.1375
3 0.784375 0.3125 0.11875000000000001 0.109375
3 0.775 0.40625 0.16562500000000002 0.109375
3 0.5750000000000001 0.41328125000000004 0.30312500000000003 0.2328125
3 0.5476562500000001 0.5515625000000001 0.0765625 0.096875
3 0.7296875 0.49921875000000004 0.07500000000000001 0.11093750000000001
3 0.66328125 0.62109375 0.13593750000000002 0.1421875
3 0.7859375000000001 0.6273437500000001 0.08750000000000001 0.16718750000000002
3 0.82734375 0.66953125 0.0890625 0.17343750000000002
3 0.8859375 0.7468750000000001 0.125 0.14375000000000002
3 0.95234375 0.9007812500000001 0.0890625 0.1328125
3 0.33203125 0.26171875 0.13593750000000002 0.1171875
3 0.5242187500000001 0.21406250000000002 0.1921875 0.1375
3 0.64765625 0.21953125 0.09843750000000001 0.24531250000000002
3 0.4109375 0.6101562500000001 0.203125 0.2015625
3 0.0546875 0.6875 0.065625 0.115625
3 0.025781250000000002 0.8148437500000001 0.0421875 0.1203125
3 0.1296875 0.6453125000000001 0.1125 0.19687500000000002
3 0.09921875000000001 0.8851562500000001 0.1171875 0.2078125
3 0.2484375 0.79296875 0.19687500000000002 0.19843750000000002
3 0.23125 0.9476562500000001 0.115625 0.1046875
