3 0.53046875 0.1921875 0.20468750000000002 0.35625
3 0.3140625 0.15078125 0.153125 0.1765625
3 0.7039062500000001 0.48203125 0.08281250000000001 0.11406250000000001
3 0.44609375 0.9007812500000001 0.11093750000000001 0.1453125
3 0.57578125 0.971875 0.1765625 0.05625
3 0.64609375 0.8304687500000001 0.1703125 0.11093750000000001
3 0.33828125000000003 0.51484375 0.0890625 0.0859375
3 0.2390625 0.43515625 0.109375 0.16718750000000002
3 0.13125 0.55 0.125 0.109375
3 0.0578125 0.8070312500000001 0.115625 0.31093750000000003
