3 0.1796875 0.35078125000000004 0.246875 0.35781250000000003
3 0.35703125 0.01015625 0.0671875 0.0203125
3 0.2625 0.47265625 0.171875 0.23593750000000002
3 0.40703125 0.39687500000000003 0.1609375 0.234375
3 0.3359375 0.6101562500000001 0.25 0.34218750000000003
3 0.42734375 0.75390625 0.1921875 0.2609375
3 0.47968750000000004 0.58359375 0.053125000000000006 0.0703125
3 0.56796875 0.69296875 0.1640625 0.2078125
3 0.6140625000000001 0.09765625 0.16875 0.1953125
3 0.70625 0.39453125 0.07187500000000001 0.1015625
3 0.73203125 0.0734375 0.1953125 0.146875
3 0.765625 0.28359375000000003 0.140625 0.1859375
3 0.8539062500000001 0.14453125 0.2078125 0.2734375
