3 0.921875 0.596875 0.084375 0.07187500000000001
3 0.9796875 0.6984375 0.034375 0.1
3 0.7421875 0.8078125 0.109375 0.240625
3 0.815625 0.39687500000000003 0.059375000000000004 0.05
3 0.721875 0.275 0.046875 0.08750000000000001
3 0.52265625 0.58359375 0.051562500000000004 0.0578125
3 0.43203125000000003 0.5984375000000001 0.13593750000000002 0.1125
3 0.44843750000000004 0.77265625 0.1125 0.2171875
3 0.33515625000000004 0.46875 0.1203125 0.19687500000000002
3 0.21953125 0.49765625 0.029687500000000002 0.1046875
3 0.44296875 0.16796875 0.09843750000000001 0.11406250000000001
3 0.22187500000000002 0.17734375000000002 0.15625 0.2265625
3 0.74609375 0.49062500000000003 0.0546875 0.053125000000000006
