3 0.63046875 0.21875 0.2390625 0.14375000000000002
3 0.4921875 0.16718750000000002 0.19062500000000002 0.15625
3 0.37890625 0.240625 0.22031250000000002 0.1625
3 0.35234375 0.33515625000000004 0.15781250000000002 0.1171875
3 0.48828125 0.33828125000000003 0.0703125 0.045312500000000006
3 0.67734375 0.3515625 0.22968750000000002 0.140625
3 0.5789062500000001 0.4265625 0.0765625 0.05
3 0.58984375 0.46796875000000004 0.0578125 0.0328125
3 0.27109375 0.375 0.1296875 0.134375
3 0.3296875 0.46875 0.0625 0.046875
3 0.3171875 0.5140625 0.05625 0.05
3 0.4375 0.7406250000000001 0.17500000000000002 0.15000000000000002
3 0.21250000000000002 0.6265625 0.078125 0.059375000000000004
3 0.16796875 0.634375 0.0390625 0.034375
3 0.415625 0.5625 0.05 0.040625
3 0.5476562500000001 0.58125 0.0734375 0.046875
3 0.53828125 0.6585937500000001 0.0703125 0.0546875
3 0.91171875 0.6078125000000001 0.1765625 0.17500000000000002
3 0.9421875000000001 0.696875 0.115625 0.115625
3 0.8453125 0.7312500000000001 0.09062500000000001 0.07187500000000001
3 0.26328125 0.78125 0.1609375 0.078125
3 0.32656250000000003 0.84140625 0.053125000000000006 0.035937500000000004
