3 0.29375 0.29531250000000003 0.27187500000000003 0.39375000000000004
3 0.584375 0.057031250000000006 0.115625 0.0921875
3 0.6882812500000001 0.14140625 0.0765625 0.11406250000000001
3 0.6671875 0.253125 0.05625 0.13125
3 0.5140625 0.1953125 0.19687500000000002 0.14375000000000002
3 0.25234375000000003 0.6898437500000001 0.40156250000000004 0.1859375
3 0.49375 0.71875 0.06875 0.07187500000000001
3 0.40546875000000004 0.88203125 0.17343750000000002 0.1859375
3 0.77265625 0.8757812500000001 0.0546875 0.1640625
3 0.9140625 0.89453125 0.1125 0.2109375
3 0.915625 0.72578125 0.153125 0.15156250000000002
3 0.71484375 0.70703125 0.2015625 0.27968750000000003
3 0.67578125 0.48671875000000003 0.3765625 0.3953125
3 0.59921875 0.32421875 0.0765625 0.09531250000000001
3 0.9703125 0.05625 0.037500000000000006 0.065625
