3 0.047656250000000004 0.56015625 0.07968750000000001 0.18281250000000002
3 0.07734375 0.23593750000000002 0.0890625 0.043750000000000004
3 0.23203125000000002 0.13828125 0.1390625 0.1203125
3 0.30390625000000004 0.6468750000000001 0.0484375 0.05625
3 0.38359375 0.8835937500000001 0.1265625 0.060937500000000006
3 0.50390625 0.7937500000000001 0.035937500000000004 0.043750000000000004
3 0.59921875 0.734375 0.029687500000000002 0.040625
3 0.6328125 0.6687500000000001 0.043750000000000004 0.046875
3 0.66953125 0.74609375 0.0203125 0.0484375
3 0.6781250000000001 0.890625 0.153125 0.05625
