3 0.060937500000000006 0.33828125000000003 0.12187500000000001 0.11406250000000001
3 0.9015625 0.18515625000000002 0.18125000000000002 0.21406250000000002
3 0.7015625000000001 0.19765625 0.30312500000000003 0.3203125
3 0.5359375000000001 0.055468750000000004 0.240625 0.11093750000000001
3 0.82734375 0.46640625 0.1796875 0.2078125
3 0.6218750000000001 0.42734375 0.1125 0.09843750000000001
3 0.53671875 0.40468750000000003 0.11406250000000001 0.115625
3 0.4296875 0.32578125 0.09062500000000001 0.11406250000000001
3 0.434375 0.44843750000000004 0.09375 0.07500000000000001
3 0.35546875 0.48281250000000003 0.0703125 0.109375
3 0.71796875 0.5007812500000001 0.0859375 0.045312500000000006
3 0.7484375000000001 0.5359375000000001 0.059375000000000004 0.046875
3 0.8343750000000001 0.57265625 0.07500000000000001 0.026562500000000003
3 0.51484375 0.56640625 0.0859375 0.09843750000000001
3 0.434375 0.6140625000000001 0.06875 0.059375000000000004
3 0.4390625 0.8046875 0.07187500000000001 0.059375000000000004
3 0.24609375 0.540625 0.07968750000000001 0.040625
3 0.27734375 0.7718750000000001 0.1953125 0.10312500000000001
3 0.08359375000000001 0.76484375 0.1640625 0.0765625
3 0.15234375 0.6726562500000001 0.08281250000000001 0.0546875
3 0.06875 0.6976562500000001 0.09062500000000001 0.045312500000000006
