3 0.03359375 0.78828125 0.060937500000000006 0.1546875
3 0.084375 0.90234375 0.15937500000000002 0.1921875
3 0.19687500000000002 0.75703125 0.146875 0.1765625
3 0.08984375 0.6265625 0.0765625 0.12187500000000001
3 0.2671875 0.55859375 0.10312500000000001 0.1765625
3 0.34687500000000004 0.403125 0.13125 0.10312500000000001
3 0.11328125 0.06484375 0.0859375 0.1296875
3 0.3609375 0.8171875000000001 0.23750000000000002 0.184375
3 0.546875 0.63984375 0.05 0.1015625
3 0.46953125 0.565625 0.1015625 0.115625
3 0.5140625 0.4921875 0.05 0.078125
3 0.36953125000000003 0.5171875 0.0765625 0.09375
3 0.6578125 0.33046875000000003 0.06875 0.22968750000000002
3 0.56640625 0.1796875 0.060937500000000006 0.09375
3 0.5953125 0.08359375000000001 0.040625 0.1015625
3 0.6726562500000001 0.09296875 0.0734375 0.1859375
3 0.7109375 0.24140625000000002 0.09062500000000001 0.09843750000000001
3 0.6898437500000001 0.603125 0.0546875 0.059375000000000004
3 0.7367187500000001 0.51875 0.07968750000000001 0.09375
