3 0.33125000000000004 0.68125 0.290625 0.41875
3 0.553125 0.7859375000000001 0.21875 0.146875
3 0.6195312500000001 0.93125 0.1234375 0.12187500000000001
3 0.95703125 0.2421875 0.0859375 0.11875000000000001
3 0.9484375 0.09375 0.10312500000000001 0.1875
3 0.75 0.48203125 0.421875 0.3953125
3 0.7625000000000001 0.26406250000000003 0.209375 0.309375
3 0.72421875 0.85703125 0.08281250000000001 0.1328125
3 0.54453125 0.23984375000000002 0.08281250000000001 0.0921875
3 0.43515625 0.08203125 0.2078125 0.1640625
3 0.29921875000000003 0.26328125 0.4296875 0.22968750000000002
3 0.7000000000000001 0.703125 0.046875 0.10312500000000001
