3 0.78671875 0.7046875 0.1171875 0.15625
3 0.90625 0.6312500000000001 0.16875 0.1
3 0.8640625000000001 0.52265625 0.1625 0.1265625
3 0.7585937500000001 0.46640625 0.1171875 0.0890625
3 0.6984375 0.5578125 0.040625 0.043750000000000004
3 0.6062500000000001 0.6820312500000001 0.1125 0.15156250000000002
3 0.5546875 0.58359375 0.043750000000000004 0.0484375
3 0.49921875000000004 0.57421875 0.026562500000000003 0.0390625
3 0.74375 0.39453125 0.16875 0.0484375
3 0.60546875 0.39609375 0.045312500000000006 0.035937500000000004
3 0.5554687500000001 0.36953125000000003 0.0578125 0.026562500000000003
3 0.23046875 0.35781250000000003 0.16718750000000002 0.08750000000000001
3 0.4625 0.25078125 0.059375000000000004 0.045312500000000006
3 0.47187500000000004 0.2171875 0.040625 0.018750000000000003
3 0.45625000000000004 0.41640625000000003 0.043750000000000004 0.026562500000000003
3 0.3796875 0.49843750000000003 0.037500000000000006 0.046875
3 0.28984375 0.46015625000000004 0.0546875 0.0390625
3 0.17890625000000002 0.7679687500000001 0.1546875 0.1703125
3 0.06015625 0.75 0.0890625 0.134375
3 0.07500000000000001 0.640625 0.07500000000000001 0.05
3 0.060937500000000006 0.94921875 0.059375000000000004 0.035937500000000004
3 0.253125 0.22187500000000002 0.046875 0.115625
3 0.15390625000000002 0.240625 0.0328125 0.03125
