3 0.76484375 0.20859375000000002 0.3296875 0.2484375
3 0.34765625 0.23671875 0.1765625 0.1328125
3 0.43515625 0.30000000000000004 0.2328125 0.17500000000000002
3 0.22265625 0.25390625 0.1859375 0.1390625
3 0.27421875 0.359375 0.13593750000000002 0.1
3 0.41171875 0.36171875000000003 0.13593750000000002 0.1015625
3 0.203125 0.46640625 0.16875 0.1265625
3 0.53515625 0.640625 0.2421875 0.18125000000000002
3 0.7156250000000001 0.6429687500000001 0.21875 0.1640625
3 0.19921875 0.784375 0.3984375 0.31562500000000004
3 0.6078125000000001 0.80078125 0.33437500000000003 0.2515625
3 0.42265625 0.9078125 0.3796875 0.184375
