3 0.7890625 0.10703125000000001 0.240625 0.21406250000000002
3 0.30625 0.23828125 0.178125 0.1296875
3 0.43281250000000004 0.28515625 0.325 0.11093750000000001
3 0.30625 0.4265625 0.125 0.084375
3 0.45937500000000003 0.38203125000000004 0.153125 0.0671875
3 0.30781250000000004 0.5750000000000001 0.15000000000000002 0.115625
3 0.7921875 0.47187500000000004 0.12187500000000001 0.078125
3 0.9484375 0.565625 0.10312500000000001 0.15937500000000002
3 0.8460937500000001 0.6328125 0.1296875 0.15625
3 0.7390625000000001 0.6640625 0.14375000000000002 0.12187500000000001
3 0.06015625 0.6507812500000001 0.1203125 0.06406250000000001
3 0.0421875 0.76171875 0.084375 0.1484375
3 0.89375 0.796875 0.21250000000000002 0.12812500000000002
3 0.8875000000000001 0.9398437500000001 0.225 0.1203125
3 0.50546875 0.9015625 0.38593750000000004 0.19687500000000002
3 0.13359375 0.32265625000000003 0.2671875 0.1296875
