4 0.215625 0.46718750000000003 0.43125 0.25
3 0.44453125000000004 0.5859375 0.15781250000000002 0.065625
3 0.89609375 0.4734375 0.1765625 0.078125
3 0.6976562500000001 0.6351562500000001 0.1703125 0.0734375
3 0.8812500000000001 0.659375 0.1375 0.05625
3 0.9765625 0.54453125 0.046875 0.1015625
4 0.71796875 0.5984375000000001 0.37343750000000003 0.15937500000000002
4 0.46171875 0.628125 0.3640625 0.184375
4 0.503125 0.37812500000000004 0.21250000000000002 0.09375
4 0.41953125 0.31171875000000004 0.26406250000000003 0.1171875
4 0.70078125 0.321875 0.18906250000000002 0.08750000000000001
4 0.58515625 0.52734375 0.2078125 0.09531250000000001
