5 0.7289062500000001 0.53515625 0.1015625 0.2109375
5 0.7898437500000001 0.6078125000000001 0.1046875 0.15937500000000002
5 0.8500000000000001 0.6796875 0.12812500000000002 0.25
4 0.13125 0.19921875 0.09062500000000001 0.26406250000000003
4 0.21953125 0.26875 0.09531250000000001 0.265625
2 0.31171875000000004 0.26328125 0.035937500000000004 0.22968750000000002
5 0.89765625 0.09843750000000001 0.1703125 0.134375
5 0.9226562500000001 0.17578125 0.1546875 0.1265625
5 0.909375 0.39609375 0.08125 0.18281250000000002
5 0.84921875 0.68515625 0.1421875 0.2109375
3 0.81171875 0.875 0.0390625 0.053125000000000006
3 0.39609375 0.08359375000000001 0.0390625 0.0671875
3 0.3984375 0.47968750000000004 0.09062500000000001 0.19687500000000002
3 0.48828125 0.38828125 0.045312500000000006 0.09843750000000001
3 0.55234375 0.5828125000000001 0.0484375 0.140625
3 0.41796875 0.6726562500000001 0.1015625 0.15156250000000002
3 0.5242187500000001 0.74765625 0.0484375 0.15781250000000002
2 0.49140625000000004 0.54140625 0.1015625 0.1296875
2 0.6218750000000001 0.08828125 0.053125000000000006 0.16718750000000002
