3 0.859375 0.06406250000000001 0.22187500000000002 0.11875000000000001
3 0.8140625 0.19765625 0.12187500000000001 0.1203125
3 0.6359375 0.13828125 0.275 0.2171875
3 0.16875 0.03125 0.23750000000000002 0.0625
3 0.30078125 0.15156250000000002 0.1921875 0.16875
3 0.12578125 0.13593750000000002 0.1453125 0.1
3 0.51953125 0.43281250000000004 0.0890625 0.078125
3 0.4765625 0.29296875 0.2 0.2015625
3 0.85078125 0.40234375 0.1171875 0.18281250000000002
3 0.6609375000000001 0.44609375 0.23750000000000002 0.2984375
3 0.5828125000000001 0.6109375 0.09062500000000001 0.065625
3 0.4625 0.5234375 0.140625 0.07500000000000001
3 0.47421875 0.6492187500000001 0.11093750000000001 0.06406250000000001
3 0.375 0.7367187500000001 0.14375000000000002 0.1171875
3 0.9625 0.5828125000000001 0.065625 0.1125
3 0.8343750000000001 0.5484375 0.2625 0.125
3 0.6609375000000001 0.65546875 0.12187500000000001 0.1421875
3 0.06875 0.72578125 0.1375 0.1953125
