4 0.2859375 0.66015625 0.13125 0.2390625
4 0.55703125 0.32890625 0.11093750000000001 0.2609375
4 0.51484375 0.5593750000000001 0.1078125 0.215625
3 0.525 0.67109375 0.046875 0.08281250000000001
3 0.5796875 0.74140625 0.03125 0.0859375
3 0.609375 0.5554687500000001 0.06875 0.1453125
3 0.209375 0.56640625 0.037500000000000006 0.07968750000000001
3 0.41640625000000003 0.328125 0.0703125 0.1125
4 0.24453125 0.0578125 0.1328125 0.115625
4 0.28125 0.171875 0.10625000000000001 0.184375
4 0.38125000000000003 0.096875 0.17500000000000002 0.19375
4 0.4078125 0.22421875000000002 0.1625 0.3328125
4 0.33437500000000003 0.515625 0.140625 0.23750000000000002
4 0.43203125000000003 0.8132812500000001 0.1234375 0.19843750000000002
3 0.32343750000000004 0.3875 0.053125000000000006 0.109375
