3 0.80625 0.20468750000000002 0.13125 0.24375000000000002
3 0.5078125 0.0203125 0.10312500000000001 0.037500000000000006
3 0.38984375000000004 0.057031250000000006 0.1015625 0.11406250000000001
3 0.259375 0.07187500000000001 0.16562500000000002 0.1375
3 0.21406250000000002 0.3125 0.11875000000000001 0.109375
3 0.2234375 0.40625 0.16562500000000002 0.109375
3 0.4234375 0.41328125000000004 0.30312500000000003 0.2328125
3 0.45078125 0.5515625000000001 0.0765625 0.096875
3 0.26875 0.49921875000000004 0.07500000000000001 0.11093750000000001
3 0.33515625000000004 0.62109375 0.13593750000000002 0.1421875
3 0.21250000000000002 0.6273437500000001 0.08750000000000001 0.16718750000000002
3 0.17109375000000002 0.66953125 0.0890625 0.17343750000000002
3 0.1125 0.7468750000000001 0.125 0.14375000000000002
3 0.04609375 0.9007812500000001 0.0890625 0.1328125
3 0.6664062500000001 0.26171875 0.13593750000000002 0.1171875
3 0.47421875 0.21406250000000002 0.1921875 0.1375
3 0.35078125000000004 0.21953125 0.09843750000000001 0.24531250000000002
3 0.5875 0.6101562500000001 0.203125 0.2015625
3 0.9437500000000001 0.6875 0.065625 0.115625
3 0.97265625 0.8148437500000001 0.0421875 0.1203125
3 0.86875 0.6453125000000001 0.1125 0.19687500000000002
3 0.8992187500000001 0.8851562500000001 0.1171875 0.2078125
3 0.75 0.79296875 0.19687500000000002 0.19843750000000002
3 0.7671875 0.9476562500000001 0.115625 0.1046875
