3 0.0390625 0.89765625 0.078125 0.19843750000000002
3 0.08046875 0.7039062500000001 0.1171875 0.1203125
3 0.2546875 0.6468750000000001 0.1 0.19375
3 0.35703125 0.5875 0.0765625 0.08750000000000001
3 0.45625000000000004 0.6390625000000001 0.08125 0.115625
3 0.49531250000000004 0.57421875 0.059375000000000004 0.07968750000000001
3 0.3296875 0.4859375 0.125 0.09375
3 0.5625 0.2671875 0.07187500000000001 0.08750000000000001
3 0.58984375 0.15937500000000002 0.045312500000000006 0.10625000000000001
3 0.6585937500000001 0.1859375 0.07968750000000001 0.19687500000000002
3 0.70234375 0.328125 0.0859375 0.109375
3 0.64375 0.41171875 0.07187500000000001 0.2171875
3 0.7117187500000001 0.6117187500000001 0.07968750000000001 0.0890625
3 0.659375 0.70859375 0.059375000000000004 0.051562500000000004
3 0.5242187500000001 0.71875 0.0703125 0.140625
3 0.32890625 0.90390625 0.2515625 0.18281250000000002
3 0.4546875 0.8093750000000001 0.059375000000000004 0.08125
