3 0.2515625 0.26015625000000003 0.07187500000000001 0.0890625
3 0.06875 0.21796875000000002 0.07187500000000001 0.0765625
3 0.09843750000000001 0.049218750000000006 0.034375 0.051562500000000004
3 0.18046875 0.125 0.0328125 0.07187500000000001
3 0.017968750000000002 0.05234375 0.035937500000000004 0.06406250000000001
3 0.11015625000000001 0.02109375 0.1046875 0.0421875
3 0.055468750000000004 0.46484375 0.1078125 0.17343750000000002
3 0.1609375 0.55 0.13125 0.10312500000000001
3 0.2171875 0.665625 0.13125 0.109375
3 0.11328125 0.7132812500000001 0.08281250000000001 0.1078125
3 0.03359375 0.74140625 0.06406250000000001 0.15156250000000002
3 0.10859375 0.79609375 0.035937500000000004 0.0671875
3 0.08359375000000001 0.89375 0.0421875 0.065625
3 0.1203125 0.94296875 0.028125 0.06406250000000001
3 0.12265625000000001 0.8390625 0.0328125 0.053125000000000006
3 0.5296875 0.8835937500000001 0.07500000000000001 0.09531250000000001
3 0.6898437500000001 0.6468750000000001 0.09843750000000001 0.05625
3 0.8500000000000001 0.0921875 0.053125000000000006 0.08750000000000001
3 0.94921875 0.14140625 0.0421875 0.0921875
3 0.7578125 0.15703125 0.053125000000000006 0.0484375
3 0.69140625 0.43671875000000004 0.0921875 0.1234375
3 0.796875 0.45546875000000003 0.06875 0.09531250000000001
3 0.578125 0.40390625 0.03125 0.0578125
3 0.7937500000000001 0.35781250000000003 0.046875 0.0625
3 0.496875 0.48671875000000003 0.05 0.0734375
3 0.6265625 0.54609375 0.028125 0.0890625
3 0.40546875000000004 0.69140625 0.1015625 0.0921875
3 0.9187500000000001 0.6078125000000001 0.05625 0.06875
3 0.9171875 0.49609375 0.028125 0.0734375
3 0.98203125 0.47890625000000003 0.035937500000000004 0.0765625
3 0.80625 0.89765625 0.065625 0.0765625
3 0.66796875 0.8890625000000001 0.0734375 0.09062500000000001
3 0.8250000000000001 0.97421875 0.09375 0.051562500000000004
