3 0.5390625 0.3875 0.10312500000000001 0.10312500000000001
3 0.7117187500000001 0.13984375000000002 0.0546875 0.0421875
3 0.90546875 0.14921875 0.18906250000000002 0.09843750000000001
3 0.9578125000000001 0.028125 0.084375 0.05625
3 0.8875000000000001 0.03125 0.040625 0.043750000000000004
3 0.9031250000000001 0.34218750000000003 0.09062500000000001 0.096875
3 0.8203125 0.40468750000000003 0.034375 0.07187500000000001
3 0.30312500000000003 0.44843750000000004 0.0625 0.05625
3 0.984375 0.71484375 0.03125 0.0671875
3 0.9187500000000001 0.73359375 0.096875 0.0421875
3 0.9867187500000001 0.9484375 0.026562500000000003 0.09375
3 0.99140625 0.7898437500000001 0.0171875 0.045312500000000006
3 0.18281250000000002 0.96640625 0.096875 0.0671875
3 0.184375 0.9125000000000001 0.043750000000000004 0.03125
3 0.16796875 0.85546875 0.035937500000000004 0.0328125
3 0.38906250000000003 0.9437500000000001 0.059375000000000004 0.046875
3 0.42031250000000003 0.9890625000000001 0.059375000000000004 0.021875000000000002
3 0.3515625 0.98984375 0.021875000000000002 0.0203125
3 0.2625 0.940625 0.046875 0.06875
3 0.30546875 0.9398437500000001 0.045312500000000006 0.045312500000000006
