3 0.1125 0.22578125000000002 0.06875 0.1171875
3 0.16171875000000002 0.18281250000000002 0.0421875 0.07500000000000001
3 0.11328125 0.13125 0.0546875 0.043750000000000004
3 0.2546875 0.07968750000000001 0.043750000000000004 0.05
3 0.3046875 0.16328125000000002 0.078125 0.07968750000000001
3 0.3921875 0.203125 0.084375 0.12187500000000001
3 0.57421875 0.21250000000000002 0.1640625 0.290625
3 0.7273437500000001 0.22890625 0.0421875 0.0765625
3 0.690625 0.014843750000000001 0.046875 0.029687500000000002
3 0.7546875000000001 0.07109375 0.065625 0.1078125
3 0.3125 0.39765625000000004 0.13125 0.1078125
3 0.28984375 0.47109375000000003 0.060937500000000006 0.0390625
3 0.22031250000000002 0.3875 0.05 0.05
3 0.06484375 0.40625 0.0578125 0.059375000000000004
3 0.07500000000000001 0.30859375 0.05 0.051562500000000004
3 0.296875 0.5945312500000001 0.08750000000000001 0.0859375
3 0.36171875000000003 0.5765625 0.0421875 0.06875
3 0.40078125000000003 0.52265625 0.0734375 0.1484375
3 0.45703125 0.38203125000000004 0.0671875 0.0703125
3 0.47109375000000003 0.44296875 0.08281250000000001 0.0703125
3 0.4890625 0.53359375 0.084375 0.1453125
3 0.5906250000000001 0.4734375 0.08750000000000001 0.146875
3 0.6484375 0.43515625 0.040625 0.035937500000000004
3 0.7109375 0.50625 0.146875 0.14375000000000002
3 0.7429687500000001 0.54296875 0.051562500000000004 0.045312500000000006
3 0.8484375000000001 0.50625 0.1625 0.17500000000000002
3 0.7195312500000001 0.634375 0.0734375 0.078125
3 0.85703125 0.59921875 0.1546875 0.0890625
3 0.7406250000000001 0.60703125 0.059375000000000004 0.0578125
3 0.51328125 0.6820312500000001 0.1234375 0.1046875
3 0.59765625 0.665625 0.035937500000000004 0.053125000000000006
3 0.27578125000000003 0.759375 0.0578125 0.08125
3 0.225 0.9328125 0.040625 0.05
3 0.19843750000000002 0.9734375000000001 0.1 0.053125000000000006
3 0.44453125000000004 0.87890625 0.0671875 0.0390625
3 0.48515625 0.94453125 0.0578125 0.0546875
3 0.5789062500000001 0.7515625 0.0671875 0.07500000000000001
3 0.6515625 0.7546875000000001 0.08750000000000001 0.15000000000000002
3 0.71484375 0.7265625 0.07968750000000001 0.153125
3 0.69296875 0.85859375 0.0328125 0.0421875
3 0.7484375000000001 0.8406250000000001 0.05625 0.0625
3 0.7914062500000001 0.8078125 0.060937500000000006 0.109375
3 0.759375 0.9085937500000001 0.1 0.0859375
3 0.8445312500000001 0.8992187500000001 0.0578125 0.0484375
3 0.8406250000000001 0.7375 0.05 0.084375
3 0.9242187500000001 0.67734375 0.045312500000000006 0.0671875
3 0.42421875000000003 0.7054687500000001 0.035937500000000004 0.045312500000000006
