3 0.18281250000000002 0.18828125 0.05 0.051562500000000004
3 0.51484375 0.74375 0.3140625 0.40937500000000004
2 0.8070312500000001 0.6531250000000001 0.1203125 0.23750000000000002
3 0.8734375000000001 0.6015625 0.05 0.07500000000000001
3 0.57265625 0.12109375 0.2671875 0.23593750000000002
3 0.8140625 0.0765625 0.1875 0.146875
3 0.91328125 0.2078125 0.17343750000000002 0.16875
3 0.8929687500000001 0.42578125 0.21406250000000002 0.2515625
3 0.13593750000000002 0.66015625 0.27187500000000003 0.43281250000000004
3 0.29609375 0.40859375000000003 0.060937500000000006 0.0921875
3 0.3765625 0.5 0.23125 0.215625
3 0.3796875 0.32890625 0.1125 0.060937500000000006
3 0.1265625 0.9710937500000001 0.24375000000000002 0.051562500000000004
3 0.7523437500000001 0.25859375 0.0859375 0.1265625
3 0.41796875 0.14765625000000002 0.1484375 0.1046875
