3 0.2234375 0.6328125 0.1 0.07187500000000001
3 0.2265625 0.665625 0.0625 0.043750000000000004
3 0.28203125 0.63671875 0.11093750000000001 0.08281250000000001
3 0.24296875 0.5765625 0.09843750000000001 0.08125
3 0.1703125 0.55234375 0.09062500000000001 0.0671875
3 0.11093750000000001 0.5437500000000001 0.09375 0.06875
3 0.11484375000000001 0.4890625 0.08281250000000001 0.0625
3 0.15078125 0.39140625 0.035937500000000004 0.026562500000000003
3 0.014843750000000001 0.45234375000000004 0.029687500000000002 0.0234375
3 0.17109375000000002 0.25546875 0.11093750000000001 0.08281250000000001
3 0.1390625 0.26640625 0.11875000000000001 0.0859375
3 0.22734375 0.30546875 0.1171875 0.09531250000000001
3 0.265625 0.25625000000000003 0.11875000000000001 0.10312500000000001
3 0.28828125 0.18671875000000002 0.1171875 0.08281250000000001
3 0.25234375000000003 0.20390625 0.045312500000000006 0.0328125
3 0.29375 0.5515625000000001 0.08750000000000001 0.065625
3 0.2578125 0.515625 0.06875 0.053125000000000006
3 0.22812500000000002 0.5281250000000001 0.059375000000000004 0.05
3 0.20390625 0.49843750000000003 0.0421875 0.03125
3 0.22968750000000002 0.43593750000000003 0.08125 0.06875
3 0.31093750000000003 0.4625 0.07187500000000001 0.059375000000000004
3 0.26875 0.478125 0.043750000000000004 0.034375
3 0.353125 0.584375 0.053125000000000006 0.043750000000000004
3 0.38125000000000003 0.5632812500000001 0.078125 0.0578125
3 0.40468750000000003 0.603125 0.1 0.065625
3 0.32343750000000004 0.49375 0.034375 0.025
3 0.41718750000000004 0.5164062500000001 0.05625 0.045312500000000006
3 0.42265625 0.54609375 0.0390625 0.026562500000000003
3 0.484375 0.67734375 0.109375 0.0734375
3 0.49921875000000004 0.7156250000000001 0.1171875 0.07187500000000001
3 0.58203125 0.67109375 0.07968750000000001 0.0578125
3 0.5921875 0.6265625 0.065625 0.053125000000000006
3 0.64453125 0.6125 0.1203125 0.09375
3 0.48984375 0.53828125 0.07968750000000001 0.0546875
3 0.51484375 0.5703125 0.08281250000000001 0.05625
3 0.47968750000000004 0.49375 0.053125000000000006 0.040625
3 0.43593750000000003 0.4921875 0.05 0.034375
3 0.33984375 0.4375 0.08281250000000001 0.06875
3 0.359375 0.371875 0.08750000000000001 0.0625
3 0.42500000000000004 0.40234375 0.053125000000000006 0.0421875
3 0.45390625 0.34609375000000003 0.0390625 0.029687500000000002
3 0.42890625000000004 0.3140625 0.0734375 0.046875
3 0.3640625 0.32421875 0.043750000000000004 0.0328125
3 0.57734375 0.48046875 0.060937500000000006 0.045312500000000006
3 0.63203125 0.52109375 0.06406250000000001 0.0421875
3 0.6882812500000001 0.5789062500000001 0.051562500000000004 0.035937500000000004
3 0.7046875 0.5750000000000001 0.08125 0.05625
3 0.7210937500000001 0.5265625 0.0390625 0.025
3 0.81171875 0.48515625 0.0546875 0.0421875
3 0.8445312500000001 0.521875 0.045312500000000006 0.03125
3 0.7296875 0.478125 0.03125 0.025
3 0.8140625 0.384375 0.065625 0.040625
3 0.8125 0.415625 0.040625 0.028125
3 0.8250000000000001 0.2390625 0.043750000000000004 0.037500000000000006
3 0.7765625 0.37031250000000004 0.046875 0.037500000000000006
3 0.46484375 0.44062500000000004 0.045312500000000006 0.037500000000000006
3 0.62890625 0.0765625 0.1421875 0.1125
3 0.6468750000000001 0.1296875 0.03125 0.025
3 0.62109375 0.02421875 0.09531250000000001 0.0484375
3 0.55390625 0.0390625 0.06406250000000001 0.046875
3 0.55 0.109375 0.12187500000000001 0.096875
3 0.49296875 0.060937500000000006 0.051562500000000004 0.034375
3 0.42421875000000003 0.09453125000000001 0.045312500000000006 0.029687500000000002
3 0.49296875 0.16875 0.060937500000000006 0.043750000000000004
3 0.5164062500000001 0.22968750000000002 0.0390625 0.03125
3 0.7828125 0.009375000000000001 0.05625 0.018750000000000003
3 0.8304687500000001 0.0023437500000000003 0.035937500000000004 0.004687500000000001
3 0.9703125 0.3484375 0.053125000000000006 0.03125
3 0.92578125 0.36328125 0.0203125 0.0140625
3 0.8890625000000001 0.33203125 0.028125 0.0203125
3 0.49140625000000004 0.78671875 0.06406250000000001 0.045312500000000006
3 0.35625 0.66796875 0.040625 0.029687500000000002
3 0.37421875000000004 0.6585937500000001 0.029687500000000002 0.026562500000000003
3 0.36796875 0.8 0.051562500000000004 0.037500000000000006
3 0.40546875000000004 0.7976562500000001 0.035937500000000004 0.029687500000000002
3 0.35703125 0.7742187500000001 0.0421875 0.0328125
3 0.07265625 0.59609375 0.026562500000000003 0.0234375
3 0.05 0.59140625 0.028125 0.026562500000000003
3 0.015625 0.48515625 0.018750000000000003 0.0140625
3 0.3125 0.3359375 0.0125 0.009375000000000001
