3 0.15156250000000002 0.23984375000000002 0.234375 0.20468750000000002
3 0.059375000000000004 0.79453125 0.10625000000000001 0.09843750000000001
3 0.05625 0.6664062500000001 0.059375000000000004 0.0421875
3 0.06875 0.4921875 0.12812500000000002 0.11875000000000001
3 0.11093750000000001 0.39609375 0.09062500000000001 0.0703125
3 0.018750000000000003 0.37890625 0.037500000000000006 0.0390625
3 0.0171875 0.9328125 0.034375 0.065625
3 0.33437500000000003 0.6843750000000001 0.08125 0.06875
3 0.265625 0.73359375 0.040625 0.0578125
3 0.26484375 0.91328125 0.0546875 0.051562500000000004
3 0.22890625 0.8515625 0.0734375 0.07500000000000001
3 0.28046875 0.51484375 0.1078125 0.07968750000000001
3 0.2734375 0.43593750000000003 0.115625 0.06875
3 0.3796875 0.30859375 0.15937500000000002 0.2171875
3 0.51796875 0.30859375 0.16718750000000002 0.1015625
3 0.64453125 0.5171875 0.15156250000000002 0.1375
3 0.47187500000000004 0.55703125 0.19062500000000002 0.0890625
3 0.359375 0.5234375 0.053125000000000006 0.078125
3 0.45937500000000003 0.634375 0.13125 0.07187500000000001
3 0.7578125 0.565625 0.10312500000000001 0.1
3 0.74765625 0.415625 0.0484375 0.0625
3 0.70234375 0.790625 0.23593750000000002 0.084375
3 0.39375000000000004 0.921875 0.03125 0.10625000000000001
3 0.08125 0.8796875000000001 0.046875 0.043750000000000004
