3 0.5953125 0.54296875 0.34375 0.3984375
3 0.57265625 0.2921875 0.29531250000000003 0.21250000000000002
3 0.2328125 0.6898437500000001 0.434375 0.4078125
3 0.28750000000000003 0.578125 0.16875 0.1875
3 0.21171875 0.31484375000000003 0.1265625 0.13593750000000002
3 0.3328125 0.36015625 0.125 0.1484375
3 0.06875 0.3046875 0.12812500000000002 0.09375
3 0.33125000000000004 0.23828125 0.078125 0.1203125
3 0.5109375 0.060937500000000006 0.065625 0.12187500000000001
3 0.578125 0.12265625000000001 0.040625 0.0859375
3 0.6687500000000001 0.12187500000000001 0.0625 0.12187500000000001
3 0.034375 0.12734375 0.06875 0.09843750000000001
3 0.0390625 0.03828125 0.06875 0.0765625
3 0.234375 0.19843750000000002 0.115625 0.078125
3 0.23046875 0.0859375 0.2171875 0.171875
3 0.37890625 0.02109375 0.0421875 0.0421875
