3 0.4609375 0.4453125 0.30625 0.37812500000000004
2 0.16328125000000002 0.48281250000000003 0.1265625 0.23750000000000002
3 0.08515625 0.525 0.0484375 0.084375
3 0.08046875 0.7718750000000001 0.1609375 0.43125
3 0.846875 0.57265625 0.30000000000000004 0.46406250000000004
3 0.8671875 0.23125 0.253125 0.21875
3 0.57265625 0.6960937500000001 0.2328125 0.22968750000000002
3 0.6742187500000001 0.77265625 0.045312500000000006 0.06406250000000001
3 0.5578125 0.8929687500000001 0.11875000000000001 0.051562500000000004
3 0.24296875 0.6703125000000001 0.07968750000000001 0.171875
