3 0.8500000000000001 0.8375 0.046875 0.0625
3 0.80625 0.78125 0.025 0.053125000000000006
3 0.2890625 0.55390625 0.034375 0.0890625
3 0.62890625 0.30234375 0.026562500000000003 0.0421875
3 0.59296875 0.1421875 0.07968750000000001 0.09062500000000001
3 0.6546875000000001 0.1546875 0.034375 0.043750000000000004
3 0.7039062500000001 0.234375 0.0390625 0.10312500000000001
3 0.73046875 0.27421875 0.0546875 0.045312500000000006
3 0.7515625 0.15000000000000002 0.034375 0.034375
3 0.79296875 0.21171875 0.0421875 0.0890625
3 0.63046875 0.0765625 0.09531250000000001 0.040625
3 0.6585937500000001 0.030468750000000003 0.029687500000000002 0.0390625
3 0.5421875 0.2390625 0.07187500000000001 0.084375
