3 0.815625 0.18984375 0.053125000000000006 0.0734375
3 0.86875 0.13046875 0.040625 0.0484375
3 0.7765625 0.065625 0.053125000000000006 0.0625
3 0.978125 0.3046875 0.043750000000000004 0.037500000000000006
3 0.8984375 0.5476562500000001 0.040625 0.0546875
3 0.25390625 0.6507812500000001 0.0546875 0.0578125
3 0.24453125 0.5710937500000001 0.045312500000000006 0.0484375
3 0.078125 0.5234375 0.15625 0.20625000000000002
3 0.1 0.603125 0.2 0.08125
3 0.11093750000000001 0.8328125000000001 0.115625 0.109375
3 0.030468750000000003 0.8992187500000001 0.060937500000000006 0.06406250000000001
3 0.021875000000000002 0.79296875 0.043750000000000004 0.09531250000000001
3 0.05625 0.9703125 0.1125 0.059375000000000004
3 0.9476562500000001 0.96015625 0.051562500000000004 0.07968750000000001
3 0.7585937500000001 0.9875 0.051562500000000004 0.025
