3 0.6609375000000001 0.70234375 0.115625 0.07968750000000001
3 0.6648437500000001 0.76875 0.16718750000000002 0.0625
3 0.7765625 0.68359375 0.10312500000000001 0.0859375
3 0.83203125 0.5703125 0.18281250000000002 0.125
3 0.89609375 0.53828125 0.051562500000000004 0.035937500000000004
3 0.6546875000000001 0.5609375 0.140625 0.053125000000000006
3 0.50234375 0.5109375 0.0546875 0.0625
3 0.41796875 0.48046875 0.0328125 0.051562500000000004
3 0.375 0.5359375000000001 0.084375 0.06875
3 0.4140625 0.62421875 0.040625 0.0484375
3 0.246875 0.7820312500000001 0.178125 0.0484375
3 0.4734375 0.9 0.215625 0.171875
3 0.1796875 0.4734375 0.359375 0.240625
3 0.8460937500000001 0.18828125 0.08281250000000001 0.060937500000000006
3 0.85078125 0.19687500000000002 0.24531250000000002 0.1125
3 0.9281250000000001 0.2890625 0.065625 0.028125
3 0.953125 0.33906250000000004 0.05 0.0625
3 0.8796875000000001 0.33359375 0.05 0.0578125
3 0.8296875 0.30000000000000004 0.034375 0.037500000000000006
3 0.73359375 0.28750000000000003 0.0421875 0.06875
3 0.6703125000000001 0.30625 0.07187500000000001 0.03125
3 0.81953125 0.42734375 0.035937500000000004 0.0421875
3 0.9007812500000001 0.43281250000000004 0.09843750000000001 0.08750000000000001
3 0.4921875 0.3875 0.06875 0.053125000000000006
3 0.040625 0.96015625 0.043750000000000004 0.0171875
3 0.10703125000000001 0.16328125000000002 0.1765625 0.32656250000000003
3 0.0546875 0.35000000000000003 0.109375 0.059375000000000004
3 0.5578125 0.26796875000000003 0.0625 0.0421875
