3 0.1484375 0.5203125000000001 0.040625 0.037500000000000006
3 0.21328125 0.52734375 0.051562500000000004 0.045312500000000006
3 0.16171875000000002 0.6109375 0.026562500000000003 0.043750000000000004
3 0.20859375000000002 0.63203125 0.029687500000000002 0.0234375
3 0.42578125 0.10859375 0.0203125 0.0671875
3 0.3828125 0.1125 0.03125 0.05
3 0.40703125 0.1859375 0.0234375 0.028125
3 0.41875 0.22812500000000002 0.03125 0.040625
3 0.7445312500000001 0.2734375 0.029687500000000002 0.043750000000000004
3 0.7562500000000001 0.7781250000000001 0.025 0.07187500000000001
3 0.2015625 0.46015625000000004 0.059375000000000004 0.035937500000000004
3 0.6414062500000001 0.20859375000000002 0.0390625 0.0671875
