3 0.19062500000000002 0.22890625 0.1 0.07968750000000001
3 0.25859375 0.23828125 0.0328125 0.035937500000000004
3 0.41875 0.2484375 0.0625 0.018750000000000003
3 0.640625 0.25234375000000003 0.05625 0.0421875
3 0.67890625 0.21953125 0.06406250000000001 0.0171875
3 0.578125 0.209375 0.06875 0.07187500000000001
3 0.39765625000000004 0.09843750000000001 0.0859375 0.034375
3 0.540625 0.10312500000000001 0.046875 0.03125
3 0.8140625 0.13671875 0.046875 0.0203125
3 0.8703125 0.2671875 0.040625 0.053125000000000006
3 0.19765625 0.43359375 0.0765625 0.045312500000000006
3 0.1609375 0.39375000000000004 0.059375000000000004 0.037500000000000006
3 0.20703125 0.35234375 0.0234375 0.029687500000000002
3 0.25703125 0.375 0.029687500000000002 0.0125
3 0.26015625000000003 0.40703125 0.026562500000000003 0.0234375
3 0.34765625 0.48750000000000004 0.035937500000000004 0.028125
3 0.40078125000000003 0.45937500000000003 0.0234375 0.040625
3 0.44453125000000004 0.4703125 0.0328125 0.018750000000000003
3 0.3796875 0.35546875 0.021875000000000002 0.0171875
3 0.51953125 0.4421875 0.051562500000000004 0.03125
3 0.5203125000000001 0.5078125 0.05 0.040625
3 0.5 0.49140625000000004 0.018750000000000003 0.0203125
3 0.6039062500000001 0.5515625000000001 0.0734375 0.021875000000000002
3 0.30546875 0.7132812500000001 0.045312500000000006 0.0328125
3 0.46640625 0.6179687500000001 0.0328125 0.0484375
3 0.47109375000000003 0.7328125000000001 0.051562500000000004 0.043750000000000004
3 0.91328125 0.7671875 0.1015625 0.10312500000000001
3 0.96796875 0.9617187500000001 0.051562500000000004 0.0328125
3 0.15156250000000002 0.8140625 0.053125000000000006 0.021875000000000002
3 0.09296875 0.6546875000000001 0.0390625 0.021875000000000002
3 0.38828125 0.61640625 0.026562500000000003 0.0421875
3 0.503125 0.05859375 0.025 0.0171875
3 0.4546875 0.043750000000000004 0.021875000000000002 0.021875000000000002
3 0.3828125 0.4234375 0.025 0.034375
3 0.41953125 0.40468750000000003 0.026562500000000003 0.018750000000000003
2 0.38515625000000003 0.92890625 0.06406250000000001 0.029687500000000002
2 0.40156250000000004 0.98359375 0.059375000000000004 0.029687500000000002
3 0.215625 0.759375 0.040625 0.040625
3 0.18203125 0.7515625 0.029687500000000002 0.021875000000000002
