3 0.03125 0.014843750000000001 0.0625 0.029687500000000002
3 0.5109375 0.29453125 0.44375000000000003 0.5890625
3 0.47500000000000003 0.8093750000000001 0.553125 0.38125000000000003
3 0.8046875 0.7468750000000001 0.1125 0.265625
3 0.940625 0.86328125 0.11875000000000001 0.2734375
3 0.953125 0.34687500000000004 0.09375 0.340625
3 0.9554687500000001 0.6570312500000001 0.0890625 0.27968750000000003
3 0.07890625000000001 0.484375 0.15781250000000002 0.265625
3 0.08984375 0.9171875 0.1796875 0.16562500000000002
3 0.015625 0.71484375 0.03125 0.09531250000000001
