3 0.45937500000000003 0.7875000000000001 0.053125000000000006 0.040625
3 0.7039062500000001 0.5921875 0.0421875 0.043750000000000004
3 0.65546875 0.578125 0.026562500000000003 0.043750000000000004
3 0.58515625 0.4703125 0.051562500000000004 0.05
3 0.59609375 0.53828125 0.07968750000000001 0.026562500000000003
3 0.54453125 0.48046875 0.0328125 0.0421875
3 0.51484375 0.53359375 0.0234375 0.0140625
3 0.97265625 0.7015625000000001 0.026562500000000003 0.040625
3 0.9375 0.69296875 0.03125 0.0328125
3 0.42421875000000003 0.98984375 0.029687500000000002 0.0171875
3 0.022656250000000003 0.81171875 0.0234375 0.051562500000000004
3 0.035937500000000004 0.6781250000000001 0.053125000000000006 0.03125
3 0.134375 0.6984375 0.034375 0.037500000000000006
3 0.3359375 0.7078125000000001 0.07500000000000001 0.037500000000000006
3 0.47421875 0.65546875 0.051562500000000004 0.0328125
3 0.49062500000000003 0.69296875 0.018750000000000003 0.029687500000000002
3 0.084375 0.59921875 0.09062500000000001 0.0703125
3 0.18359375 0.55390625 0.09531250000000001 0.035937500000000004
3 0.20703125 0.609375 0.029687500000000002 0.043750000000000004
3 0.0859375 0.54140625 0.065625 0.0421875
3 0.42265625 0.5953125 0.0234375 0.046875
3 0.16718750000000002 0.48046875 0.096875 0.045312500000000006
3 0.029687500000000002 0.4609375 0.037500000000000006 0.028125
3 0.33515625000000004 0.51171875 0.1046875 0.08281250000000001
3 0.36328125 0.43828125 0.0921875 0.0390625
3 0.4234375 0.5296875 0.059375000000000004 0.037500000000000006
3 0.19453125000000002 0.40078125000000003 0.1203125 0.09531250000000001
3 0.23515625 0.31171875000000004 0.1328125 0.0765625
3 0.29140625000000003 0.34765625 0.0734375 0.08281250000000001
3 0.4296875 0.41484375 0.07187500000000001 0.06406250000000001
3 0.6273437500000001 0.34375 0.1265625 0.08125
3 0.69140625 0.26875 0.07968750000000001 0.09375
3 0.7507812500000001 0.24765625000000002 0.0546875 0.0578125
3 0.7718750000000001 0.2984375 0.078125 0.037500000000000006
3 0.80078125 0.359375 0.09531250000000001 0.043750000000000004
3 0.8453125 0.415625 0.043750000000000004 0.021875000000000002
3 0.8765625 0.36562500000000003 0.028125 0.034375
3 0.8203125 0.38125000000000003 0.015625 0.025
3 0.8640625000000001 0.390625 0.025 0.018750000000000003
3 0.8984375 0.40703125 0.046875 0.045312500000000006
3 0.9234375 0.40703125 0.028125 0.045312500000000006
3 0.7289062500000001 0.16484375 0.0328125 0.045312500000000006
3 0.6625000000000001 0.15625 0.05 0.046875
3 0.6125 0.1546875 0.043750000000000004 0.040625
3 0.5632812500000001 0.22031250000000002 0.0390625 0.05
3 0.50546875 0.19765625 0.09843750000000001 0.0203125
3 0.47734375 0.13828125 0.0859375 0.0328125
3 0.28046875 0.03125 0.0421875 0.034375
3 0.05234375 0.04296875 0.0546875 0.0703125
3 0.8460937500000001 0.0765625 0.09843750000000001 0.0625
3 0.85546875 0.018750000000000003 0.029687500000000002 0.021875000000000002
3 0.9460937500000001 0.06640625 0.0703125 0.060937500000000006
3 0.029687500000000002 0.33515625000000004 0.059375000000000004 0.0390625
