3 0.26484375 0.1453125 0.08281250000000001 0.053125000000000006
3 0.42578125 0.24921875000000002 0.08281250000000001 0.0484375
3 0.49140625000000004 0.1328125 0.15156250000000002 0.09375
3 0.41015625 0.15781250000000002 0.035937500000000004 0.025
3 0.46875 0.18046875 0.05625 0.0390625
3 0.7445312500000001 0.078125 0.060937500000000006 0.07500000000000001
3 0.878125 0.03125 0.053125000000000006 0.03125
3 0.93515625 0.08828125 0.1296875 0.17343750000000002
3 0.7757812500000001 0.24140625000000002 0.0328125 0.0234375
3 0.15703125 0.0546875 0.0578125 0.096875
3 0.11015625000000001 0.0671875 0.060937500000000006 0.12187500000000001
3 0.06875 0.06171875 0.03125 0.1078125
3 0.19296875000000002 0.0625 0.0328125 0.08125
3 0.184375 0.20234375000000002 0.040625 0.0203125
3 0.19765625 0.16953125000000002 0.0671875 0.0328125
3 0.24296875 0.20078125000000002 0.0203125 0.026562500000000003
3 0.296875 0.21015625000000002 0.043750000000000004 0.051562500000000004
3 0.01953125 0.22265625 0.035937500000000004 0.0203125
3 0.05625 0.25859375 0.03125 0.0203125
3 0.10703125000000001 0.48671875000000003 0.0578125 0.0578125
3 0.17734375000000002 0.49296875 0.0734375 0.0578125
3 0.026562500000000003 0.5515625000000001 0.05 0.046875
3 0.07421875 0.6351562500000001 0.0578125 0.0546875
3 0.17890625000000002 0.6171875 0.0234375 0.015625
3 0.21015625000000002 0.6507812500000001 0.0421875 0.060937500000000006
3 0.29609375 0.6429687500000001 0.060937500000000006 0.0546875
3 0.40625 0.66171875 0.046875 0.060937500000000006
3 0.40078125000000003 0.7195312500000001 0.09531250000000001 0.0734375
3 0.3015625 0.7125 0.07187500000000001 0.040625
3 0.359375 0.8367187500000001 0.05 0.051562500000000004
3 0.27734375 0.91328125 0.0921875 0.060937500000000006
3 0.46718750000000003 0.909375 0.07500000000000001 0.078125
3 0.55859375 0.9437500000000001 0.0890625 0.0625
3 0.40937500000000004 0.9703125 0.059375000000000004 0.025
3 0.34375 0.9875 0.040625 0.021875000000000002
3 0.8421875000000001 0.8851562500000001 0.07500000000000001 0.029687500000000002
3 0.7562500000000001 0.87265625 0.06875 0.035937500000000004
3 0.62265625 0.73203125 0.07968750000000001 0.045312500000000006
3 0.6820312500000001 0.7234375000000001 0.026562500000000003 0.034375
3 0.5359375000000001 0.77890625 0.096875 0.0859375
3 0.6351562500000001 0.7703125000000001 0.029687500000000002 0.028125
3 0.9398437500000001 0.6976562500000001 0.045312500000000006 0.0484375
3 0.890625 0.64453125 0.037500000000000006 0.026562500000000003
3 0.95859375 0.7937500000000001 0.07968750000000001 0.028125
3 0.79296875 0.61328125 0.07968750000000001 0.0484375
3 0.4765625 0.49609375 0.034375 0.0421875
3 0.34687500000000004 0.3796875 0.053125000000000006 0.040625
3 0.30312500000000003 0.43828125 0.034375 0.035937500000000004
3 0.5015625 0.41484375 0.0625 0.0421875
