3 0.9226562500000001 0.30234375 0.1421875 0.1390625
3 0.86328125 0.89375 0.07968750000000001 0.12812500000000002
3 0.9765625 0.446875 0.040625 0.053125000000000006
3 0.73359375 0.9375 0.09531250000000001 0.1
3 0.50234375 0.9546875 0.0328125 0.053125000000000006
3 0.171875 0.95859375 0.09375 0.0734375
3 0.11171875 0.9 0.0484375 0.07500000000000001
3 0.153125 0.7921875 0.053125000000000006 0.08750000000000001
3 0.22812500000000002 0.8343750000000001 0.0625 0.053125000000000006
3 0.45625000000000004 0.7835937500000001 0.053125000000000006 0.08281250000000001
3 0.29921875000000003 0.31328125 0.0328125 0.051562500000000004
3 0.58046875 0.30703125000000003 0.029687500000000002 0.035937500000000004
3 0.3515625 0.1265625 0.03125 0.084375
3 0.6195312500000001 0.0328125 0.051562500000000004 0.046875
3 0.29140625000000003 0.2703125 0.026562500000000003 0.021875000000000002
3 0.19375 0.7078125000000001 0.040625 0.09062500000000001
3 0.15156250000000002 0.53515625 0.021875000000000002 0.051562500000000004
3 0.1375 0.5859375 0.021875000000000002 0.040625
3 0.22187500000000002 0.59375 0.065625 0.09062500000000001
3 0.55390625 0.80078125 0.0421875 0.06406250000000001
