3 0.7078125000000001 0.13359375 0.08125 0.11406250000000001
3 0.7601562500000001 0.029687500000000002 0.0765625 0.059375000000000004
3 0.5234375 0.11796875000000001 0.0625 0.0703125
3 0.034375 0.25 0.06875 0.06875
3 0.07421875 0.36484375 0.11406250000000001 0.1296875
3 0.40859375000000003 0.31796875 0.0703125 0.0765625
3 0.5734375 0.20234375000000002 0.09062500000000001 0.0578125
3 0.6000000000000001 0.27968750000000003 0.08750000000000001 0.06875
3 0.7289062500000001 0.26640625 0.0765625 0.08281250000000001
3 0.84140625 0.26484375 0.0671875 0.1015625
3 0.9328125 0.234375 0.115625 0.06875
3 0.96484375 0.1390625 0.06406250000000001 0.084375
3 0.8234375 0.39296875000000003 0.040625 0.045312500000000006
3 0.91796875 0.4109375 0.09843750000000001 0.1375
3 0.6640625 0.38671875 0.153125 0.060937500000000006
3 0.40703125 0.48203125 0.1171875 0.0671875
3 0.59140625 0.49843750000000003 0.1046875 0.12812500000000002
3 0.56171875 0.6203125 0.1796875 0.140625
3 0.31484375000000003 0.50234375 0.0484375 0.0421875
3 0.23515625 0.49062500000000003 0.0859375 0.09062500000000001
3 0.32890625 0.42812500000000003 0.2234375 0.05
3 0.403125 0.3796875 0.10625000000000001 0.05
3 0.3328125 0.53046875 0.09375 0.0765625
3 0.23125 0.5734375 0.040625 0.040625
3 0.0703125 0.6296875000000001 0.140625 0.10625000000000001
3 0.01640625 0.7375 0.0328125 0.12812500000000002
3 0.060937500000000006 0.7054687500000001 0.07500000000000001 0.060937500000000006
3 0.8226562500000001 0.553125 0.0546875 0.03125
3 0.9554687500000001 0.5921875 0.0890625 0.06875
3 0.8406250000000001 0.97265625 0.040625 0.0546875
3 0.51015625 0.9890625000000001 0.045312500000000006 0.021875000000000002
3 0.153125 0.82421875 0.06875 0.051562500000000004
3 0.23984375000000002 0.84921875 0.1265625 0.026562500000000003
3 0.0859375 0.890625 0.07187500000000001 0.018750000000000003
