3 0.5867187500000001 0.83203125 0.0484375 0.1046875
3 0.6546875000000001 0.9500000000000001 0.046875 0.09062500000000001
3 0.43671875000000004 0.8828125 0.1546875 0.225
3 0.38046875 0.6335937500000001 0.08281250000000001 0.1453125
3 0.353125 0.52265625 0.028125 0.035937500000000004
3 0.45859375 0.63203125 0.0578125 0.0421875
3 0.49140625000000004 0.54140625 0.1453125 0.09531250000000001
3 0.5046875000000001 0.49375 0.059375000000000004 0.046875
3 0.6312500000000001 0.48203125 0.14375000000000002 0.1484375
3 0.6078125000000001 0.32343750000000004 0.12812500000000002 0.17500000000000002
3 0.22734375 0.48828125 0.1296875 0.1234375
3 0.30078125 0.5875 0.0328125 0.043750000000000004
3 0.26328125 0.6375000000000001 0.0671875 0.15000000000000002
3 0.18515625000000002 0.7351562500000001 0.0390625 0.0703125
3 0.09921875000000001 0.7429687500000001 0.08281250000000001 0.07968750000000001
3 0.014843750000000001 0.7718750000000001 0.029687500000000002 0.06875
3 0.07968750000000001 0.9484375 0.153125 0.1
3 0.26015625000000003 0.8046875 0.0765625 0.140625
3 0.26953125 0.9828125000000001 0.0546875 0.025
3 0.09921875000000001 0.5296875 0.0390625 0.037500000000000006
3 0.0921875 0.31015625 0.09062500000000001 0.0484375
3 0.2890625 0.36875 0.065625 0.059375000000000004
3 0.35703125 0.35546875 0.08281250000000001 0.09843750000000001
3 0.36796875 0.27734375 0.0328125 0.0578125
3 0.44062500000000004 0.31796875 0.07187500000000001 0.1609375
3 0.45156250000000003 0.421875 0.05625 0.046875
3 0.5015625 0.42734375 0.043750000000000004 0.0484375
3 0.49296875 0.203125 0.15156250000000002 0.115625
3 0.41953125 0.1234375 0.1046875 0.09062500000000001
3 0.5078125 0.0859375 0.046875 0.03125
3 0.81953125 0.03671875 0.035937500000000004 0.0734375
3 0.9234375 0.04453125 0.05 0.0890625
