3 0.45546875000000003 0.21953125 0.1078125 0.0734375
3 0.8617187500000001 0.17734375000000002 0.1015625 0.0921875
3 0.8757812500000001 0.0703125 0.0859375 0.10312500000000001
3 0.7109375 0.0859375 0.09375 0.046875
3 0.79609375 0.08125 0.045312500000000006 0.08125
3 0.31093750000000003 0.0859375 0.037500000000000006 0.053125000000000006
3 0.31875000000000003 0.0328125 0.059375000000000004 0.028125
2 0.3375 0.009375000000000001 0.059375000000000004 0.018750000000000003
3 0.56953125 0.06953125 0.035937500000000004 0.026562500000000003
3 0.7156250000000001 0.0140625 0.08750000000000001 0.028125
3 0.6328125 0.11953125 0.034375 0.035937500000000004
3 0.6468750000000001 0.16953125000000002 0.065625 0.0734375
3 0.17578125 0.16171875000000002 0.0390625 0.0765625
3 0.21015625000000002 0.15859375 0.026562500000000003 0.0703125
3 0.23593750000000002 0.14296875 0.021875000000000002 0.0390625
3 0.2609375 0.14921875 0.018750000000000003 0.0328125
3 0.2921875 0.140625 0.018750000000000003 0.021875000000000002
3 0.26015625000000003 0.22734375 0.0484375 0.0390625
3 0.29921875000000003 0.2859375 0.035937500000000004 0.053125000000000006
3 0.33984375 0.32656250000000003 0.0390625 0.046875
3 0.39296875000000003 0.29921875000000003 0.0859375 0.08281250000000001
3 0.15156250000000002 0.19765625 0.021875000000000002 0.035937500000000004
3 0.12187500000000001 0.12578125 0.05 0.0171875
3 0.34687500000000004 0.45156250000000003 0.034375 0.025
3 0.15078125 0.50703125 0.060937500000000006 0.0546875
3 0.11640625 0.5476562500000001 0.0671875 0.0328125
3 0.39765625000000004 0.640625 0.0390625 0.040625
3 0.31562500000000004 0.62109375 0.046875 0.0234375
3 0.34453125 0.675 0.0765625 0.03125
3 0.21015625000000002 0.7093750000000001 0.029687500000000002 0.021875000000000002
3 0.12812500000000002 0.7015625000000001 0.09375 0.078125
3 0.1375 0.6257812500000001 0.037500000000000006 0.051562500000000004
3 0.31171875000000004 0.8367187500000001 0.07968750000000001 0.051562500000000004
3 0.41796875 0.8695312500000001 0.0234375 0.026562500000000003
3 0.36484375 0.8875000000000001 0.026562500000000003 0.028125
3 0.45156250000000003 0.8265625000000001 0.05 0.046875
3 0.5171875 0.8289062500000001 0.10625000000000001 0.1015625
3 0.6953125 0.7992187500000001 0.018750000000000003 0.026562500000000003
3 0.74609375 0.8078125 0.0328125 0.028125
3 0.9320312500000001 0.79453125 0.0390625 0.0203125
3 0.79296875 0.6859375000000001 0.0171875 0.034375
3 0.9070312500000001 0.6468750000000001 0.045312500000000006 0.021875000000000002
3 0.89765625 0.6140625000000001 0.0390625 0.015625
3 0.9656250000000001 0.6101562500000001 0.053125000000000006 0.0171875
3 0.721875 0.61640625 0.037500000000000006 0.0203125
3 0.56796875 0.70078125 0.0890625 0.0390625
3 0.6312500000000001 0.69140625 0.03125 0.035937500000000004
3 0.55078125 0.7429687500000001 0.1234375 0.07968750000000001
3 0.44765625000000003 0.71640625 0.0140625 0.0140625
3 0.45546875000000003 0.753125 0.0328125 0.025
