3 0.340625 0.27890625 0.25625000000000003 0.3046875
3 0.6953125 0.15234375 0.096875 0.1484375
3 0.59609375 0.10703125000000001 0.07968750000000001 0.0921875
3 0.49765625 0.1046875 0.0671875 0.125
3 0.60078125 0.22968750000000002 0.051562500000000004 0.1
3 0.5242187500000001 0.22187500000000002 0.0765625 0.1125
3 0.8187500000000001 0.02734375 0.08125 0.051562500000000004
3 0.98046875 0.02421875 0.035937500000000004 0.0484375
3 0.8851562500000001 0.5140625 0.2078125 0.153125
3 0.83984375 0.6625000000000001 0.0890625 0.115625
3 0.69296875 0.625 0.1390625 0.2625
3 0.6796875 0.84140625 0.078125 0.0859375
3 0.6664062500000001 0.4265625 0.09531250000000001 0.134375
3 0.56953125 0.40468750000000003 0.09531250000000001 0.140625
3 0.40156250000000004 0.5875 0.225 0.325
3 0.5984375000000001 0.8125 0.0625 0.15937500000000002
3 0.35703125 0.6804687500000001 0.0328125 0.1078125
3 0.50546875 0.7054687500000001 0.035937500000000004 0.0671875
3 0.44609375 0.703125 0.0421875 0.05
3 0.69921875 0.9234375 0.1484375 0.115625
3 0.83203125 0.9226562500000001 0.1796875 0.13593750000000002
