3 0.5296875 0.84921875 0.20625000000000002 0.2890625
3 0.72421875 0.875 0.1484375 0.22187500000000002
3 0.84296875 0.9304687500000001 0.060937500000000006 0.1171875
3 0.9078125 0.7984375 0.184375 0.284375
3 0.8796875000000001 0.5320312500000001 0.240625 0.2609375
2 0.76875 0.30546875 0.12187500000000001 0.2109375
3 0.8328125000000001 0.36328125 0.059375000000000004 0.060937500000000006
3 0.13593750000000002 0.7562500000000001 0.0625 0.06875
3 0.47109375000000003 0.3328125 0.47968750000000004 0.665625
3 0.1078125 0.28750000000000003 0.209375 0.4625
3 0.375 0.796875 0.109375 0.10625000000000001
