3 0.5632812500000001 0.4078125 0.045312500000000006 0.06875
3 0.38671875 0.32890625 0.0421875 0.045312500000000006
3 0.3359375 0.40234375 0.028125 0.0390625
3 0.23515625 0.25625000000000003 0.0234375 0.043750000000000004
3 0.30078125 0.259375 0.0171875 0.025
3 0.27187500000000003 0.3171875 0.018750000000000003 0.025
3 0.2109375 0.08515625 0.028125 0.045312500000000006
3 0.23046875 0.09531250000000001 0.0203125 0.028125
3 0.17265625 0.08281250000000001 0.0328125 0.046875
3 0.09140625000000001 0.10390625 0.0171875 0.029687500000000002
3 0.05 0.71875 0.015625 0.021875000000000002
3 0.00625 0.6890625 0.0125 0.034375
3 0.23671875 0.6234375000000001 0.0328125 0.05625
3 0.284375 0.6492187500000001 0.018750000000000003 0.026562500000000003
3 0.27968750000000003 0.671875 0.018750000000000003 0.028125
3 0.31640625 0.6742187500000001 0.0328125 0.0578125
3 0.3328125 0.6828125 0.028125 0.05
3 0.11796875000000001 0.53046875 0.0171875 0.0234375
