3 0.95625 0.07109375 0.084375 0.09531250000000001
3 0.8078125 0.01640625 0.140625 0.0328125
3 0.64453125 0.025 0.060937500000000006 0.046875
3 0.69921875 0.041406250000000006 0.035937500000000004 0.051562500000000004
3 0.8054687500000001 0.09531250000000001 0.1078125 0.046875
3 0.7679687500000001 0.18281250000000002 0.11406250000000001 0.10312500000000001
3 0.74140625 0.28750000000000003 0.1046875 0.096875
3 0.67890625 0.29453125 0.0421875 0.0859375
3 0.60859375 0.07578125000000001 0.051562500000000004 0.035937500000000004
3 0.390625 0.053125000000000006 0.05625 0.078125
3 0.42812500000000003 0.0203125 0.040625 0.037500000000000006
3 0.278125 0.01640625 0.021875000000000002 0.026562500000000003
2 0.26015625000000003 0.06171875 0.0484375 0.035937500000000004
2 0.246875 0.1171875 0.059375000000000004 0.03125
3 0.23203125000000002 0.1609375 0.0734375 0.046875
3 0.48750000000000004 0.18359375 0.040625 0.0546875
3 0.60546875 0.12421875 0.0890625 0.060937500000000006
3 0.61640625 0.19296875000000002 0.07968750000000001 0.0421875
3 0.49609375 0.2390625 0.0421875 0.05
3 0.54609375 0.22265625 0.045312500000000006 0.035937500000000004
3 0.5554687500000001 0.26484375 0.060937500000000006 0.06406250000000001
3 0.6765625000000001 0.21250000000000002 0.06875 0.05
3 0.72421875 0.35781250000000003 0.0203125 0.018750000000000003
3 0.7125 0.41640625000000003 0.03125 0.0390625
3 0.14375000000000002 0.23515625 0.037500000000000006 0.0703125
3 0.19843750000000002 0.23515625 0.028125 0.026562500000000003
3 0.22578125000000002 0.23359375000000002 0.0234375 0.026562500000000003
3 0.053125000000000006 0.209375 0.043750000000000004 0.03125
3 0.10546875 0.27109375 0.0421875 0.0421875
3 0.0734375 0.28359375000000003 0.034375 0.045312500000000006
3 0.035937500000000004 0.28046875 0.028125 0.0234375
3 0.36484375 0.309375 0.11093750000000001 0.08750000000000001
3 0.36484375 0.27734375 0.029687500000000002 0.0328125
3 0.19375 0.30781250000000004 0.0625 0.05625
3 0.31328125 0.39765625000000004 0.08281250000000001 0.08281250000000001
3 0.2625 0.41875 0.053125000000000006 0.059375000000000004
3 0.48750000000000004 0.48359375000000004 0.09375 0.0328125
3 0.43671875000000004 0.4703125 0.035937500000000004 0.028125
3 0.07500000000000001 0.58828125 0.05625 0.0421875
3 0.13515625 0.6062500000000001 0.0328125 0.05625
3 0.02890625 0.62265625 0.035937500000000004 0.035937500000000004
3 0.115625 0.659375 0.09375 0.040625
3 0.039843750000000004 0.7898437500000001 0.0703125 0.0890625
3 0.20234375000000002 0.7265625 0.0328125 0.025
3 0.3015625 0.7312500000000001 0.040625 0.034375
3 0.2984375 0.7828125 0.040625 0.025
3 0.47890625000000003 0.77890625 0.1171875 0.0484375
3 0.43203125000000003 0.8132812500000001 0.0859375 0.06406250000000001
3 0.6484375 0.88828125 0.037500000000000006 0.0171875
3 0.690625 0.7679687500000001 0.034375 0.0421875
3 0.3484375 0.91796875 0.05 0.0390625
3 0.2625 0.85859375 0.03125 0.029687500000000002
3 0.2078125 0.91953125 0.06875 0.045312500000000006
3 0.31328125 0.95859375 0.026562500000000003 0.0171875
3 0.41718750000000004 0.9382812500000001 0.0625 0.045312500000000006
3 0.92109375 0.5234375 0.029687500000000002 0.034375
3 0.70078125 0.534375 0.026562500000000003 0.025
3 0.7703125000000001 0.70859375 0.037500000000000006 0.0140625
3 0.7984375 0.7390625000000001 0.03125 0.018750000000000003
3 0.8484375000000001 0.6976562500000001 0.034375 0.0203125
3 0.21406250000000002 0.775 0.05 0.021875000000000002
