4 0.67578125 0.75390625 0.1484375 0.1265625
4 0.6984375 0.9515625000000001 0.07500000000000001 0.096875
4 0.38046875 0.68125 0.1609375 0.15625
3 0.38906250000000003 0.1046875 0.037500000000000006 0.053125000000000006
3 0.3984375 0.01953125 0.018750000000000003 0.035937500000000004
3 0.940625 0.17109375000000002 0.046875 0.035937500000000004
3 0.92109375 0.26953125 0.0328125 0.0578125
3 0.90390625 0.21015625000000002 0.0203125 0.0234375
3 0.75390625 0.0390625 0.0140625 0.025
3 0.640625 0.043750000000000004 0.046875 0.034375
3 0.6890625 0.03125 0.015625 0.025
3 0.6140625000000001 0.90234375 0.03125 0.0421875
3 0.9046875000000001 0.9226562500000001 0.021875000000000002 0.0765625
3 0.03125 0.8359375 0.025 0.05
4 0.45703125 0.9656250000000001 0.1234375 0.059375000000000004
3 0.7992187500000001 0.08515625 0.0203125 0.035937500000000004
3 0.4703125 0.18671875000000002 0.028125 0.051562500000000004
