3 0.55625 0.017968750000000002 0.115625 0.035937500000000004
3 0.5375 0.08281250000000001 0.065625 0.109375
3 0.484375 0.11015625000000001 0.065625 0.09843750000000001
3 0.6953125 0.22578125000000002 0.10312500000000001 0.09531250000000001
3 0.7796875000000001 0.30859375 0.06875 0.15156250000000002
3 0.7210937500000001 0.33515625000000004 0.060937500000000006 0.09843750000000001
3 0.7515625 0.07968750000000001 0.07500000000000001 0.096875
3 0.83515625 0.2703125 0.026562500000000003 0.065625
3 0.47500000000000003 0.0234375 0.037500000000000006 0.046875
3 0.62421875 0.28750000000000003 0.0671875 0.053125000000000006
3 0.5750000000000001 0.2578125 0.046875 0.065625
3 0.6312500000000001 0.33671875 0.059375000000000004 0.0484375
3 0.5171875 0.26796875000000003 0.065625 0.06406250000000001
3 0.484375 0.30078125 0.034375 0.0734375
3 0.40859375000000003 0.28984375 0.026562500000000003 0.029687500000000002
3 0.33671875 0.203125 0.0328125 0.078125
3 0.34765625 0.31796875 0.045312500000000006 0.045312500000000006
3 0.34921875 0.02109375 0.0484375 0.0421875
3 0.31796875 0.0078125 0.0171875 0.015625
3 0.36015625 0.09296875 0.045312500000000006 0.0890625
3 0.61484375 0.5234375 0.1046875 0.059375000000000004
3 0.596875 0.6390625000000001 0.084375 0.09062500000000001
3 0.54296875 0.69140625 0.0390625 0.0421875
