3 0.0671875 0.0390625 0.10312500000000001 0.078125
3 0.015625 0.42812500000000003 0.03125 0.146875
3 0.05625 0.59375 0.1125 0.15625
3 0.46406250000000004 0.9046875000000001 0.109375 0.1375
3 0.6937500000000001 0.56640625 0.140625 0.07968750000000001
3 0.6953125 0.265625 0.134375 0.17500000000000002
3 0.8460937500000001 0.29296875 0.09843750000000001 0.13593750000000002
3 0.53359375 0.21875 0.045312500000000006 0.08125
3 0.8421875000000001 0.15390625000000002 0.06875 0.0890625
3 0.41718750000000004 0.3375 0.07187500000000001 0.10625000000000001
3 0.6015625 0.42265625 0.040625 0.1265625
3 0.28750000000000003 0.63046875 0.146875 0.1328125
3 0.98984375 0.51171875 0.0203125 0.09843750000000001
3 0.859375 0.925 0.09375 0.109375
3 0.6625000000000001 0.9125000000000001 0.10625000000000001 0.12812500000000002
