3 0.53828125 0.6359375 0.4421875 0.55625
3 0.47109375000000003 0.8375 0.3484375 0.325
3 0.5164062500000001 0.97265625 0.0921875 0.0546875
3 0.2265625 0.2984375 0.453125 0.596875
3 0.41875 0.37265625 0.096875 0.1546875
3 0.12109375 0.628125 0.15156250000000002 0.21250000000000002
3 0.23984375000000002 0.6390625000000001 0.1421875 0.184375
3 0.10234375000000001 0.7468750000000001 0.1859375 0.18125000000000002
3 0.21796875000000002 0.7585937500000001 0.0671875 0.0734375
3 0.03828125 0.53046875 0.0765625 0.1703125
3 0.19609375 0.07109375 0.0765625 0.08281250000000001
