3 0.49531250000000004 0.1796875 0.11875000000000001 0.096875
3 0.6351562500000001 0.1796875 0.0578125 0.06875
3 0.58828125 0.265625 0.0734375 0.06875
3 0.5 0.26328125 0.053125000000000006 0.0234375
3 0.46406250000000004 0.09765625 0.037500000000000006 0.0421875
3 0.49140625000000004 0.039843750000000004 0.051562500000000004 0.0203125
3 0.29140625000000003 0.025 0.051562500000000004 0.037500000000000006
3 0.9328125 0.1328125 0.046875 0.025
3 0.8460937500000001 0.32734375000000004 0.051562500000000004 0.045312500000000006
3 0.25859375 0.15781250000000002 0.051562500000000004 0.065625
3 0.07968750000000001 0.15390625000000002 0.15937500000000002 0.06406250000000001
3 0.16953125000000002 0.09296875 0.06406250000000001 0.029687500000000002
3 0.1234375 0.21250000000000002 0.040625 0.040625
3 0.0546875 0.26406250000000003 0.109375 0.07500000000000001
3 0.28359375000000003 0.246875 0.1046875 0.053125000000000006
3 0.45 0.31875000000000003 0.08750000000000001 0.06875
3 0.5554687500000001 0.34765625 0.1265625 0.0484375
3 0.275 0.38906250000000003 0.16875 0.115625
3 0.078125 0.4265625 0.040625 0.021875000000000002
3 0.265625 0.5125000000000001 0.078125 0.028125
3 0.13359375 0.51484375 0.1171875 0.1078125
3 0.69140625 0.38984375000000004 0.09531250000000001 0.0765625
3 0.62109375 0.39687500000000003 0.0390625 0.043750000000000004
3 0.48046875 0.44140625 0.1234375 0.0546875
3 0.69921875 0.47734375 0.0890625 0.035937500000000004
3 0.6609375000000001 0.54609375 0.146875 0.060937500000000006
3 0.47265625 0.6390625000000001 0.1265625 0.140625
3 0.5554687500000001 0.66171875 0.0890625 0.11406250000000001
3 0.49531250000000004 0.52734375 0.12812500000000002 0.1015625
3 0.6015625 0.54453125 0.046875 0.06406250000000001
3 0.7429687500000001 0.6062500000000001 0.1078125 0.07500000000000001
3 0.8250000000000001 0.58125 0.07500000000000001 0.096875
3 0.9375 0.7625000000000001 0.11875000000000001 0.07187500000000001
3 0.9359375000000001 0.82421875 0.07500000000000001 0.0546875
3 0.9656250000000001 0.9046875000000001 0.065625 0.078125
3 0.1265625 0.91328125 0.065625 0.0734375
3 0.0578125 0.93671875 0.065625 0.026562500000000003
3 0.03359375 0.9765625 0.0671875 0.028125
3 0.81640625 0.91796875 0.06406250000000001 0.06406250000000001
3 0.65546875 0.978125 0.08281250000000001 0.037500000000000006
3 0.7671875 0.9906250000000001 0.028125 0.015625
3 0.72578125 0.925 0.0859375 0.08125
3 0.84765625 0.9945312500000001 0.045312500000000006 0.010937500000000001
3 0.8054687500000001 0.65625 0.0484375 0.040625
3 0.93671875 0.7046875 0.0546875 0.043750000000000004
3 0.50234375 0.7265625 0.0171875 0.018750000000000003
