3 0.6578125 0.7195312500000001 0.25625000000000003 0.3046875
3 0.30312500000000003 0.846875 0.096875 0.146875
3 0.40234375 0.8914062500000001 0.07968750000000001 0.0921875
3 0.5015625 0.89375 0.065625 0.125
3 0.39765625000000004 0.76875 0.051562500000000004 0.1
3 0.47421875 0.7765625 0.0765625 0.1125
3 0.1796875 0.9710937500000001 0.08125 0.051562500000000004
3 0.017968750000000002 0.97421875 0.035937500000000004 0.0484375
3 0.11328125 0.48515625 0.2078125 0.1546875
3 0.15859375 0.3359375 0.0890625 0.115625
3 0.30546875 0.37343750000000003 0.1390625 0.2625
3 0.31875000000000003 0.15703125 0.078125 0.0859375
3 0.33203125 0.57265625 0.09531250000000001 0.13593750000000002
3 0.42890625000000004 0.59375 0.09531250000000001 0.140625
3 0.596875 0.4109375 0.225 0.325
3 0.4 0.1859375 0.0625 0.15937500000000002
3 0.6414062500000001 0.31796875 0.0328125 0.1078125
3 0.49296875 0.29296875 0.035937500000000004 0.0671875
3 0.55234375 0.29531250000000003 0.0421875 0.05
3 0.29921875000000003 0.07500000000000001 0.1484375 0.115625
3 0.16640625 0.07578125000000001 0.1796875 0.13593750000000002
