3 0.21953125 0.54296875 0.0734375 0.1078125
3 0.17734375000000002 0.13671875 0.0921875 0.1015625
3 0.0703125 0.12265625000000001 0.10312500000000001 0.0859375
3 0.0859375 0.28750000000000003 0.046875 0.09375
3 0.08125 0.203125 0.08125 0.046875
3 0.0859375 0.6875 0.053125000000000006 0.037500000000000006
3 0.0328125 0.6796875 0.028125 0.059375000000000004
2 0.009375000000000001 0.6609375000000001 0.018750000000000003 0.059375000000000004
3 0.06953125 0.42890625000000004 0.026562500000000003 0.035937500000000004
3 0.0140625 0.2828125 0.028125 0.08750000000000001
3 0.11953125 0.36562500000000003 0.035937500000000004 0.034375
3 0.16953125000000002 0.35078125000000004 0.0734375 0.0671875
3 0.16171875000000002 0.8226562500000001 0.0765625 0.0390625
3 0.15859375 0.78828125 0.0703125 0.026562500000000003
3 0.14296875 0.7625000000000001 0.0390625 0.021875000000000002
3 0.14921875 0.7367187500000001 0.0328125 0.0171875
3 0.140625 0.70625 0.021875000000000002 0.018750000000000003
3 0.22734375 0.73828125 0.0390625 0.0484375
3 0.2859375 0.7000000000000001 0.053125000000000006 0.037500000000000006
3 0.32656250000000003 0.659375 0.046875 0.037500000000000006
3 0.29921875000000003 0.60546875 0.08281250000000001 0.0859375
3 0.19765625 0.846875 0.035937500000000004 0.021875000000000002
3 0.12578125 0.8765625 0.0171875 0.05
3 0.45156250000000003 0.6507812500000001 0.025 0.0328125
3 0.50703125 0.84765625 0.0546875 0.060937500000000006
3 0.5476562500000001 0.88203125 0.0328125 0.0671875
3 0.640625 0.60078125 0.040625 0.0390625
3 0.62109375 0.6828125 0.0234375 0.046875
3 0.675 0.65390625 0.03125 0.0765625
3 0.7093750000000001 0.78828125 0.021875000000000002 0.029687500000000002
3 0.7015625000000001 0.8703125 0.078125 0.09375
3 0.6257812500000001 0.8617187500000001 0.051562500000000004 0.035937500000000004
3 0.8367187500000001 0.68671875 0.051562500000000004 0.07968750000000001
3 0.8695312500000001 0.58046875 0.026562500000000003 0.026562500000000003
3 0.8875000000000001 0.6335937500000001 0.028125 0.026562500000000003
3 0.8265625000000001 0.546875 0.046875 0.05
3 0.8289062500000001 0.48046875 0.1015625 0.1078125
3 0.7992187500000001 0.30312500000000003 0.026562500000000003 0.018750000000000003
3 0.8078125 0.25234375000000003 0.028125 0.0328125
3 0.79453125 0.06640625 0.0203125 0.0390625
3 0.6859375000000001 0.20546875 0.034375 0.0171875
3 0.6468750000000001 0.09062500000000001 0.021875000000000002 0.046875
3 0.6140625000000001 0.1 0.015625 0.037500000000000006
3 0.6101562500000001 0.0328125 0.0171875 0.053125000000000006
3 0.61640625 0.2765625 0.0203125 0.037500000000000006
3 0.70078125 0.43046875 0.0390625 0.0890625
3 0.69140625 0.3671875 0.035937500000000004 0.03125
3 0.7429687500000001 0.44765625000000003 0.07968750000000001 0.1234375
3 0.71640625 0.55 0.0140625 0.015625
3 0.753125 0.54296875 0.025 0.0328125
