3 0.69140625 0.025 0.0390625 0.034375
3 0.7093750000000001 0.09531250000000001 0.025 0.015625
3 0.9234375 0.3453125 0.025 0.05625
3 0.45 0.1046875 0.025 0.015625
3 0.4578125 0.07187500000000001 0.021875000000000002 0.028125
3 0.48046875 0.059375000000000004 0.0203125 0.015625
3 0.1390625 0.7828125 0.025 0.03125
3 0.29531250000000003 0.19296875000000002 0.0125 0.035937500000000004
3 0.3125 0.16562500000000002 0.0125 0.021875000000000002
3 0.37031250000000004 0.09453125000000001 0.028125 0.026562500000000003
3 0.23125 0.8445312500000001 0.040625 0.0234375
3 0.88984375 0.6609375000000001 0.0171875 0.034375
3 0.8859375 0.6960937500000001 0.037500000000000006 0.029687500000000002
3 0.9695312500000001 0.34296875000000004 0.029687500000000002 0.0390625
3 0.9593750000000001 0.0546875 0.015625 0.037500000000000006
3 0.9812500000000001 0.07500000000000001 0.021875000000000002 0.046875
4 0.71875 0.3640625 0.040625 0.109375
4 0.51015625 0.69296875 0.0671875 0.09531250000000001
4 0.24921875000000002 0.88984375 0.11093750000000001 0.0859375
3 0.47578125000000004 0.6125 0.0171875 0.059375000000000004
3 0.41718750000000004 0.52265625 0.028125 0.0390625
4 0.29296875 0.52734375 0.1265625 0.0703125
