3 0.5710937500000001 0.18046875 0.0921875 0.18281250000000002
3 0.28671875 0.26484375 0.22968750000000002 0.3921875
3 0.3375 0.5265625 0.1375 0.1875
3 0.125 0.16328125000000002 0.10625000000000001 0.2984375
3 0.046875 0.16796875 0.037500000000000006 0.0546875
3 0.8625 0.06171875 0.171875 0.1234375
3 0.7914062500000001 0.24765625000000002 0.051562500000000004 0.0421875
3 0.6765625000000001 0.06875 0.07187500000000001 0.13125
3 0.56484375 0.5953125 0.18281250000000002 0.28750000000000003
3 0.66328125 0.44609375 0.1421875 0.1265625
3 0.43125 0.43359375 0.059375000000000004 0.1765625
2 0.35546875 0.5281250000000001 0.08281250000000001 0.153125
3 0.30390625000000004 0.50234375 0.060937500000000006 0.0734375
3 0.11171875 0.23515625 0.0703125 0.0859375
3 0.8390625 0.5390625 0.19062500000000002 0.28750000000000003
3 0.828125 0.74921875 0.1625 0.1203125
3 0.971875 0.8890625000000001 0.05 0.15000000000000002
3 0.9140625 0.9710937500000001 0.05625 0.0578125
