3 0.29609375 0.3375 0.07968750000000001 0.115625
3 0.22968750000000002 0.33359375 0.0625 0.16718750000000002
3 0.31484375000000003 0.22187500000000002 0.0859375 0.10312500000000001
3 0.42812500000000003 0.16640625 0.125 0.18281250000000002
3 0.46015625000000004 0.10234375000000001 0.035937500000000004 0.051562500000000004
3 0.4375 0.34375 0.053125000000000006 0.140625
3 0.48750000000000004 0.49609375 0.0625 0.0546875
3 0.51796875 0.58046875 0.051562500000000004 0.0328125
3 0.46328125000000003 0.62265625 0.0671875 0.08281250000000001
3 0.37421875000000004 0.584375 0.0484375 0.040625
3 0.21640625000000002 0.7515625 0.0484375 0.178125
3 0.09843750000000001 0.525 0.171875 0.215625
3 0.525 0.81953125 0.240625 0.3609375
3 0.8109375000000001 0.153125 0.059375000000000004 0.084375
3 0.80078125 0.14765625000000002 0.11406250000000001 0.24531250000000002
3 0.7093750000000001 0.07109375 0.028125 0.06406250000000001
3 0.659375 0.045312500000000006 0.0625 0.05
3 0.6648437500000001 0.11875000000000001 0.0578125 0.05
3 0.6984375 0.16953125000000002 0.037500000000000006 0.035937500000000004
3 0.7109375 0.26484375 0.06875 0.0421875
3 0.6921875000000001 0.328125 0.03125 0.07187500000000001
3 0.5703125 0.17890625000000002 0.043750000000000004 0.035937500000000004
3 0.565625 0.09843750000000001 0.08750000000000001 0.1
3 0.6109375 0.50546875 0.053125000000000006 0.0671875
3 0.03828125 0.95859375 0.0171875 0.0421875
3 0.83515625 0.8914062500000001 0.32656250000000003 0.1765625
3 0.6484375 0.9437500000000001 0.059375000000000004 0.109375
3 0.73046875 0.43984375000000003 0.0421875 0.060937500000000006
