3 0.1703125 0.034375 0.11875000000000001 0.06875
3 0.40078125000000003 0.17890625000000002 0.1171875 0.0703125
3 0.49453125000000003 0.039843750000000004 0.2171875 0.07968750000000001
3 0.37890625 0.047656250000000004 0.051562500000000004 0.035937500000000004
3 0.46171875 0.08203125 0.07968750000000001 0.0546875
3 0.9007812500000001 0.16875 0.0484375 0.034375
3 0.05390625 0.11328125 0.0578125 0.029687500000000002
3 0.07500000000000001 0.065625 0.096875 0.046875
3 0.13828125 0.11015625000000001 0.029687500000000002 0.035937500000000004
3 0.21640625000000002 0.1234375 0.060937500000000006 0.07187500000000001
3 0.049218750000000006 0.52734375 0.09843750000000001 0.08281250000000001
3 0.046875 0.7054687500000001 0.034375 0.0234375
3 0.0921875 0.75390625 0.0625 0.0859375
3 0.215625 0.7429687500000001 0.08750000000000001 0.07968750000000001
3 0.371875 0.76875 0.065625 0.084375
3 0.36562500000000003 0.8523437500000001 0.1375 0.1046875
3 0.22187500000000002 0.84140625 0.10312500000000001 0.060937500000000006
3 0.30546875 0.99140625 0.0703125 0.0171875
3 0.68125 0.8695312500000001 0.115625 0.0671875
3 0.7664062500000001 0.8562500000000001 0.035937500000000004 0.05
3 0.5578125 0.9359375000000001 0.1375 0.12187500000000001
3 0.69921875 0.9242187500000001 0.0421875 0.0390625
3 0.9242187500000001 0.7000000000000001 0.11406250000000001 0.06875
3 0.47265625 0.5328125 0.0484375 0.059375000000000004
3 0.28828125 0.36640625000000004 0.0765625 0.0578125
3 0.225 0.45078125 0.05 0.051562500000000004
3 0.5078125 0.41640625000000003 0.08750000000000001 0.060937500000000006
