3 0.51953125 0.83984375 0.035937500000000004 0.1328125
3 0.44843750000000004 0.8921875 0.034375 0.07500000000000001
3 0.4421875 0.8203125 0.028125 0.021875000000000002
3 0.40625 0.59140625 0.037500000000000006 0.051562500000000004
3 0.36953125000000003 0.634375 0.029687500000000002 0.034375
3 0.434375 0.67890625 0.037500000000000006 0.045312500000000006
3 0.29296875 0.51171875 0.0328125 0.026562500000000003
3 0.209375 0.73203125 0.03125 0.035937500000000004
3 0.34921875 0.34218750000000003 0.029687500000000002 0.037500000000000006
3 0.80078125 0.26953125 0.0390625 0.0390625
3 0.80625 0.32578125 0.03125 0.035937500000000004
3 0.9328125 0.35781250000000003 0.12812500000000002 0.14375000000000002
3 0.91328125 0.30312500000000003 0.15156250000000002 0.05625
3 0.9 0.1421875 0.08125 0.078125
3 0.9671875000000001 0.09609375 0.0625 0.045312500000000006
3 0.971875 0.16953125000000002 0.05 0.0671875
3 0.9476562500000001 0.03359375 0.09843750000000001 0.0671875
3 0.18203125 0.015625 0.0671875 0.028125
3 0.11328125 0.01015625 0.0328125 0.0203125
3 0.1703125 0.184375 0.037500000000000006 0.05625
3 0.13828125 0.16562500000000002 0.035937500000000004 0.040625
3 0.178125 0.140625 0.018750000000000003 0.018750000000000003
3 0.10078125 0.23359375000000002 0.0171875 0.0390625
3 0.09062500000000001 0.18359375 0.021875000000000002 0.0328125
3 0.014843750000000001 0.09843750000000001 0.029687500000000002 0.05625
3 0.13828125 0.51171875 0.026562500000000003 0.0328125
3 0.1375 0.45546875000000003 0.028125 0.0328125
3 0.31484375000000003 0.049218750000000006 0.035937500000000004 0.06406250000000001
3 0.446875 0.02734375 0.034375 0.0328125
