3 0.84375 0.40234375 0.043750000000000004 0.06406250000000001
3 0.9398437500000001 0.42500000000000004 0.09843750000000001 0.059375000000000004
3 0.7484375000000001 0.48828125 0.053125000000000006 0.0546875
3 0.7039062500000001 0.31875000000000003 0.08281250000000001 0.034375
3 0.109375 0.38671875 0.065625 0.026562500000000003
5 0.0921875 0.3375 0.10625000000000001 0.046875
5 0.059375000000000004 0.31796875 0.11875000000000001 0.0484375
3 0.31171875000000004 0.62421875 0.0234375 0.0140625
2 0.33203125 0.6375000000000001 0.0890625 0.043750000000000004
3 0.2671875 0.5171875 0.043750000000000004 0.037500000000000006
3 0.1 0.74375 0.05 0.046875
3 0.78125 0.40703125 0.040625 0.0421875
