3 0.41718750000000004 0.34921875 0.109375 0.1703125
3 0.7125 0.65 0.146875 0.25
3 0.6117187500000001 0.57578125 0.07968750000000001 0.09531250000000001
3 0.50390625 0.8 0.09843750000000001 0.153125
3 0.6734375 0.010937500000000001 0.07500000000000001 0.021875000000000002
3 0.32343750000000004 0.0734375 0.084375 0.146875
3 0.24375000000000002 0.040625 0.11875000000000001 0.08125
3 0.31171875000000004 0.91328125 0.1921875 0.17343750000000002
3 0.3671875 0.74921875 0.08750000000000001 0.11093750000000001
3 0.34765625 0.56640625 0.0671875 0.1015625
3 0.38125000000000003 0.50703125 0.059375000000000004 0.07968750000000001
3 0.66015625 0.9 0.1484375 0.15000000000000002
3 0.25625000000000003 0.77890625 0.096875 0.16718750000000002
3 0.16718750000000002 0.66328125 0.065625 0.11406250000000001
3 0.15546875000000002 0.5328125 0.0546875 0.06875
3 0.29296875 0.62890625 0.0734375 0.0921875
