4 0.32265625000000003 0.75390625 0.1484375 0.1265625
4 0.30000000000000004 0.9515625000000001 0.07500000000000001 0.096875
4 0.6179687500000001 0.68125 0.1609375 0.15625
3 0.609375 0.1046875 0.037500000000000006 0.053125000000000006
3 0.6000000000000001 0.01953125 0.018750000000000003 0.035937500000000004
3 0.0578125 0.17109375000000002 0.046875 0.035937500000000004
3 0.07734375 0.26953125 0.0328125 0.0578125
3 0.09453125000000001 0.21015625000000002 0.0203125 0.0234375
3 0.24453125 0.0390625 0.0140625 0.025
3 0.35781250000000003 0.043750000000000004 0.046875 0.034375
3 0.309375 0.03125 0.015625 0.025
3 0.384375 0.90234375 0.03125 0.0421875
3 0.09453125000000001 0.9226562500000001 0.0234375 0.0765625
3 0.96640625 0.8359375 0.0234375 0.05
4 0.54140625 0.9656250000000001 0.1234375 0.059375000000000004
3 0.19921875 0.08515625 0.0203125 0.035937500000000004
3 0.52890625 0.1875 0.029687500000000002 0.05
