3 0.50546875 0.25234375000000003 0.060937500000000006 0.0578125
3 0.46796875000000004 0.23671875 0.0390625 0.035937500000000004
3 0.46953125 0.28671875 0.0765625 0.060937500000000006
3 0.55703125 0.296875 0.0890625 0.043750000000000004
3 0.62421875 0.26484375 0.06406250000000001 0.051562500000000004
3 0.6671875 0.2328125 0.0625 0.053125000000000006
3 0.72578125 0.265625 0.060937500000000006 0.043750000000000004
3 0.8125 0.34296875000000004 0.021875000000000002 0.0203125
3 0.8226562500000001 0.22265625 0.0203125 0.0203125
3 0.8515625 0.184375 0.028125 0.018750000000000003
3 0.8718750000000001 0.1609375 0.021875000000000002 0.037500000000000006
3 0.8539062500000001 0.1484375 0.0234375 0.018750000000000003
3 0.9656250000000001 0.21328125 0.040625 0.0171875
3 0.9906250000000001 0.20078125000000002 0.015625 0.0484375
3 0.96640625 0.22812500000000002 0.035937500000000004 0.018750000000000003
3 0.953125 0.43125 0.078125 0.059375000000000004
3 0.95859375 0.40546875000000004 0.0734375 0.0703125
3 0.86484375 0.43828125 0.1046875 0.051562500000000004
3 0.89765625 0.48984375 0.1234375 0.045312500000000006
3 0.9625 0.54296875 0.07187500000000001 0.0703125
3 0.9632812500000001 0.5109375 0.029687500000000002 0.025
3 0.5554687500000001 0.34218750000000003 0.06406250000000001 0.046875
3 0.6156250000000001 0.33984375 0.053125000000000006 0.035937500000000004
3 0.6179687500000001 0.31484375000000003 0.0546875 0.026562500000000003
3 0.6648437500000001 0.31640625 0.0328125 0.0203125
3 0.7195312500000001 0.36640625000000004 0.07968750000000001 0.0328125
3 0.64453125 0.40234375 0.06406250000000001 0.0328125
3 0.6507812500000001 0.36875 0.0328125 0.021875000000000002
3 0.48671875000000003 0.3609375 0.051562500000000004 0.021875000000000002
3 0.49453125000000003 0.390625 0.0578125 0.040625
3 0.43671875000000004 0.38203125000000004 0.045312500000000006 0.0671875
3 0.603125 0.39296875000000003 0.025 0.0171875
3 0.52578125 0.4390625 0.0546875 0.021875000000000002
3 0.48984375 0.42578125 0.0171875 0.026562500000000003
3 0.309375 0.390625 0.053125000000000006 0.07187500000000001
3 0.26015625000000003 0.37890625 0.0421875 0.0859375
3 0.26328125 0.4546875 0.051562500000000004 0.046875
3 0.30703125000000003 0.4859375 0.0578125 0.03125
3 0.29296875 0.52578125 0.09843750000000001 0.0578125
3 0.46171875 0.47187500000000004 0.0421875 0.05
3 0.41171875 0.46953125 0.045312500000000006 0.051562500000000004
3 0.5164062500000001 0.49140625000000004 0.0421875 0.026562500000000003
3 0.54296875 0.46406250000000004 0.026562500000000003 0.03125
3 0.65625 0.434375 0.078125 0.034375
3 0.71796875 0.48281250000000003 0.051562500000000004 0.053125000000000006
3 0.6484375 0.50703125 0.046875 0.0234375
3 0.69296875 0.5578125 0.026562500000000003 0.021875000000000002
3 0.7429687500000001 0.5593750000000001 0.029687500000000002 0.05
3 0.7679687500000001 0.51328125 0.0328125 0.0234375
3 0.47578125000000004 0.5578125 0.0421875 0.034375
3 0.4 0.5703125 0.028125 0.043750000000000004
3 0.3046875 0.57265625 0.03125 0.029687500000000002
3 0.30078125 0.58515625 0.0390625 0.0546875
3 0.3453125 0.62109375 0.015625 0.026562500000000003
3 0.33906250000000004 0.7015625000000001 0.043750000000000004 0.028125
3 0.28125 0.70078125 0.021875000000000002 0.029687500000000002
3 0.39453125 0.6546875000000001 0.026562500000000003 0.015625
3 0.45078125 0.759375 0.0203125 0.05
3 0.41640625000000003 0.7406250000000001 0.0203125 0.025
3 0.43593750000000003 0.9539062500000001 0.03125 0.0421875
3 0.6039062500000001 0.846875 0.0421875 0.018750000000000003
3 0.48515625 0.74375 0.0421875 0.021875000000000002
3 0.58359375 0.5109375 0.0421875 0.018750000000000003
3 0.89375 0.81640625 0.12187500000000001 0.0671875
3 0.8250000000000001 0.7984375 0.025 0.015625
3 0.9671875000000001 0.8460937500000001 0.059375000000000004 0.0578125
3 0.9773437500000001 0.790625 0.0421875 0.037500000000000006
3 0.90234375 0.7484375000000001 0.1015625 0.059375000000000004
3 0.9867187500000001 0.7406250000000001 0.0234375 0.034375
3 0.98828125 0.67890625 0.0203125 0.029687500000000002
3 0.8679687500000001 0.6804687500000001 0.0390625 0.035937500000000004
3 0.78828125 0.6609375000000001 0.035937500000000004 0.015625
3 0.93671875 0.96640625 0.026562500000000003 0.0234375
3 0.88984375 0.953125 0.0203125 0.040625
3 0.878125 0.9906250000000001 0.034375 0.015625
3 0.40156250000000004 0.8765625 0.015625 0.040625
3 0.40937500000000004 0.8406250000000001 0.0125 0.0125
3 0.465625 0.83515625 0.015625 0.0171875
3 0.1859375 0.3328125 0.040625 0.037500000000000006
3 0.3921875 0.31640625 0.028125 0.0234375
3 0.39296875000000003 0.3328125 0.0328125 0.009375000000000001
3 0.23984375000000002 0.24921875000000002 0.035937500000000004 0.029687500000000002
3 0.22109375 0.2734375 0.0328125 0.015625
3 0.275 0.25703125 0.037500000000000006 0.0171875
3 0.63046875 0.18046875 0.029687500000000002 0.0078125
3 0.6484375 0.16875 0.03125 0.009375000000000001
3 0.78515625 0.20625000000000002 0.0140625 0.009375000000000001
3 0.7835937500000001 0.47500000000000003 0.010937500000000001 0.00625
