3 0.36015625 0.7546875000000001 0.0859375 0.034375
3 0.38828125 0.828125 0.08281250000000001 0.07500000000000001
3 0.47890625000000003 0.6859375000000001 0.0734375 0.040625
3 0.25234375000000003 0.6484375 0.0484375 0.0625
3 0.35859375000000004 0.20468750000000002 0.035937500000000004 0.05
5 0.29375 0.18984375 0.065625 0.07968750000000001
5 0.26953125 0.16562500000000002 0.0671875 0.09062500000000001
3 0.6703125000000001 0.3609375 0.018750000000000003 0.018750000000000003
2 0.6882812500000001 0.37734375000000003 0.060937500000000006 0.0671875
3 0.52890625 0.32656250000000003 0.051562500000000004 0.034375
3 0.8343750000000001 0.20625000000000002 0.0625 0.037500000000000006
3 0.36875 0.70859375 0.05625 0.0328125
