3 0.45078125 0.26484375 0.09843750000000001 0.09843750000000001
3 0.51171875 0.16015625 0.1328125 0.09843750000000001
3 0.284375 0.16640625 0.065625 0.0390625
3 0.7507812500000001 0.047656250000000004 0.0703125 0.060937500000000006
3 0.84375 0.025781250000000002 0.09375 0.0328125
3 0.9695312500000001 0.0734375 0.060937500000000006 0.10625000000000001
3 0.19375 0.08515625 0.053125000000000006 0.0890625
3 0.134375 0.09062500000000001 0.08750000000000001 0.14375000000000002
3 0.055468750000000004 0.05625 0.060937500000000006 0.06875
3 0.39687500000000003 0.43046875 0.059375000000000004 0.045312500000000006
3 0.12109375 0.49296875 0.0484375 0.0234375
3 0.07890625000000001 0.546875 0.0703125 0.043750000000000004
3 0.07265625 0.5867187500000001 0.0484375 0.0328125
3 0.07578125000000001 0.7390625000000001 0.1078125 0.11875000000000001
3 0.09609375 0.6515625 0.035937500000000004 0.05
3 0.1859375 0.7125 0.07500000000000001 0.078125
3 0.25 0.6765625000000001 0.053125000000000006 0.07500000000000001
3 0.3375 0.675 0.0625 0.046875
3 0.35781250000000003 0.7507812500000001 0.059375000000000004 0.0390625
3 0.4375 0.690625 0.037500000000000006 0.059375000000000004
3 0.44843750000000004 0.75546875 0.084375 0.045312500000000006
3 0.5265625 0.71796875 0.07187500000000001 0.0484375
3 0.37421875000000004 0.5640625 0.0578125 0.03125
3 0.18046875 0.5710937500000001 0.026562500000000003 0.0140625
3 0.84921875 0.671875 0.07968750000000001 0.05
3 0.91171875 0.68125 0.0234375 0.018750000000000003
3 0.9593750000000001 0.7234375000000001 0.034375 0.040625
3 0.921875 0.7609375 0.03125 0.040625
3 0.6414062500000001 0.753125 0.09531250000000001 0.05625
3 0.65546875 0.796875 0.035937500000000004 0.025
3 0.55 0.7921875 0.1 0.08125
3 0.36875 0.8375 0.134375 0.12187500000000001
3 0.29921875000000003 0.9296875 0.11406250000000001 0.05625
3 0.44375000000000003 0.98359375 0.043750000000000004 0.0203125
3 0.4921875 0.92734375 0.07187500000000001 0.0703125
3 0.55703125 0.95078125 0.0421875 0.029687500000000002
3 0.6023437500000001 0.9765625 0.0484375 0.043750000000000004
3 0.84296875 0.8953125000000001 0.0703125 0.037500000000000006
3 0.7125 0.8054687500000001 0.05625 0.0328125
3 0.79453125 0.25859375 0.0328125 0.0203125
3 0.940625 0.24921875000000002 0.021875000000000002 0.029687500000000002
3 0.89375 0.33906250000000004 0.03125 0.034375
3 0.56015625 0.3875 0.035937500000000004 0.040625
3 0.5281250000000001 0.42109375000000004 0.05 0.0234375
3 0.5242187500000001 0.50546875 0.0546875 0.029687500000000002
