3 0.9226562500000001 0.6960937500000001 0.1421875 0.1390625
3 0.86328125 0.1046875 0.07968750000000001 0.12812500000000002
3 0.9765625 0.5515625000000001 0.040625 0.053125000000000006
3 0.73359375 0.060937500000000006 0.09531250000000001 0.1
3 0.50234375 0.043750000000000004 0.0328125 0.053125000000000006
3 0.171875 0.039843750000000004 0.09375 0.0734375
3 0.11171875 0.09765625 0.0484375 0.0765625
3 0.153125 0.20625000000000002 0.053125000000000006 0.08750000000000001
3 0.22812500000000002 0.1640625 0.0625 0.053125000000000006
3 0.45625000000000004 0.21484375 0.053125000000000006 0.08281250000000001
3 0.29921875000000003 0.68515625 0.0328125 0.051562500000000004
3 0.58046875 0.69140625 0.029687500000000002 0.035937500000000004
3 0.3515625 0.8718750000000001 0.03125 0.084375
3 0.6195312500000001 0.9656250000000001 0.051562500000000004 0.046875
3 0.29140625000000003 0.7273437500000001 0.026562500000000003 0.0203125
3 0.19375 0.290625 0.040625 0.09062500000000001
3 0.15156250000000002 0.46328125000000003 0.021875000000000002 0.051562500000000004
3 0.1375 0.41250000000000003 0.021875000000000002 0.040625
3 0.22187500000000002 0.40468750000000003 0.065625 0.09062500000000001
3 0.55390625 0.19765625 0.0421875 0.06406250000000001
