3 0.36562500000000003 0.5515625000000001 0.10625000000000001 0.10625000000000001
3 0.67734375 0.28203125 0.1640625 0.1296875
3 0.59140625 0.384375 0.051562500000000004 0.09062500000000001
3 0.7132812500000001 0.5953125 0.09531250000000001 0.09375
3 0.984375 0.52734375 0.03125 0.1640625
3 0.18046875 0.09921875000000001 0.0734375 0.0734375
3 0.13515625 0.5734375 0.1078125 0.06875
3 0.05859375 0.6507812500000001 0.1015625 0.1203125
3 0.75703125 0.8890625000000001 0.1484375 0.2
3 0.63046875 0.74921875 0.06406250000000001 0.0921875
3 0.49531250000000004 0.7125 0.0625 0.065625
3 0.46406250000000004 0.6492187500000001 0.046875 0.060937500000000006
3 0.8375 0.43281250000000004 0.07187500000000001 0.17500000000000002
3 0.6140625000000001 0.8992187500000001 0.109375 0.0859375
3 0.503125 0.971875 0.07500000000000001 0.05625
3 0.40625 0.94140625 0.037500000000000006 0.060937500000000006
3 0.52109375 0.8015625000000001 0.051562500000000004 0.078125
