3 0.503125 0.1796875 0.11875000000000001 0.096875
3 0.36328125 0.1796875 0.0578125 0.06875
3 0.41015625 0.265625 0.0734375 0.06875
3 0.49843750000000003 0.26328125 0.053125000000000006 0.0234375
3 0.534375 0.09765625 0.037500000000000006 0.0421875
3 0.50703125 0.039843750000000004 0.051562500000000004 0.0203125
3 0.70625 0.025 0.053125000000000006 0.037500000000000006
3 0.065625 0.1328125 0.046875 0.025
3 0.15234375 0.32734375000000004 0.051562500000000004 0.045312500000000006
3 0.73984375 0.15781250000000002 0.051562500000000004 0.065625
3 0.91953125 0.15390625000000002 0.1609375 0.06406250000000001
3 0.8289062500000001 0.09296875 0.06406250000000001 0.029687500000000002
3 0.875 0.21250000000000002 0.040625 0.040625
3 0.94453125 0.26406250000000003 0.11093750000000001 0.07500000000000001
3 0.71484375 0.246875 0.1046875 0.053125000000000006
3 0.5484375 0.31875000000000003 0.08750000000000001 0.06875
3 0.44296875 0.34765625 0.1265625 0.0484375
3 0.7234375000000001 0.38906250000000003 0.16875 0.115625
3 0.9203125000000001 0.4265625 0.040625 0.021875000000000002
3 0.7328125000000001 0.5125000000000001 0.078125 0.028125
3 0.86484375 0.51484375 0.1171875 0.1078125
3 0.30703125000000003 0.38984375000000004 0.09531250000000001 0.0765625
3 0.37734375000000003 0.39687500000000003 0.0390625 0.043750000000000004
3 0.51796875 0.44140625 0.1234375 0.0546875
3 0.29921875000000003 0.47734375 0.0890625 0.035937500000000004
3 0.33828125000000003 0.54609375 0.1453125 0.060937500000000006
3 0.52578125 0.6390625000000001 0.1265625 0.140625
3 0.44296875 0.66171875 0.0890625 0.11406250000000001
3 0.503125 0.52734375 0.12812500000000002 0.1015625
3 0.39765625000000004 0.54453125 0.0484375 0.06406250000000001
3 0.25546875 0.6062500000000001 0.1078125 0.07500000000000001
3 0.17343750000000002 0.58125 0.07500000000000001 0.096875
3 0.060937500000000006 0.7625000000000001 0.11875000000000001 0.07187500000000001
3 0.06328125 0.82421875 0.0765625 0.0546875
3 0.0328125 0.9046875000000001 0.065625 0.078125
3 0.8718750000000001 0.91328125 0.065625 0.0734375
3 0.940625 0.93671875 0.065625 0.026562500000000003
3 0.9640625 0.9765625 0.06875 0.028125
3 0.18203125 0.91796875 0.06406250000000001 0.06406250000000001
3 0.34296875000000004 0.978125 0.08281250000000001 0.037500000000000006
3 0.23125 0.9906250000000001 0.028125 0.015625
3 0.27265625 0.925 0.0859375 0.08125
3 0.15078125 0.9945312500000001 0.045312500000000006 0.010937500000000001
3 0.19296875000000002 0.65625 0.0484375 0.040625
3 0.06171875 0.7046875 0.0546875 0.043750000000000004
3 0.49609375 0.7265625 0.0171875 0.018750000000000003
