3 0.15234375 0.09609375 0.0421875 0.0328125
3 0.13671875 0.23515625 0.0890625 0.08281250000000001
3 0.16015625 0.2 0.0484375 0.03125
3 0.4921875 0.24140625000000002 0.059375000000000004 0.051562500000000004
3 0.56015625 0.19296875000000002 0.035937500000000004 0.0578125
3 0.74140625 0.13593750000000002 0.0546875 0.03125
3 0.75 0.1640625 0.028125 0.03125
3 0.7328125000000001 0.21875 0.040625 0.046875
3 0.765625 0.23750000000000002 0.028125 0.03125
3 0.73359375 0.25625000000000003 0.060937500000000006 0.028125
3 0.5515625000000001 0.36171875000000003 0.109375 0.0578125
3 0.58828125 0.43359375 0.0421875 0.0390625
3 0.80859375 0.3328125 0.06406250000000001 0.037500000000000006
3 0.859375 0.2484375 0.065625 0.0625
3 0.93359375 0.275 0.0734375 0.053125000000000006
3 0.93359375 0.31796875 0.045312500000000006 0.0328125
3 0.8390625 0.30078125 0.053125000000000006 0.0421875
3 0.8539062500000001 0.3765625 0.09843750000000001 0.03125
3 0.8296875 0.41953125 0.05625 0.035937500000000004
3 0.7820312500000001 0.36875 0.045312500000000006 0.040625
3 0.8718750000000001 0.47109375000000003 0.028125 0.0203125
3 0.7195312500000001 0.5359375000000001 0.0703125 0.053125000000000006
3 0.7703125000000001 0.58515625 0.078125 0.0765625
3 0.5398437500000001 0.5078125 0.0484375 0.05
3 0.31953125000000004 0.48281250000000003 0.1078125 0.065625
3 0.28515625 0.42890625000000004 0.035937500000000004 0.035937500000000004
3 0.50234375 0.4234375 0.060937500000000006 0.043750000000000004
3 0.45703125 0.57734375 0.045312500000000006 0.029687500000000002
3 0.578125 0.68515625 0.037500000000000006 0.026562500000000003
3 0.6312500000000001 0.67890625 0.037500000000000006 0.0328125
3 0.6843750000000001 0.6937500000000001 0.043750000000000004 0.034375
3 0.6156250000000001 0.7210937500000001 0.12187500000000001 0.0484375
3 0.4859375 0.6953125 0.08750000000000001 0.040625
3 0.60546875 0.82734375 0.060937500000000006 0.0546875
3 0.8078125 0.8187500000000001 0.07187500000000001 0.065625
3 0.72265625 0.8171875000000001 0.0546875 0.07500000000000001
3 0.659375 0.85859375 0.053125000000000006 0.045312500000000006
3 0.6414062500000001 0.91328125 0.1078125 0.06406250000000001
3 0.7359375 0.9125000000000001 0.0625 0.05
3 0.8367187500000001 0.9390625 0.0671875 0.05
3 0.87890625 0.98359375 0.0234375 0.0328125
3 0.69140625 0.9617187500000001 0.0421875 0.035937500000000004
3 0.6335937500000001 0.9703125 0.0671875 0.05625
3 0.578125 0.96875 0.065625 0.037500000000000006
3 0.49609375 0.971875 0.0390625 0.025
3 0.52578125 0.9484375 0.0328125 0.040625
3 0.48984375 0.88203125 0.0203125 0.0203125
3 0.4625 0.946875 0.018750000000000003 0.018750000000000003
3 0.65234375 0.99765625 0.035937500000000004 0.004687500000000001
3 0.7000000000000001 0.9945312500000001 0.040625 0.010937500000000001
3 0.71875 0.984375 0.015625 0.015625
3 0.24296875 0.9226562500000001 0.035937500000000004 0.0234375
3 0.10312500000000001 0.909375 0.046875 0.043750000000000004
3 0.2921875 0.91953125 0.018750000000000003 0.0203125
3 0.3171875 0.93671875 0.021875000000000002 0.0171875
3 0.11093750000000001 0.9476562500000001 0.043750000000000004 0.0171875
3 0.22109375 0.9460937500000001 0.0234375 0.0203125
3 0.09531250000000001 0.7109375 0.018750000000000003 0.015625
3 0.06406250000000001 0.69296875 0.021875000000000002 0.0171875
3 0.06640625 0.85859375 0.0328125 0.029687500000000002
3 0.29921875000000003 0.59609375 0.045312500000000006 0.0484375
3 0.38125000000000003 0.57421875 0.028125 0.0234375
3 0.12578125 0.584375 0.045312500000000006 0.05
3 0.2078125 0.57421875 0.078125 0.0546875
3 0.25546875 0.58203125 0.029687500000000002 0.045312500000000006
3 0.40468750000000003 0.36171875000000003 0.109375 0.0578125
3 0.6179687500000001 0.5281250000000001 0.1078125 0.07187500000000001
3 0.5171875 0.7671875 0.05625 0.05
3 0.44062500000000004 0.7203125 0.046875 0.037500000000000006
