3 0.64609375 0.3671875 0.0734375 0.034375
3 0.57421875 0.35468750000000004 0.051562500000000004 0.025
3 0.6421875 0.33359375 0.0625 0.0234375
3 0.7507812500000001 0.31796875 0.0484375 0.0390625
3 0.83125 0.37109375 0.07187500000000001 0.0703125
3 0.403125 0.07421875 0.065625 0.035937500000000004
3 0.31562500000000004 0.0859375 0.05 0.037500000000000006
3 0.8828125 0.19140625 0.034375 0.060937500000000006
3 0.96796875 0.140625 0.0578125 0.040625
3 0.1765625 0.2625 0.037500000000000006 0.05625
3 0.5375 0.3765625 0.05 0.034375
3 0.58984375 0.6351562500000001 0.1265625 0.0484375
3 0.51171875 0.58984375 0.0390625 0.0328125
3 0.6023437500000001 0.66015625 0.0890625 0.0234375
3 0.65546875 0.74765625 0.0421875 0.0234375
3 0.53125 0.8382812500000001 0.06875 0.029687500000000002
3 0.85078125 0.796875 0.06406250000000001 0.059375000000000004
3 0.97265625 0.96484375 0.0546875 0.051562500000000004
3 0.27578125000000003 0.8851562500000001 0.0578125 0.035937500000000004
3 0.11015625000000001 0.8523437500000001 0.0859375 0.0390625
3 0.7351562500000001 0.77265625 0.060937500000000006 0.029687500000000002
3 0.74375 0.97578125 0.059375000000000004 0.0171875
3 0.7132812500000001 0.99140625 0.0390625 0.0140625
3 0.8617187500000001 0.91796875 0.07968750000000001 0.0234375
3 0.80078125 0.9007812500000001 0.0484375 0.0203125
3 0.58828125 0.89375 0.08281250000000001 0.028125
3 0.6203125 0.91796875 0.065625 0.0234375
3 0.21875 0.9851562500000001 0.059375000000000004 0.026562500000000003
3 0.12812500000000002 0.91015625 0.025 0.0390625
3 0.7296875 0.6625000000000001 0.040625 0.065625
