3 0.51953125 0.3328125 0.2890625 0.434375
3 0.37812500000000004 0.59921875 0.23750000000000002 0.2171875
3 0.29296875 0.671875 0.0671875 0.065625
3 0.63046875 0.9554687500000001 0.11406250000000001 0.0859375
3 0.9343750000000001 0.9 0.13125 0.1875
3 0.9007812500000001 0.6414062500000001 0.19843750000000002 0.3328125
3 0.8875000000000001 0.4578125 0.0625 0.084375
2 0.8203125 0.4109375 0.115625 0.253125
3 0.73203125 0.5875 0.08281250000000001 0.203125
3 0.13046875 0.44062500000000004 0.2609375 0.515625
3 0.11171875 0.08828125 0.22031250000000002 0.16718750000000002
3 0.37812500000000004 0.784375 0.109375 0.065625
3 0.7468750000000001 0.8367187500000001 0.13125 0.1796875
