3 0.08984375 0.9070312500000001 0.0890625 0.1015625
3 0.27265625 0.8328125000000001 0.19843750000000002 0.1625
3 0.325 0.953125 0.203125 0.08125
3 0.20390625 0.37265625 0.1546875 0.1234375
3 0.49921875000000004 0.41171875 0.4609375 0.2265625
3 0.26875 0.10859375 0.4 0.2109375
2 0.546875 0.0734375 0.11875000000000001 0.146875
3 0.7781250000000001 0.1046875 0.265625 0.209375
3 0.90390625 0.48125 0.1921875 0.34687500000000004
3 0.9546875 0.78828125 0.09062500000000001 0.2328125
3 0.6453125000000001 0.7507812500000001 0.1625 0.09843750000000001
