3 0.32109375 0.015625 0.0390625 0.03125
3 0.30078125 0.08515625 0.0234375 0.0140625
3 0.07968750000000001 0.32265625000000003 0.021875000000000002 0.0546875
3 0.5593750000000001 0.1078125 0.025 0.015625
3 0.55234375 0.07421875 0.0203125 0.026562500000000003
3 0.5320312500000001 0.06015625 0.0203125 0.0140625
3 0.8500000000000001 0.8015625000000001 0.025 0.028125
3 0.7117187500000001 0.20468750000000002 0.010937500000000001 0.034375
3 0.6953125 0.17578125 0.0125 0.0203125
3 0.63984375 0.1015625 0.026562500000000003 0.025
3 0.75703125 0.85859375 0.0390625 0.0203125
3 0.10312500000000001 0.640625 0.015625 0.034375
3 0.10625000000000001 0.675 0.037500000000000006 0.028125
3 0.034375 0.31875000000000003 0.028125 0.037500000000000006
3 0.05234375 0.030468750000000003 0.0140625 0.035937500000000004
3 0.029687500000000002 0.05 0.018750000000000003 0.046875
4 0.284375 0.353125 0.037500000000000006 0.10625000000000001
4 0.48203125 0.69296875 0.06406250000000001 0.0921875
4 0.7375 0.9031250000000001 0.109375 0.08125
3 0.51953125 0.61328125 0.0171875 0.0578125
3 0.58046875 0.52734375 0.026562500000000003 0.035937500000000004
4 0.7046875 0.53828125 0.125 0.06406250000000001
