3 0.31875000000000003 0.9773437500000001 0.037500000000000006 0.026562500000000003
3 0.3203125 0.8203125 0.040625 0.065625
3 0.24140625000000002 0.80234375 0.045312500000000006 0.035937500000000004
3 0.503125 0.87421875 0.09062500000000001 0.06406250000000001
3 0.56796875 0.9640625 0.035937500000000004 0.028125
3 0.55625 0.8250000000000001 0.07187500000000001 0.025
3 0.628125 0.7921875 0.028125 0.040625
3 0.7546875000000001 0.78828125 0.09062500000000001 0.1078125
3 0.7109375 0.72265625 0.08750000000000001 0.026562500000000003
3 0.7515625 0.6820312500000001 0.084375 0.0421875
3 0.6804687500000001 0.67734375 0.0484375 0.035937500000000004
3 0.728125 0.6414062500000001 0.05 0.060937500000000006
3 0.8625 0.9015625 0.1 0.037500000000000006
3 0.80390625 0.546875 0.029687500000000002 0.015625
3 0.3375 0.6609375000000001 0.09062500000000001 0.034375
3 0.35234375 0.6171875 0.08281250000000001 0.05
3 0.40703125 0.62890625 0.0578125 0.06406250000000001
3 0.45390625 0.6414062500000001 0.0546875 0.07968750000000001
