3 0.9164062500000001 0.215625 0.0578125 0.05
3 0.953125 0.084375 0.053125000000000006 0.037500000000000006
3 0.89765625 0.0890625 0.029687500000000002 0.028125
3 0.96796875 0.029687500000000002 0.035937500000000004 0.025
3 0.60859375 0.6585937500000001 0.035937500000000004 0.045312500000000006
3 0.66015625 0.6414062500000001 0.026562500000000003 0.0328125
3 0.4234375 0.82734375 0.037500000000000006 0.045312500000000006
3 0.38515625000000003 0.7890625 0.0328125 0.037500000000000006
3 0.853125 0.5945312500000001 0.025 0.035937500000000004
3 0.7609375 0.5281250000000001 0.034375 0.046875
3 0.909375 0.6515625 0.065625 0.037500000000000006
3 0.86484375 0.6671875 0.029687500000000002 0.053125000000000006
3 0.6257812500000001 0.78125 0.060937500000000006 0.025
