3 0.48281250000000003 0.9851562500000001 0.09062500000000001 0.026562500000000003
3 0.7078125000000001 0.9593750000000001 0.059375000000000004 0.03125
3 0.7484375000000001 0.9070312500000001 0.040625 0.035937500000000004
3 0.8367187500000001 0.940625 0.0921875 0.059375000000000004
3 0.9343750000000001 0.96796875 0.05 0.0328125
3 0.95078125 0.9234375 0.0578125 0.046875
3 0.9359375000000001 0.8367187500000001 0.10625000000000001 0.1203125
3 0.7742187500000001 0.8695312500000001 0.06406250000000001 0.035937500000000004
3 0.35468750000000004 0.80390625 0.0625 0.0421875
3 0.50234375 0.71640625 0.0671875 0.060937500000000006
3 0.5828125000000001 0.7914062500000001 0.06875 0.045312500000000006
3 0.44609375 0.690625 0.035937500000000004 0.0625
3 0.28125 0.8734375000000001 0.043750000000000004 0.09375
3 0.24140625000000002 0.83984375 0.029687500000000002 0.0234375
3 0.2078125 0.909375 0.07500000000000001 0.028125
3 0.13515625 0.9070312500000001 0.051562500000000004 0.0484375
3 0.21015625000000002 0.8500000000000001 0.029687500000000002 0.053125000000000006
3 0.92109375 0.74609375 0.0171875 0.0203125
3 0.79453125 0.74140625 0.029687500000000002 0.0171875
3 0.15000000000000002 0.7445312500000001 0.034375 0.0140625
3 0.12187500000000001 0.69140625 0.03125 0.0328125
3 0.2421875 0.51796875 0.0625 0.0390625
3 0.1953125 0.48046875 0.0625 0.0390625
3 0.259375 0.4078125 0.09062500000000001 0.05625
3 0.265625 0.46328125000000003 0.043750000000000004 0.0328125
3 0.35000000000000003 0.5234375 0.037500000000000006 0.05
3 0.30000000000000004 0.49296875 0.03125 0.029687500000000002
3 0.44843750000000004 0.47265625 0.043750000000000004 0.0328125
3 0.453125 0.39921875 0.040625 0.035937500000000004
3 0.5085937500000001 0.37812500000000004 0.035937500000000004 0.037500000000000006
3 0.5859375 0.36562500000000003 0.0625 0.037500000000000006
3 0.22890625 0.328125 0.1078125 0.084375
3 0.3296875 0.34453125 0.05625 0.0328125
3 0.44921875 0.3453125 0.0703125 0.025
3 0.38359375 0.3953125 0.0421875 0.059375000000000004
3 0.5328125 0.33359375 0.05 0.0328125
3 0.48046875 0.25625000000000003 0.11093750000000001 0.10312500000000001
3 0.6195312500000001 0.32578125 0.045312500000000006 0.029687500000000002
3 0.5734375 0.30312500000000003 0.034375 0.03125
3 0.59609375 0.259375 0.0421875 0.034375
3 0.65625 0.259375 0.05 0.040625
3 0.6781250000000001 0.30312500000000003 0.06875 0.021875000000000002
3 0.69140625 0.32734375000000004 0.0765625 0.029687500000000002
3 0.8601562500000001 0.3921875 0.0546875 0.025
3 0.91796875 0.3328125 0.0671875 0.065625
3 0.978125 0.27187500000000003 0.043750000000000004 0.040625
3 0.84296875 0.2015625 0.0390625 0.025
3 0.7828125 0.21015625000000002 0.05 0.029687500000000002
3 0.5640625 0.19062500000000002 0.053125000000000006 0.043750000000000004
3 0.6273437500000001 0.16796875 0.051562500000000004 0.0546875
3 0.51796875 0.14765625000000002 0.0421875 0.026562500000000003
3 0.41484375 0.18906250000000002 0.07968750000000001 0.043750000000000004
3 0.46796875000000004 0.13359375 0.0234375 0.0234375
3 0.6570312500000001 0.22109375 0.0671875 0.035937500000000004
3 0.48359375000000004 0.25546875 0.029687500000000002 0.035937500000000004
3 0.93515625 0.5765625 0.0328125 0.021875000000000002
3 0.81953125 0.42734375 0.0671875 0.0390625
3 0.49453125000000003 0.58125 0.0484375 0.03125
