3 0.5789062500000001 0.59921875 0.3484375 0.3921875
3 0.5875 0.8234375 0.328125 0.15937500000000002
3 0.6828125 0.9484375 0.065625 0.1
3 0.17890625000000002 0.47578125000000004 0.35781250000000003 0.44843750000000004
3 0.38515625000000003 0.43359375 0.0578125 0.13593750000000002
3 0.2015625 0.8367187500000001 0.109375 0.1640625
3 0.3125 0.77734375 0.109375 0.1328125
3 0.22421875000000002 0.9546875 0.17343750000000002 0.09062500000000001
3 0.3328125 0.89765625 0.059375000000000004 0.0421875
3 0.06484375 0.81796875 0.1203125 0.11093750000000001
3 0.0859375 0.29296875 0.06875 0.0484375
