3 0.41953125 0.59921875 0.3484375 0.3921875
3 0.4109375 0.8234375 0.328125 0.15937500000000002
3 0.31562500000000004 0.9484375 0.065625 0.1
3 0.81953125 0.47578125000000004 0.35781250000000003 0.44843750000000004
3 0.61328125 0.43359375 0.0578125 0.13593750000000002
3 0.796875 0.8367187500000001 0.109375 0.1640625
3 0.6859375000000001 0.77734375 0.109375 0.1328125
3 0.7742187500000001 0.9546875 0.17343750000000002 0.09062500000000001
3 0.665625 0.89765625 0.059375000000000004 0.0421875
3 0.93359375 0.81796875 0.1203125 0.11093750000000001
3 0.9125000000000001 0.29296875 0.06875 0.0484375
