3 0.8453125 0.33671875 0.084375 0.0703125
3 0.8656250000000001 0.26953125 0.065625 0.045312500000000006
3 0.9359375000000001 0.35781250000000003 0.065625 0.05625
3 0.98359375 0.4 0.0328125 0.046875
3 0.9539062500000001 0.484375 0.0921875 0.09375
3 0.98984375 0.48828125 0.0203125 0.06406250000000001
3 0.8812500000000001 0.46718750000000003 0.08750000000000001 0.07500000000000001
3 0.55 0.11953125 0.0625 0.0484375
3 0.5789062500000001 0.1453125 0.0546875 0.043750000000000004
3 0.4234375 0.28203125 0.059375000000000004 0.0484375
3 0.40078125000000003 0.25 0.0703125 0.053125000000000006
3 0.43984375000000003 0.22734375 0.029687500000000002 0.0234375
3 0.38906250000000003 0.23203125000000002 0.059375000000000004 0.0484375
3 0.5484375 0.24609375 0.043750000000000004 0.035937500000000004
3 0.5046875000000001 0.17343750000000002 0.034375 0.025
3 0.9304687500000001 0.603125 0.1390625 0.10312500000000001
3 0.8453125 0.5875 0.05 0.037500000000000006
3 0.6898437500000001 0.41953125 0.0421875 0.0328125
3 0.6781250000000001 0.38203125000000004 0.06875 0.0546875
3 0.81171875 0.40703125 0.0484375 0.0390625
3 0.86640625 0.41718750000000004 0.035937500000000004 0.025
3 0.5734375 0.40078125000000003 0.028125 0.0234375
3 0.546875 0.3796875 0.025 0.021875000000000002
3 0.62890625 0.42578125 0.0390625 0.026562500000000003
3 0.6015625 0.41718750000000004 0.028125 0.021875000000000002
3 0.6328125 0.5015625 0.053125000000000006 0.043750000000000004
3 0.63046875 0.5703125 0.1546875 0.1125
3 0.51328125 0.60546875 0.1453125 0.1171875
3 0.43281250000000004 0.59609375 0.1125 0.0921875
3 0.45937500000000003 0.5320312500000001 0.10625000000000001 0.0765625
3 0.46406250000000004 0.47500000000000003 0.07500000000000001 0.053125000000000006
3 0.47265625 0.4453125 0.035937500000000004 0.028125
3 0.43125 0.45390625 0.046875 0.0390625
3 0.390625 0.42265625 0.046875 0.0328125
3 0.35859375000000004 0.44296875 0.045312500000000006 0.035937500000000004
3 0.44296875 0.40078125000000003 0.0671875 0.051562500000000004
3 0.403125 0.38906250000000003 0.05625 0.043750000000000004
3 0.45390625 0.31796875 0.026562500000000003 0.0203125
3 0.26015625000000003 0.39375000000000004 0.0484375 0.034375
3 0.18906250000000002 0.44062500000000004 0.046875 0.037500000000000006
3 0.13046875 0.47578125000000004 0.0421875 0.029687500000000002
3 0.1265625 0.50625 0.040625 0.034375
3 0.08046875 0.5 0.035937500000000004 0.03125
3 0.09765625 0.51015625 0.0328125 0.029687500000000002
3 0.10546875 0.4859375 0.026562500000000003 0.018750000000000003
3 0.20468750000000002 0.56875 0.040625 0.03125
3 0.2828125 0.5921875 0.053125000000000006 0.034375
3 0.05859375 0.6546875000000001 0.0890625 0.065625
3 0.0671875 0.7054687500000001 0.08125 0.060937500000000006
3 0.13828125 0.63671875 0.1078125 0.08281250000000001
3 0.2078125 0.69453125 0.10625000000000001 0.0765625
3 0.15234375 0.6960937500000001 0.06406250000000001 0.0484375
3 0.1796875 0.7265625 0.037500000000000006 0.028125
3 0.03828125 0.78125 0.0765625 0.09062500000000001
3 0.06796875000000001 0.7601562500000001 0.0578125 0.0421875
3 0.11015625000000001 0.79453125 0.1765625 0.13593750000000002
3 0.19843750000000002 0.8132812500000001 0.13125 0.11093750000000001
3 0.26171875 0.8171875000000001 0.0921875 0.07187500000000001
3 0.2703125 0.75390625 0.08125 0.0671875
3 0.22968750000000002 0.7351562500000001 0.0625 0.0484375
3 0.27578125000000003 0.7039062500000001 0.0421875 0.0328125
3 0.035937500000000004 0.8359375 0.06875 0.046875
3 0.35859375000000004 0.85859375 0.0859375 0.060937500000000006
3 0.39687500000000003 0.78828125 0.09375 0.0671875
3 0.309375 0.6625000000000001 0.10312500000000001 0.078125
3 0.18203125 0.6117187500000001 0.029687500000000002 0.026562500000000003
3 0.15000000000000002 0.5921875 0.034375 0.028125
3 0.4546875 0.7273437500000001 0.08750000000000001 0.06406250000000001
3 0.52578125 0.703125 0.060937500000000006 0.046875
3 0.35781250000000003 0.7046875 0.046875 0.040625
3 0.5109375 0.7671875 0.040625 0.03125
3 0.46796875000000004 0.77265625 0.0421875 0.0328125
