3 0.7312500000000001 0.3296875 0.309375 0.40937500000000004
3 0.86328125 0.50390625 0.2265625 0.29531250000000003
3 0.9695312500000001 0.58984375 0.060937500000000006 0.1078125
3 0.9031250000000001 0.734375 0.19375 0.36250000000000004
3 0.7585937500000001 0.8382812500000001 0.30781250000000004 0.32343750000000004
2 0.56796875 0.88671875 0.1921875 0.2265625
3 0.63828125 0.9421875000000001 0.0734375 0.096875
3 0.6046875 0.69921875 0.15000000000000002 0.18906250000000002
3 0.328125 0.6546875000000001 0.40625 0.55
3 0.36328125 0.35625 0.2859375 0.4
3 0.39609375 0.2390625 0.1453125 0.21250000000000002
3 0.16953125000000002 0.24453125 0.33906250000000004 0.4890625
3 0.6109375 0.18046875 0.11875000000000001 0.1703125
