3 0.6585937500000001 0.78125 0.045312500000000006 0.0625
3 0.6234375000000001 0.8460937500000001 0.059375000000000004 0.0234375
3 0.74921875 0.8031250000000001 0.0328125 0.05
3 0.83359375 0.7953125000000001 0.0484375 0.03125
3 0.86640625 0.71015625 0.0484375 0.0890625
3 0.9171875 0.73203125 0.046875 0.0546875
3 0.7875000000000001 0.6898437500000001 0.040625 0.0703125
3 0.25078125 0.83203125 0.0421875 0.035937500000000004
3 0.29296875 0.8234375 0.0328125 0.037500000000000006
3 0.27109375 0.64453125 0.035937500000000004 0.0390625
3 0.22890625 0.6609375000000001 0.051562500000000004 0.037500000000000006
3 0.24296875 0.6960937500000001 0.0203125 0.0171875
3 0.20468750000000002 0.6703125000000001 0.03125 0.043750000000000004
3 0.34609375000000003 0.728125 0.0234375 0.03125
3 0.2546875 0.76875 0.025 0.018750000000000003
3 0.89375 0.875 0.03125 0.025
3 0.9609375 0.9867187500000001 0.065625 0.0171875
3 0.9859375 0.95078125 0.028125 0.0390625
3 0.98359375 0.8070312500000001 0.0171875 0.035937500000000004
3 0.93515625 0.6015625 0.1171875 0.065625
3 0.8500000000000001 0.5765625 0.034375 0.028125
3 0.5945312500000001 0.64609375 0.026562500000000003 0.026562500000000003
3 0.5554687500000001 0.6726562500000001 0.0421875 0.045312500000000006
3 0.6843750000000001 0.7093750000000001 0.03125 0.03125
3 0.73828125 0.7250000000000001 0.029687500000000002 0.015625
3 0.48515625 0.6109375 0.0171875 0.018750000000000003
3 0.446875 0.6179687500000001 0.015625 0.0171875
3 0.54921875 0.61484375 0.0328125 0.0140625
3 0.51953125 0.6101562500000001 0.0171875 0.0171875
3 0.6109375 0.5546875 0.028125 0.040625
3 0.6609375000000001 0.49843750000000003 0.11875000000000001 0.07500000000000001
3 0.5921875 0.41875 0.09062500000000001 0.09375
3 0.51875 0.39140625 0.0625 0.07968750000000001
3 0.4921875 0.4546875 0.084375 0.05
3 0.45234375000000004 0.50390625 0.060937500000000006 0.0328125
3 0.4375 0.5320312500000001 0.025 0.0203125
3 0.40859375000000003 0.5078125 0.026562500000000003 0.034375
3 0.3515625 0.51484375 0.037500000000000006 0.0203125
3 0.34218750000000003 0.484375 0.028125 0.028125
3 0.37812500000000004 0.55625 0.040625 0.043750000000000004
3 0.3359375 0.5476562500000001 0.037500000000000006 0.0328125
3 0.32343750000000004 0.6273437500000001 0.018750000000000003 0.0140625
3 0.22265625 0.48281250000000003 0.0390625 0.021875000000000002
3 0.20078125000000002 0.4140625 0.029687500000000002 0.03125
3 0.18046875 0.36015625 0.035937500000000004 0.0171875
3 0.19921875 0.33359375 0.0234375 0.029687500000000002
3 0.15703125 0.31875000000000003 0.0171875 0.028125
3 0.17890625000000002 0.3171875 0.0140625 0.028125
3 0.16718750000000002 0.34140625 0.018750000000000003 0.0140625
3 0.31093750000000003 0.31562500000000004 0.028125 0.025
3 0.39296875000000003 0.3296875 0.051562500000000004 0.015625
3 0.25703125 0.18203125 0.0671875 0.045312500000000006
3 0.30312500000000003 0.14453125 0.059375000000000004 0.0421875
3 0.309375 0.23203125000000002 0.07500000000000001 0.060937500000000006
3 0.41015625 0.21406250000000002 0.08281250000000001 0.05
3 0.36562500000000003 0.18906250000000002 0.043750000000000004 0.037500000000000006
3 0.4109375 0.17578125 0.03125 0.0171875
3 0.27187500000000003 0.009375000000000001 0.07187500000000001 0.018750000000000003
3 0.32343750000000004 0.0625 0.0625 0.078125
3 0.34609375000000003 0.10078125 0.0421875 0.029687500000000002
3 0.40625 0.09062500000000001 0.11875000000000001 0.10312500000000001
3 0.49296875 0.11328125 0.0671875 0.1015625
3 0.5484375 0.13671875 0.0625 0.0546875
3 0.50625 0.19140625 0.043750000000000004 0.0578125
3 0.45937500000000003 0.19062500000000002 0.037500000000000006 0.040625
3 0.47265625 0.23515625 0.029687500000000002 0.0234375
3 0.37812500000000004 0.0234375 0.059375000000000004 0.028125
3 0.659375 0.14453125 0.065625 0.0390625
3 0.6375000000000001 0.21796875000000002 0.07187500000000001 0.045312500000000006
3 0.46875 0.284375 0.07500000000000001 0.05625
3 0.32578125 0.27109375 0.010937500000000001 0.026562500000000003
3 0.284375 0.27265625 0.021875000000000002 0.0234375
3 0.63828125 0.29296875 0.06406250000000001 0.045312500000000006
3 0.67734375 0.34296875000000004 0.045312500000000006 0.0328125
3 0.540625 0.2703125 0.025 0.037500000000000006
3 0.7140625 0.28515625 0.03125 0.0203125
3 0.6828125 0.2625 0.028125 0.025
