3 0.89765625 0.013281250000000001 0.029687500000000002 0.026562500000000003
3 0.9695312500000001 0.0015625 0.0484375 0.003125
3 0.78671875 0.00078125 0.0171875 0.0015625
3 0.77890625 0.0921875 0.0578125 0.07500000000000001
3 0.8289062500000001 0.078125 0.0421875 0.053125000000000006
3 0.67734375 0.07734375 0.0234375 0.0234375
3 0.71015625 0.1078125 0.0421875 0.028125
3 0.8773437500000001 0.15000000000000002 0.1046875 0.046875
3 0.87890625 0.09609375 0.035937500000000004 0.029687500000000002
3 0.9546875 0.19687500000000002 0.09062500000000001 0.08125
3 0.9 0.26015625000000003 0.09375 0.06406250000000001
3 0.67890625 0.23125 0.1421875 0.1375
3 0.53671875 0.26640625 0.0421875 0.0546875
3 0.4859375 0.32578125 0.043750000000000004 0.0421875
3 0.5421875 0.32734375000000004 0.028125 0.0234375
3 0.5859375 0.340625 0.040625 0.028125
3 0.7976562500000001 0.3328125 0.035937500000000004 0.021875000000000002
3 0.73359375 0.3140625 0.0390625 0.025
3 0.8835937500000001 0.33125000000000004 0.0234375 0.03125
3 0.8367187500000001 0.26640625 0.0328125 0.0421875
3 0.796875 0.19687500000000002 0.043750000000000004 0.03125
3 0.7820312500000001 0.22031250000000002 0.035937500000000004 0.025
3 0.7625000000000001 0.24609375 0.015625 0.026562500000000003
3 0.73984375 0.47500000000000003 0.13593750000000002 0.06875
3 0.7976562500000001 0.54921875 0.1453125 0.0578125
3 0.8109375000000001 0.61484375 0.0625 0.0671875
3 0.6421875 0.60078125 0.05625 0.060937500000000006
3 0.6390625000000001 0.6484375 0.05 0.043750000000000004
3 0.7250000000000001 0.60703125 0.053125000000000006 0.0421875
3 0.54921875 0.6312500000000001 0.0390625 0.040625
3 0.56171875 0.665625 0.0546875 0.018750000000000003
3 0.50234375 0.64609375 0.0328125 0.029687500000000002
3 0.5171875 0.67890625 0.046875 0.035937500000000004
3 0.515625 0.7117187500000001 0.040625 0.029687500000000002
3 0.55625 0.7375 0.034375 0.040625
3 0.58046875 0.7046875 0.045312500000000006 0.025
3 0.93359375 0.8539062500000001 0.1078125 0.045312500000000006
3 0.971875 0.909375 0.05625 0.053125000000000006
3 0.96796875 0.7976562500000001 0.06406250000000001 0.06406250000000001
3 0.87890625 0.734375 0.060937500000000006 0.03125
3 0.9640625 0.59296875 0.053125000000000006 0.0546875
3 0.9632812500000001 0.49765625 0.0328125 0.06406250000000001
3 0.89375 0.54453125 0.040625 0.0234375
3 0.7507812500000001 0.8796875000000001 0.026562500000000003 0.028125
3 0.6351562500000001 0.853125 0.0484375 0.015625
3 0.70859375 0.925 0.0546875 0.021875000000000002
3 0.6546875000000001 0.940625 0.065625 0.028125
3 0.66953125 0.9609375 0.029687500000000002 0.028125
3 0.71015625 0.9812500000000001 0.051562500000000004 0.03125
3 0.71640625 0.95703125 0.0421875 0.026562500000000003
3 0.5164062500000001 0.8226562500000001 0.0671875 0.0328125
3 0.4 0.73046875 0.046875 0.0390625
3 0.2984375 0.703125 0.03125 0.028125
3 0.37812500000000004 0.6414062500000001 0.07187500000000001 0.051562500000000004
3 0.35703125 0.7078125000000001 0.0328125 0.037500000000000006
3 0.2859375 0.5906250000000001 0.03125 0.037500000000000006
3 0.041406250000000006 0.584375 0.0765625 0.05
3 0.021875000000000002 0.62890625 0.043750000000000004 0.045312500000000006
3 0.415625 0.06875 0.037500000000000006 0.037500000000000006
3 0.37343750000000003 0.08828125 0.037500000000000006 0.0234375
3 0.4265625 0.1390625 0.025 0.025
3 0.43203125000000003 0.20859375000000002 0.0234375 0.0171875
3 0.53125 0.043750000000000004 0.040625 0.037500000000000006
3 0.60859375 0.06875 0.0546875 0.065625
3 0.6328125 0.1421875 0.0625 0.025
3 0.5984375000000001 0.0023437500000000003 0.025 0.004687500000000001
3 0.57265625 0.43593750000000003 0.0546875 0.043750000000000004
