3 0.4109375 0.15000000000000002 0.20625000000000002 0.29375
3 0.24296875 0.12812500000000002 0.1234375 0.246875
3 0.13515625 0.055468750000000004 0.0484375 0.08281250000000001
3 0.09140625000000001 0.1703125 0.18281250000000002 0.284375
3 0.1078125 0.44765625000000003 0.215625 0.27968750000000003
2 0.22265625 0.66328125 0.1171875 0.2234375
3 0.15000000000000002 0.60703125 0.046875 0.0765625
3 0.50546875 0.7468750000000001 0.3046875 0.415625
3 0.6484375 0.5171875 0.234375 0.22187500000000002
3 0.6765625000000001 0.42421875000000003 0.1625 0.09531250000000001
3 0.6273437500000001 0.33359375 0.1296875 0.0578125
3 0.8289062500000001 0.20859375000000002 0.0671875 0.0890625
3 0.87890625 0.671875 0.2390625 0.44375000000000003
3 0.30859375 0.50390625 0.0765625 0.1421875
