3 0.5875 0.8484375000000001 0.20625000000000002 0.29375
3 0.75546875 0.8703125 0.1234375 0.246875
3 0.86328125 0.94296875 0.0484375 0.08281250000000001
3 0.9078125 0.828125 0.184375 0.284375
3 0.8914062500000001 0.55078125 0.2171875 0.27968750000000003
2 0.7757812500000001 0.33437500000000003 0.1171875 0.22187500000000002
3 0.8484375000000001 0.39140625 0.046875 0.0765625
3 0.49296875 0.2515625 0.3046875 0.415625
3 0.35078125000000004 0.48046875 0.23593750000000002 0.22031250000000002
3 0.32265625000000003 0.57421875 0.1609375 0.09531250000000001
3 0.37109375 0.6648437500000001 0.1296875 0.0578125
3 0.16953125000000002 0.7898437500000001 0.0671875 0.0890625
3 0.11953125 0.32656250000000003 0.2390625 0.44375000000000003
3 0.6898437500000001 0.49453125000000003 0.0765625 0.1421875
