3 0.7585937500000001 0.15156250000000002 0.20468750000000002 0.234375
3 0.20390625 0.059375000000000004 0.09843750000000001 0.10625000000000001
3 0.33203125 0.05625 0.0421875 0.059375000000000004
3 0.50625 0.06875 0.11875000000000001 0.12812500000000002
3 0.6023437500000001 0.11093750000000001 0.0703125 0.09062500000000001
3 0.6203125 0.018750000000000003 0.037500000000000006 0.037500000000000006
3 0.065625 0.0171875 0.065625 0.034375
3 0.3140625 0.33437500000000003 0.06875 0.08125
3 0.26406250000000003 0.265625 0.05625 0.040625
3 0.08515625 0.26484375 0.051562500000000004 0.0546875
3 0.146875 0.22890625 0.07500000000000001 0.0734375
3 0.48359375000000004 0.28046875 0.07968750000000001 0.1078125
3 0.5625 0.2734375 0.06875 0.115625
3 0.6898437500000001 0.3796875 0.2171875 0.15937500000000002
3 0.6898437500000001 0.51796875 0.1015625 0.16718750000000002
3 0.48125 0.64453125 0.1375 0.15156250000000002
3 0.44140625 0.47187500000000004 0.0890625 0.19062500000000002
3 0.47500000000000003 0.359375 0.078125 0.053125000000000006
3 0.3640625 0.45937500000000003 0.07187500000000001 0.13125
3 0.43281250000000004 0.7578125 0.1 0.10312500000000001
3 0.5828125000000001 0.74765625 0.0625 0.0484375
3 0.2078125 0.70234375 0.084375 0.23593750000000002
3 0.0765625 0.39375000000000004 0.10625000000000001 0.03125
3 0.11875000000000001 0.08125 0.043750000000000004 0.046875
