3 0.53046875 0.2859375 0.029687500000000002 0.025
3 0.9773437500000001 0.3984375 0.045312500000000006 0.028125
4 0.5945312500000001 0.27187500000000003 0.0890625 0.11875000000000001
4 0.45078125 0.10546875 0.1453125 0.06406250000000001
4 0.90625 0.032031250000000004 0.125 0.06406250000000001
3 0.4078125 0.37343750000000003 0.05 0.040625
3 0.3171875 0.39921875 0.053125000000000006 0.0171875
3 0.48828125 0.4546875 0.026562500000000003 0.025
3 0.7515625 0.82734375 0.021875000000000002 0.0234375
3 0.9671875000000001 0.15234375 0.037500000000000006 0.026562500000000003
3 0.4703125 0.05 0.021875000000000002 0.0125
