3 0.48984375 0.34765625 0.026562500000000003 0.0421875
3 0.48984375 0.27265625 0.035937500000000004 0.0703125
3 0.52578125 0.33906250000000004 0.029687500000000002 0.053125000000000006
3 0.57421875 0.39765625000000004 0.0390625 0.051562500000000004
3 0.12109375 0.75390625 0.035937500000000004 0.0328125
3 0.10859375 0.7039062500000001 0.0390625 0.026562500000000003
3 0.13984375000000002 0.66171875 0.0203125 0.0421875
3 0.95078125 0.31640625 0.0234375 0.029687500000000002
3 0.9031250000000001 0.240625 0.040625 0.028125
3 0.8835937500000001 0.14375000000000002 0.0390625 0.034375
3 0.9695312500000001 0.08828125 0.0203125 0.026562500000000003
3 0.9859375 0.1171875 0.021875000000000002 0.034375
3 0.1234375 0.39687500000000003 0.025 0.043750000000000004
3 0.628125 0.253125 0.018750000000000003 0.025
3 0.796875 0.81796875 0.037500000000000006 0.0484375
