3 0.01015625 0.3328125 0.0203125 0.096875
3 0.0140625 0.44062500000000004 0.028125 0.1
3 0.16328125000000002 0.084375 0.0765625 0.16875
3 0.28515625 0.0625 0.0921875 0.09375
3 0.2078125 0.23046875 0.040625 0.1203125
3 0.1625 0.31328125 0.059375000000000004 0.0734375
3 0.2609375 0.22968750000000002 0.037500000000000006 0.10625000000000001
3 0.15625 0.42421875000000003 0.053125000000000006 0.11406250000000001
3 0.18125000000000002 0.49375 0.07187500000000001 0.046875
3 0.1484375 0.63203125 0.025 0.045312500000000006
3 0.03828125 0.74140625 0.0765625 0.0421875
3 0.16015625 0.75390625 0.0390625 0.0765625
3 0.45234375000000004 0.31328125 0.035937500000000004 0.1921875
3 0.56875 0.38046875 0.078125 0.1421875
3 0.60859375 0.496875 0.035937500000000004 0.065625
