2 0.9474226804123712 0.4825949367088608 0.10515463917525773 0.5348101265822784
2 0.8350515463917526 0.7246835443037974 0.2061855670103093 0.3670886075949367
2 0.6752577319587629 0.7689873417721519 0.15876288659793814 0.2974683544303797
2 0.7814432989690722 0.314873417721519 0.18556701030927836 0.47151898734177217
2 0.554639175257732 0.8591772151898734 0.2020618556701031 0.28164556962025317
2 0.6134020618556701 0.30854430379746833 0.22474226804123712 0.5664556962025317
2 0.5402061855670103 0.4731012658227848 0.1731958762886598 0.2310126582278481
2 0.3154639175257732 0.8291139240506329 0.18144329896907216 0.3227848101265823
2 0.3752577319587629 0.5458860759493671 0.2061855670103093 0.3449367088607595
2 0.09381443298969072 0.8575949367088608 0.16701030927835053 0.2848101265822785
2 0.10412371134020619 0.6439873417721519 0.19175257731958764 0.1550632911392405
2 0.1443298969072165 0.43196202531645567 0.21443298969072166 0.33860759493670883
2 0.2577319587628866 0.16772151898734178 0.21030927835051547 0.33544303797468356
2 0.41855670103092785 0.1629746835443038 0.11958762886597939 0.3259493670886076
