2 0.8851174934725848 0.36036036036036034 0.2297650130548303 0.3483483483483483
2 0.6984334203655352 0.31681681681681684 0.2010443864229765 0.27927927927927926
2 0.8328981723237598 0.7492492492492493 0.2349869451697128 0.44744744744744747
2 0.545691906005222 0.18168168168168167 0.2558746736292428 0.36336336336336333
2 0.6201044386422977 0.7432432432432432 0.2845953002610966 0.5135135135135135
2 0.5274151436031331 0.5990990990990991 0.2193211488250653 0.21921921921921922
2 0.24281984334203655 0.25975975975975973 0.2297650130548303 0.30930930930930933
2 0.3185378590078329 0.5285285285285285 0.26109660574412535 0.3303303303303303
2 0.08093994778067885 0.6381381381381381 0.1618798955613577 0.3213213213213213
2 0.16971279373368148 0.8633633633633634 0.26631853785900783 0.2732732732732733
2 0.3733681462140992 0.8693693693693694 0.1514360313315927 0.26126126126126126
